32 1
0
2
1
24
2
15
3
12
4
18
4
5
6
22
0
7
8
18
4
9
3
10
11
27
9
12
2
13
2
14
2
15
16
24
15
17
4
18
10
19
16
20
8
21
14
22
23
24
0
24
7
25
25
26
10
27
15
28
13
29
19
30
2
31
0.052186
0.325133
0.942495
0.191931
0.416769
0.069021
0.352856
0.514828
0.156027
0.162322
0.006551
0.810407
0.666114
0.27923
0.354133
0.444247
0.446693
0.596883
0.873133
0.108683
0.363866
0.051438
0.80537
0.031249
0.321348
0.721179
0.051887
0.358723
0.688388
0.154641
0.973493
0.234523
0.174098
0.554606
0.216835
0.079092
0.578522
0.50304
0.266162
0.196399
0.59973
0.405783
0.758107
0.512379
0.786398
0.673268
0.538153
0.382655
0.724845
0.985906
0.815881
0.607625
0.554963
0.669304
0.197788
0.084561
0.076167
0.745496
0.153051
0.533975
0.630173
0.95728
0.128685
0.114723
0.766506
0.86875
0.215522
0.496869
0.773945
0.409825
0.108168
0.037425
0.69097
0.651098
0.351537
0.401376
0.404521
0.596276
0.364191
0.513661
0.506938
0.496101
0.935275
0.93752
0.78202
0.274916
0.555576
0.12574
0.931808
0.031889
0.859669
0.839254
0.052386
0.927221
0.596819
0.67172
0.830447
0.529214
0.292476
0.599834
0.720632
0.231676
0.273415
0.228014
0.608372
0.820664
0.363861
0.236307
0.251199
0.881463
0.110382
0.883133
0.354811
0.335927
0.96417
0.917263
0.575539
0.975031
0.209846
0.466761
0.261518
0.398104
0.559191
0.078775
0.895203
0.031009
0.298494
0.830457