32 1
0
25
1
22
2
8
3
8
4
24
5
15
6
15
7
22
3
8
9
10
10
13
10
11
12
26
13
26
14
25
5
15
16
21
16
17
18
29
17
19
20
31
16
21
22
24
19
23
19
24
22
25
9
26
27
28
11
28
29
31
25
30
12
31
0.971355
0.719499
0.844338
0.881619
0.21664
0.073901
0.561271
0.445426
0.585206
0.241751
0.047328
0.767306
0.951856
0.678528
0.020628
0.419251
0.346047
0.042381
0.119074
0.807203
0.592226
0.779316
0.485458
0.280156
0.136473
0.518051
0.455237
0.633981
0.171154
0.292566
0.42202
0.441074
0.955964
0.278327
0.727807
0.425205
0.248792
0.214672
0.417834
0.836061
0.597527
0.105453
0.91226
0.241302
0.970768
0.13571
0.882188
0.925478
0.16488
0.043776
0.284151
0.990089
0.015659
0.394827
0.345581
0.318921
0.524651
0.476754
0.438474
0.337469
0.034467
0.220672
0.517172
0.112175
0.449453
0.581074
0.631607
0.548516
0.34548
0.659956
0.890808
0.533147
0.529376
0.822318
0.06654
0.728586
0.094252
0.902661
0.128417
0.283574
0.086938
0.538251
0.971472
0.456912
0.369496
0.750579
0.772336
0.571988
0.767703
0.044328
0.305985
0.978616
0.394518
0.451008
0.412288
0.460761
0.730583
0.652848
0.98558
0.308279
0.255454
0.721414
0.826765
0.151902
0.494931
0.645382
0.653617
0.832184
0.342862
0.778306
0.530411
0.325071
0.006751
0.849834
0.085916
0.196979
0.161364
0.01379
0.788012
0.483482
0.122917
0.519488
0.430672
0.666272
0.615045
0.244124
0.266984
0.278311