32 1
0
1
1
9
1
2
3
27
4
14
5
13
6
9
7
12
8
20
9
16
10
13
11
15
0
12
13
24
4
14
15
21
6
16
4
17
6
18
4
19
4
20
17
21
15
22
19
23
24
27
25
29
21
26
25
27
19
28
0
29
11
30
8
31
0.458491
0.020436
0.625769
0.039239
0.609806
0.781364
0.507274
0.593687
0.785969
0.524962
0.321254
0.911101
0.658775
0.86941
0.538126
0.092229
0.222883
0.812666
0.816075
0.426967
0.517623
0.469132
0.577519
0.310476
0.50705
0.619856
0.972645
0.344991
0.378202
0.553354
0.033742
0.531068
0.14654
0.523959
0.821698
0.283959
0.373778
0.808372
0.17715
0.358277
0.450213
0.923404
0.486407
0.11081
0.168856
0.292533
0.829055
0.191815
0.334356
0.161773
0.984528
0.953588
0.510722
0.572829
0.124954
0.947409
0.798474
0.776728
0.091674
0.173602
0.990375
0.491292
0.083752
0.049642
0.743116
0.093918
0.48907
0.476052
0.997002
0.135087
0.387445
0.663449
0.40343
0.945014
0.661275
0.656086
0.132377
0.292263
0.051635
0.152031
0.607987
0.239925
0.583074
0.974422
0.515236
0.167752
0.927488
0.871938
0.492826
0.539662
0.871437
0.833051
0.529463
0.409658
0.485948
0.211225
0.647255
0.317793
0.307506
0.604038
0.262168
0.425123
0.90799
0.709697
0.511061
0.589091
0.447219
0.469284
0.446077
0.54632
0.759831
0.080822
0.070873
0.323722
0.269344
0.049244
0.379642
0.57284
0.594349
0.821281
0.092917
0.0188
0.630682
0.881467
0.838653
0.640183
0.999571
0.342956