32 1
0
24
1
8
2
18
3
5
4
7
5
23
6
19
7
27
8
19
9
10
10
12
11
29
6
12
13
16
14
25
2
15
16
19
2
17
8
18
19
28
11
20
21
22
22
29
22
23
17
24
1
25
22
26
27
28
28
30
1
29
12
30
5
31
0.670353
0.026463
0.823488
0.938982
0.946834
0.387052
0.952478
0.89268
0.467021
0.485815
0.607588
0.954097
0.95565
0.110708
0.596117
0.32909
0.764355
0.803189
0.679011
0.847408
0.328249
0.793135
0.124926
0.899016
0.220671
0.021105
0.074913
0.558407
0.128037
0.87087
0.765997
0.335633
0.823978
0.692201
0.889725
0.612419
0.849142
0.532489
0.720522
0.923948
0.66713
0.385041
0.967345
0.013762
0.530795
0.761638
0.395379
0.797228
0.890025
0.956987
0.591948
0.748755
0.292179
0.760457
0.378647
0.561309
0.239856
0.424938
0.241742
0.16642
0.575476
0.174339
0.214383
0.13411
0.972476
0.889614
0.806024
0.957828
0.978158
0.021694
0.147124
0.446905
0.851719
0.259062
0.910478
0.028894
0.474654
0.01883
0.027076
0.243886
0.697904
0.389275
0.04569
0.549706
0.095591
0.788117
0.947709
0.079614
0.235525
0.434745
0.519997
0.022242
0.417255
0.151621
0.888236
0.609138
0.185346
0.886087
0.421369
0.998616
0.301852
0.64417
0.598809
0.40301
0.871258
0.302975
0.292834
0.428144
0.623957
0.586886
0.206149
0.33963
0.443781
0.375768
0.222736
0.856737
0.886415
0.77706
0.999798
0.254888
0.537205
0.057596
0.208009
0.381203
0.419208
0.980539
0.431267
0.852532