32 1
0
9
1
8
2
31
0
3
4
25
0
5
6
22
7
11
8
11
9
19
10
11
4
11
12
30
13
30
14
25
15
25
5
16
6
17
3
18
14
19
20
30
19
21
0
22
14
23
22
24
25
26
26
28
0
27
17
28
13
29
30
31
8
31
0.524395
0.946092
0.411237
0.724627
0.244918
0.802086
0.654731
0.233909
0.346123
0.502148
0.614683
0.443263
0.646973
0.443893
0.674175
0.541701
0.725773
0.842076
0.087946
0.764818
0.837356
0.914177
0.948946
0.770688
0.52237
0.666081
0.692952
0.61961
0.473647
0.312609
0.618439
0.440607
0.378115
0.736381
0.047569
0.705458
0.771102
0.948964
0.348567
0.141936
0.374551
0.249967
0.671981
0.794212
0.742132
0.304163
0.948732
0.168237
0.737862
0.144269
0.742852
0.695672
0.365811
0.827521
0.46978
0.195973
0.536926
0.629352
0.390493
0.344216
0.480957
0.344152
0.149531
0.09028
0.124045
0.28173
0.186875
0.832998
0.396568
0.24426
0.789514
0.608378
0.70907
0.325676
0.165591
0.97852
0.541215
0.941456
0.869591
0.935991
0.301395
0.245861
0.381616
0.129213
0.221889
0.515418
0.357967
0.238984
0.162134
0.908179
0.169285
0.704285
0.422076
0.449859
0.854314
0.955377
0.411429
0.941193
0.526326
0.400061
0.594189
0.36032
0.801616
0.457404
0.910705
0.6072
0.677267
0.762253
0.05565
0.366515
0.779632
0.963252
0.293784
0.74687
0.16828
0.45141
0.5246
0.559363
0.274871
0.293552
0.564642
0.005546
0.457329
0.754993
0.409932
0.67118
0.237999
0.452744