32 1
0
11
1
28
2
5
3
17
4
9
5
22
6
22
2
7
8
15
9
25
10
28
11
12
8
12
13
21
12
14
0
15
16
25
17
31
0
18
4
19
12
20
21
24
11
22
2
23
24
30
11
25
2
26
27
31
21
28
29
31
8
30
0
31
0.10369
0.559378
0.757602
0.594525
0.081008
0.930968
0.555099
0.363262
0.346265
0.014439
0.868765
0.67548
0.028156
0.571368
0.561843
0.527928
0.646105
0.134818
0.348878
0.974068
0.263378
0.752341
0.965477
0.196151
0.022093
0.776738
0.242943
0.799871
0.466809
0.42954
0.860194
0.912978
0.117439
0.388289
0.951563
0.457602
0.720506
0.055648
0.241182
0.609568
0.335832
0.054323
0.330714
0.783947
0.179292
0.069442
0.283279
0.832806
0.500061
0.898806
0.269997
0.073521
0.578259
0.586405
0.993087
0.042416
0.15949
0.715861
0.249462
0.124145
0.460627
0.019025
0.351314
0.782896
0.380886
0.763914
0.166592
0.629829
0.697539
0.163365
0.329101
0.361587
0.983926
0.475552
0.753913
0.141857
0.852247
0.949009
0.554101
0.280065
0.871618
0.763793
0.275704
0.477895
0.070246
0.794395
0.030674
0.262206
0.563713
0.708582
0.518765
0.932399
0.73243
0.199852
0.069703
0.72332
0.481455
0.684916
0.23492
0.426595
0.744354
0.008682
0.927189
0.715002
0.488057
0.95947
0.119774
0.000402
0.702812
0.368136
0.080059
0.395506
0.644111
0.78415
0.243757
0.295221
0.498799
0.788418
0.789176
0.35472
0.148352
0.140854
0.291454
0.342121
0.701797
0.016911
0.77973
0.391815