32 1
0
2
1
24
2
16
3
14
4
28
3
5
6
25
7
25
8
16
9
26
2
10
11
19
12
23
12
13
6
14
15
26
16
31
17
29
18
27
7
19
20
24
5
21
22
30
23
27
24
26
14
25
11
26
10
27
28
29
21
29
1
30
20
31
0.18234
0.777333
0.974109
0.16827
0.335263
0.489793
0.069743
0.635566
0.347739
0.868077
0.055431
0.698862
0.126365
0.78833
0.214865
0.829972
0.760336
0.26882
0.546921
0.575411
0.622462
0.7234
0.262157
0.828364
0.991998
0.51253
0.658815
0.827358
0.006143
0.449431
0.640974
0.45861
0.829737
0.089309
0.412171
0.202509
0.860211
0.53966
0.351402
0.567021
0.878129
0.074847
0.315367
0.842977
0.821453
0.574793
0.79174
0.84108
0.861691
0.74869
0.789258
0.875414
0.940411
0.649884
0.277585
0.262965
0.111259
0.732383
0.090152
0.971638
0.783226
0.722265
0.119804
0.707187
0.986097
0.760925
0.233131
0.5948
0.51018
0.131924
0.433403
0.479973
0.567733
0.510151
0.913378
0.893303
0.640445
0.37591
0.040662
0.965363
0.784138
0.073921
0.240194
0.269469
0.227871
0.041002
0.22564
0.31165
0.613819
0.081834
0.85676
0.00787
0.744811
0.570004
0.435431
0.047475
0.500394
0.129204
0.24416
0.67067
0.750874
0.12315
0.088825
0.485917
0.284467
0.86878
0.674129
0.973695
0.935021
0.041951
0.350412
0.49152
0.761864
0.3418
0.131114
0.410701
0.875885
0.094575
0.652831
0.897167
0.315288
0.525528
0.560646
0.473343
0.135731
0.620337
0.193918
0.571411