32 1
0
22
1
14
2
3
3
22
4
7
5
20
6
8
7
8
7
8
9
28
10
20
11
13
5
12
13
26
14
25
3
15
16
26
12
17
7
18
19
29
4
20
21
28
22
24
17
23
24
30
11
25
12
26
23
27
13
28
14
29
10
30
7
31
0.860682
0.29796
0.570257
0.460709
0.967284
0.973596
0.796734
0.776731
0.678116
0.589844
0.9908
0.661278
0.320417
0.781562
0.53531
0.898639
0.647792
0.33314
0.839837
0.37593
0.372361
0.741232
0.176659
0.041728
0.65391
0.986627
0.39406
0.719941
0.903359
0.029699
0.818029
0.117611
0.300322
0.784677
0.448184
0.353856
0.787387
0.386627
0.84372
0.468338
0.07
0.044482
0.348781
0.148971
0.452343
0.528034
0.505684
0.644603
0.676736
0.047318
0.137928
0.656108
0.560258
0.42141
0.65362
0.731033
0.152003
0.052696
0.144095
0.392329
0.85236
0.716296
0.187323
0.104338
0.467167
0.933675
0.179019
0.438874
0.026313
0.106243
0.489877
0.051114
0.52047
0.490801
0.22811
0.383369
0.079752
0.357836
0.54302
0.566309
0.924718
0.161955
0.541437
0.540156
0.843571
0.399571
0.545892
0.679487
0.331453
0.987469
0.335949
0.32023
0.843017
0.729867
0.873658
0.475124
0.688977
0.947181
0.573253
0.653365
0.962864
0.703815
0.546846
0.203829
0.531874
0.196869
0.469944
0.133661
0.043896
0.397323
0.351188
0.892913
0.663671
0.028955
0.185186
0.351201
0.931181
0.347686
0.961453
0.23632
0.391206
0.930579
0.331926
0.490104
0.971958
0.228954
0.496884
0.955093