32 1
0
21
1
20
2
20
3
13
4
30
5
29
6
24
0
7
8
31
9
26
10
25
11
30
12
14
13
14
8
14
15
28
5
16
17
28
5
18
19
25
6
20
10
21
10
22
11
23
20
24
23
25
13
26
4
27
23
28
11
29
14
30
4
31
0.503092
0.172444
0.768963
0.197324
0.760183
0.724204
0.771697
0.74221
0.918444
0.154451
0.056391
0.32492
0.7815
0.509276
0.266701
0.31586
0.418321
0.475079
0.365098
0.912486
0.514706
0.811173
0.358422
0.321724
0.387296
0.898114
0.975084
0.995685
0.036433
0.296506
0.162999
0.165307
0.43193
0.369807
0.790144
0.976701
0.458234
0.972414
0.221554
0.976147
0.361344
0.778535
0.111694
0.361252
0.72063
0.295736
0.959628
0.136969
0.336428
0.74562
0.990028
0.041577
0.243827
0.370566
0.825208
0.240234
0.580274
0.20655
0.126571
0.57192
0.21896
0.099269
0.969059
0.055463
0.978243
0.717263
0.316418
0.025611
0.080879
0.263538
0.884633
0.068057
0.134985
0.990054
0.53597
0.907917
0.119345
0.496468
0.170835
0.690973
0.043761
0.375562
0.260902
0.372885
0.744311
0.545922
0.582979
0.44621
0.093956
0.041329
0.829139
0.876508
0.791082
0.705963
0.561245
0.120518
0.869883
0.134383
0.856914
0.120373
0.495921
0.55171
0.691009
0.230333
0.309357
0.873176
0.995513
0.218678
0.923977
0.775621
0.089742
0.900361
0.236053
0.563721
0.06758
0.014444
0.322876
0.84947
0.465235
0.012138
0.438512
0.150083
0.20624
0.835588
0.316031
0.257793
0.260056
0.682816