44.97027227999999	23.067708100000004	19.194794159999994	19.871559460000004	23.450037840000007	19.937832760000003	21.508870260000002	19.51875434	21.03411636	19.117812959999995	21.98859725999999	17.3728449	20.018484319999995	17.087845300000005	18.737834799999998	21.253831539999993	21.929328040000005	17.3906991	21.525067987777778	6.140612763554319
47.18403914000001	22.972061319999995	20.049569860000002	20.98017952	23.3732448	21.535298100000006	21.8117702	21.09719158	20.03952182	20.407744660000002	21.8684572	18.332240480000003	20.0353097	18.85022164	22.65076028	16.907435540000005	22.380940364999997	6.834435672328266
23.014729180000003	19.034046620000005	21.97899458	21.77075952	22.020660059999997	22.855572219999996	21.48727872	20.701959940000002	19.278454299999996	19.98890988000001	19.083773939999997	20.451254360000004	19.98283188	20.896094246153844	1.3886778863763316
20.02226538	21.961924520000004	21.414017979999997	21.91158765999999	22.516765760000002	21.91367590000001	20.63191328	20.338725880000005	20.053361399999993	19.801006559999998	22.87834491999999	20.188602159999995	21.136015949999997	1.0825085333566358
20.14524532	22.0735009	22.914611559999997	21.955882739999993	22.981096320000006	21.873763580000006	20.84535036	19.53154406	19.996772259999997	20.53060196	22.625103260000007	21.406679301818187	1.2401385482859189
20.1453632	22.237540259999996	22.703720479999998	22.03778838	22.962884279999997	22.072203700000003	20.95377234	19.463318839999996	20.613164340000004	22.618110380000008	22.941429219999996	21.70448140181818	1.2118364390906375
19.995542719999996	22.174873199999993	22.492339340000008	22.010462739999998	22.866753459999995	21.99810935999999	20.533225360000007	20.79440774	20.08172142	22.03954548	22.947800959999995	21.630434707272727	1.0827927986785557
20.076473179999997	22.018771380000004	22.727868979999993	22.870525500000003	22.304850440000006	20.960028479999995	20.718121659999998	19.843341839999997	22.44384442	22.926228299999995	21.689005418	1.1806070554097938
20.027385479999996	21.984045699999996	23.103544879999994	22.98603472	21.94660716	21.055766420000005	20.949598420000008	19.835381460000004	22.775800940000007	22.735455900000005	21.739962108	1.2125019374076509
19.99841524	22.068227	22.755790220000005	22.881610739999992	22.118995760000008	20.86557286	20.960312899999998	20.164620619999997	22.837395000000004	22.939207879999998	21.759014822	1.1601105195219115
20.01974462	22.031164700000005	22.962257579999996	23.060143960000005	21.960422060000006	21.01135658	21.298073479999992	20.694267319999994	23.01025426	22.811145880000012	21.885883044000003	1.0902187794251978
19.914725560000008	22.092638700000002	23.04690274	23.04562764	22.037059099999997	20.701853079999992	21.345717999999998	20.72283316	22.895596819999994	22.81847708	21.862143188	1.1340216630919135
19.981446720000005	21.766609179999996	22.93536260000001	23.001408099999995	22.003923760000006	21.316768639999996	21.380129439999997	20.68899064	22.305026820000002	23.005913739999993	21.838557963999996	1.0231120303046835
20.13668224000001	22.09091976	22.923008839999998	22.87155036	22.16795126	21.223110459999997	21.382074439999997	20.605263719999996	22.776513799999996	23.034578139999997	21.921165302	1.036116017261873
20.159822700000003	22.160610540000004	22.84144878000001	22.785433120000004	22.042382619999998	20.886473439999996	21.25431582	20.491876159999993	23.00888822	22.88841396	21.851966536	1.0748232576088563
20.01722764	22.15468184	22.99666146	22.942282	22.076525319999995	21.45401618	21.489514059999998	20.705660219999995	22.74221859999999	22.986551679999994	21.9565339	1.0318100386599363
20.24197904	21.994234499999997	22.775688939999995	22.80078844	22.08261614	21.154475919999996	21.40324344	20.61910738	22.910934740000002	22.913496220000003	21.889656476	0.9922402331197124
20.35766112	21.927625499999994	22.86233598	22.9786886	21.87426356	21.533767340000004	21.316935900000004	20.44605666	22.871524860000005	22.718142799999995	21.888700232	0.9814884997705985
20.07497616	21.958375219999997	22.881822360000005	22.704404259999997	22.28538608	21.48616415999999	21.349842799999998	20.60340788	22.866082079999998	22.81625664000001	21.902671763999997	1.001195789425894
20.268320180000003	21.918338840000004	22.74019	22.96144543999999	22.079609339999998	21.211861459999994	21.347730400000003	20.588622020000003	22.911194319999996	22.93778035999999	21.896509235999996	1.00693094009443
19.988246980000003	22.19919202	22.9962895	23.0235065	21.921527579999996	21.376383819999997	21.29246658	20.854941999999998	22.955321599999998	22.987590979999997	21.959546755999998	1.0648637406732333
20.453170139999994	22.18268386	23.018289239999998	22.880341499999997	21.92168874	21.442844560000008	21.598196799999997	20.48514874	22.912251959999995	22.969029320000008	21.986364485999996	0.9877081957606838
21.316153479999997	22.16454876	22.976002420000007	22.975677499999993	22.089252779999992	21.449767259999998	21.308660979999985	20.464977459999997	22.936063420000004	22.92865067999999	22.060975473999996	0.8972576960696127
20.749370860000003	22.18662256	22.990527619999995	23.06006094	22.25320566	21.294267620000007	22.3829493	20.75380854000001	23.05850148	22.999518799999997	22.172883338000002	0.9301234528057679
21.10653826	22.085670499999996	22.872589140000006	22.96993106	22.164069859999998	21.435073999999997	21.31631832	20.68253666	22.819995979999998	22.88908148	22.034180526	0.8503697353883148
21.22377036	21.959040799999997	22.856292579999998	22.848353180000007	22.229481300000007	21.624368480000008	22.14815482	20.192753920000005	23.030314379999997	23.146545220000004	22.125907504000004	0.9283549266426222
21.286520659999997	22.139005319999995	22.66136082000001	22.874235839999997	22.21403912	21.97053608	22.725402299999995	20.654557720000003	22.871150840000006	22.93832876	22.233513746	0.7606462114589781
21.385301159999997	21.9719524	22.80364752	22.86736342	21.88839318	21.726742320000003	22.80316256	20.300905940000007	22.769097700000003	23.095146179999997	22.161171238	0.8773078316399561
21.287951520000007	22.190447040000002	22.931180879999996	22.937738600000003	22.068111839999997	22.79041702	22.823157820000006	20.806893340000006	22.824041639999997	22.914039100000004	22.35739788	0.7643010508982636
21.39084498	21.979326059999998	22.981225039999998	22.826899620000002	21.881914600000005	22.98172748	22.922591679999993	20.719916200000004	23.125498819999997	22.9519466	22.376189108	0.8328900977165133
21.31590024	22.00666082	22.9839412	22.904035	21.942905380000003	22.813275760000007	22.76228556	20.773622420000002	22.772603639999996	22.8982695	22.317349952	0.7745901765459039
21.2557035	22.062891299999997	22.970433299999996	22.949268980000003	22.086530000000003	22.957539300000004	23.124064899999993	20.560502159999995	22.742794739999994	22.67696834	22.338669652	0.8513968060170465
21.147231839999996	21.943759420000003	22.855360280000003	22.913197540000002	21.905237219999993	22.893253019999996	22.81799202	20.579312919999996	23.061236879999996	22.959544659999995	22.307612579999997	0.8750229099065163
21.320141179999997	21.97948962	22.995620440000007	22.88441368	21.974870720000002	23.03968822	22.86343478	20.516061620000002	22.830066719999994	22.828995059999993	22.323278203999998	0.8561157577849007
21.278218459999998	22.09498932	22.877086279999993	22.83112018	22.15823388	22.974488	22.97075256	20.734486959999998	22.910724319999996	22.812949160000002	22.364304911999994	0.7938447723549574
21.380951259999996	21.95960228000001	23.087938959999992	23.014250620000002	22.06481258	22.8993742	22.80343132	20.6209213	23.116200979999995	22.991179780000003	22.393866327999998	0.8585930693580661
21.43948398	21.858716739999995	23.084073940000003	22.93970792	22.080731139999994	22.889266699999997	23.02993476	20.740438879999996	23.063590079999997	23.003060399999995	22.412900454	0.8346300066021101
21.271461199999994	22.03366969999999	22.96835354	22.974501959999998	22.07690178	23.010360260000002	22.948452060000005	20.588982100000006	22.916922379999995	22.928613979999994	22.371821895999997	0.8600448951212399
21.21408432	21.961324720000004	22.861275959999997	22.932085899999997	21.846622720000006	22.88579586000001	22.93092576	20.701825940000003	23.034860600000005	22.89527166	22.326407344	0.843063689327841
21.226840080000002	22.173800899999996	22.973487380000005	22.897204960000007	22.007558760000002	23.086295499999995	23.066431199999997	20.62036312	23.02017099999999	22.88089275999999	22.395304566	0.872765071611329
21.451819460000007	22.10617682	23.0286328	22.866310140000007	22.043837059999998	22.900022659999994	22.881351640000002	20.662248939999998	23.058869100000003	22.899847079999994	22.389911570000002	0.8103012759165622
21.362461820000004	21.875493040000002	22.914036579999998	23.062938520000003	21.87139873999999	22.844235700000002	23.109334519999994	20.204244160000002	22.806488260000002	22.937257999999996	22.298788934	0.9549880742468349
21.247807379999998	22.166579619999997	22.8345215	22.889470800000005	21.834462959999996	22.970297999999993	23.030900480000003	20.624157379999996	22.85370742	23.0650317	22.351693723999997	0.8584178279734204
21.430388620000002	22.024545600000007	22.992598280000003	22.89766532	22.121509980000006	22.862832820000005	22.95712754	20.792159740000002	22.765803040000005	22.84826854	22.369289948000002	0.7595754303845694
21.470979699999994	21.9546258	22.830917460000006	22.752810380000007	22.07470812	22.930943140000007	22.850010939999994	20.497710179999995	23.03655943999999	22.948789519999995	22.334805468	0.8329604723045662
21.353183740000006	22.023339599999996	22.99375224	22.839786940000014	22.06873902	22.92386176	22.950350880000002	20.561056619999995	22.95772424	22.875391179999994	22.354718622	0.8412269155241968
21.307977580000003	21.983984740000004	22.897290739999995	22.815347079999995	21.97889726	23.135444699999997	22.91360614000001	20.661717700000004	22.907194320000002	22.88496434	22.34864246	0.8336716983311933
21.175440760000004	22.110381120000007	22.729907859999994	22.76382516	22.02598386	22.84237364	22.909463619999993	20.60775664	23.058350160000003	22.869892959999998	22.309337577999997	0.8302564464854673
21.147921559999997	22.094648519999996	23.023106379999994	22.73471194	22.000047119999998	22.94073235999999	23.010052860000002	20.59669586	23.113168920000007	22.86814352	22.352922903999996	0.8783357639831709
21.166699900000005	22.000775820000005	23.037252940000002	22.976466019999993	21.99527794	22.95439420000001	23.091262179999994	20.820287439999998	22.74665556	22.828950639999995	22.361802263999998	0.8268332877346226
21.651344359999992	21.909248060000003	22.97199656	22.91444866	21.83953382	22.77020434000001	22.934049240000004	20.752341620000003	22.867796119999998	22.97305302	22.358401580000002	0.772746848780796
21.63113346	22.077813379999988	23.021257020000007	22.940298900000005	22.14174144	22.886712800000005	22.929659219999998	20.780677420000004	22.806146139999996	23.04343406	22.425887384	0.7565590974718235
21.20772418	21.985348039999998	22.87302184	22.91605557999999	22.03695224	22.99536038	22.959043539999996	20.680583819999995	22.792968300000005	22.9368903	22.338394821999998	0.8328947872000931
21.251330259999996	22.116488459999996	22.8556057	22.84883872	22.09624334	22.844335880000003	22.892571899999997	20.586327499999996	22.923411579999993	22.908323240000005	22.332347657999996	0.8244307811821522
21.348460200000005	21.90936242	22.92593782000001	23.05440856	22.1146259	23.058903760000007	22.905084660000007	20.583951679999995	22.969109159999995	22.936822599999996	22.380666675999997	0.8646375516643314
21.255417219999995	21.96357024	22.919513539999997	22.781058199999997	22.26256836	22.849389359999996	23.038713700000002	20.678211999999995	23.057727460000002	22.782394840000006	22.358856491999994	0.8213059416816336
21.448364579999996	22.083796619999998	22.920401720000005	22.861129720000005	22.056703680000002	23.041304999999998	22.846716680000014	20.786534439999997	22.896388740000003	23.015703719999998	22.39570449	0.7779112223536805
21.24768316	21.97271482	22.83036978	22.8317724	22.069722159999998	22.9190906	22.997478020000003	20.72896266	22.92192108	22.952025860000006	22.347174054000003	0.8137133616632808
21.275185439999994	21.962984940000002	22.895601040000006	22.972063739999996	22.005121120000002	22.969370360000006	22.887269739999997	20.807324360000003	22.98292108000001	22.93556484	22.369340666000003	0.8096949656610545
20.882205079999995	22.172355900000003	23.01946270000001	22.844206959999994	22.048803839999994	22.868469200000003	22.826190540000002	20.73624542	23.002095699999995	23.035405999999995	22.343544133999995	0.8796138229161583
21.17472006	22.01696842	22.863846940000002	22.97617125999999	22.043287839999998	22.852073339999997	22.849164760000004	20.548019760000003	23.08496052	22.874142900000002	22.328335580000005	0.8692889559664835
21.182703460000003	21.97857606	22.918056059999994	22.764574180000004	22.01342558	23.113013839999997	22.928562800000005	20.793501180000003	22.809539860000008	23.025754379999995	22.35277074	0.8243338346795965
21.27859794	22.037730100000008	22.876115419999998	22.8935045	21.92356182	22.92870084	22.849398020000002	21.061100400000004	22.964734399999994	22.69696114	22.351040458	0.7259693730778727
21.300381739999988	22.126906039999998	22.799829	22.92787348	22.042836179999995	23.04544172	22.88598234	22.715290140000008	22.884311919999995	22.93423516	22.566308771999996	0.562275253851284
21.16905012	21.986945640000002	22.912006240000004	23.05388346	21.97854638	22.763807139999997	22.80386806000001	22.845744919999998	22.439231495	0.6584645918854505
20.838821079999992	22.26435466	23.026354399999995	22.961594	22.00511222	22.890588979999997	22.95280936	23.203283819999992	22.517864815	0.7928003718194809
21.478370900000005	22.00616732	22.832368359999997	23.002337519999998	22.066546879999997	22.815876139999997	22.932073699999997	22.90827074	22.505251445	0.5721163524975594
21.459527160000007	22.026843639999996	22.973330819999997	22.860901979999998	21.975015120000002	22.919923299999997	22.825781860000003	22.82293402	22.483032237499998	0.5757993996041831
21.210317720000003	22.203303599999995	22.770607719999997	23.00005686	22.0649271	22.64740594	22.825635440000006	22.768290859999997	22.436318155000002	0.5893321746107453
21.285866719999994	22.373079040000004	22.878343540000007	22.837522060000005	22.11412644	22.74293646	22.949291040000006	22.61464408	22.474476172500005	0.5561351367612292
21.118949320000002	21.947522959999997	22.99679941999999	22.993457220000003	21.91560668	22.611811340000003	22.953393379999994	22.980456479999997	22.439749599999995	0.7034833718160575
21.344504220000005	22.10125004	22.976333560000008	22.982086719999987	21.956106179999995	22.6812887	22.986061339999996	23.001802039999998	22.503679099999996	0.6290709705292837
21.2108	22.129959579999994	22.817073580000002	22.78889936000001	21.939584819999997	22.918433380000007	22.846226399999995	22.965764579999995	22.4520927125	0.6313890824120088
21.229539879999997	22.084417239999997	22.9021635	22.86526032	21.986666960000008	22.709185200000007	22.923994320000002	22.741540880000002	22.4303460375	0.6080998004370314
21.31025816	22.114946720000003	22.852321059999994	22.0462786	23.03476342	22.96124288	22.38663514	0.6804928027902566
21.320414199999995	22.045619499999997	22.926328320000003	22.027113440000008	22.83834655999999	23.05463134	22.368742226666665	0.6814667318389108
21.17534521999999	22.009637180000006	22.914832480000005	22.064854019999995	22.848053159999996	22.925588039999997	22.323051683333333	0.702994442814217
21.3775165	22.088570299999997	22.877773220000005	22.120747559999998	22.835602719999997	22.919719920000002	22.36998837	0.616954532865127
21.116985999999997	21.98347478	23.110256399999994	21.8321605	23.071612739999996	22.924851779999997	22.339890366666662	0.8187036203628164
21.096676640000002	22.00187182	23.156199339999993	22.196019039999996	23.024328439999998	23.07017218	22.424211243333332	0.8131424411881418
21.2986116	22.175966059999997	22.699884660000002	22.12891868	22.839735	22.910712840000002	22.342304806666665	0.6100632046675142
21.320702999999995	22.19004166	22.981736100000003	22.0941246	22.992939439999997	22.87078058	22.40838756333333	0.6653917035571701
21.229087160000002	22.020743500000002	22.96065738	21.94242992	22.91472652	22.946267399999993	22.335651979999998	0.7179257488285706
21.405175119999996	22.000601860000007	22.985181479999998	22.017330239999996	22.9866799	22.795574539999997	22.365090523333333	0.6529057234010588
21.391015800000005	21.79887533999999	22.996409120000003	21.91728922	22.976289199999997	22.68784198	22.29462011	0.6806535430666066
21.33435872	21.919790640000006	23.03279258	22.20266646	22.959840139999994	22.82752214	22.379495113333334	0.6781198718022856
21.229030599999998	22.208416160000002	22.930118399999998	21.981132120000005	23.11535714	22.973548559999994	22.406267163333336	0.7355008697220315
21.36133638	22.092982140000007	22.961575599999996	22.175579460000005	22.86341598	22.951936099999998	22.401137610000003	0.6415908165214363
21.373088280000005	22.067750559999993	22.78066878	22.03561078	22.906433200000002	22.802793360000013	22.327724160000002	0.6049793202099845
21.47931906	22.133532380000002	22.798160019999997	22.093083300000004	22.95716237999999	22.882782860000006	22.390673333333336	0.5855552809741197
21.26997478	22.18083044000001	22.982377260000003	21.999693580000002	23.143169860000004	22.906269920000003	22.413719306666668	0.7255180429433465
21.492167379999998	21.922736000000008	22.911183379999997	21.94573118	22.914677939999994	22.923868719999994	22.351727433333334	0.6395248195349446
21.415932239999997	22.18686616	22.98121418	22.142156999999997	22.88510236000001	23.0583305	22.44493374	0.6441610709554162
21.294342219999994	22.167718239999996	23.13907650000001	21.981894640000004	22.8655174	22.549718660000003	22.33304461	0.6647862948001979
21.973735740000006	23.091636540000003	22.13321746	23.08355858	22.860159879999998	22.62846164	0.5360179775812435
21.95778892	22.99492342	22.034592120000003	22.840414960000004	22.9241424	22.550372364000005	0.5095681472826223
22.08734029999999	22.943331920000002	22.069349419999998	22.918584159999995	22.89466616000001	22.582654392000002	0.460734868339952
22.235134860000002	22.84599756	21.953815179999996	22.65865797999999	22.933949400000003	22.525510995999998	0.4178564625876599
22.218643599999996	22.804148559999994	22.922806599999994	22.80739436	22.68824828	0.3178966416109534
22.14569816	22.92093648	23.016379680000004	22.88166608	22.7411701	0.400991361513607
22.231537399999997	22.83700507999999	22.97451122	22.988353680000003	22.757851844999998	0.3574653877605421
22.033197560000005	22.834961759999995	22.909664960000004	22.995514439999997	22.69333468	0.44495342242746755
21.950664120000003	22.998575659999997	22.868980079999993	22.89348392000001	22.677925945000002	0.48808910556666657
21.984879140000004	22.813666739999988	22.884092140000003	22.943697279999995	22.656583825	0.4509458191667865
21.964862120000003	22.966103079999993	22.911393699999998	22.965348039999995	22.701926734999997	0.4920435554219632
22.828085399999996	22.782058060000004	22.768291520000005	22.79281166	0.031313846076189145
22.894295020000005	22.749754139999997	22.981977479999998	22.87534221333333	0.11726605037519248
22.8167344	22.890604660000005	22.853669530000005	0.05223416177401563
22.97456334000001	22.90225229999999	22.938407820000002	0.05113162673866597
22.954447720000008	23.019415020000007	22.986931370000008	0.04593881838538028
22.915078619999996	22.83802274	22.876550679999998	0.05448673527829409
22.982384699999994	22.83433364	22.908359169999997	0.10468790848785156
22.96899392	22.84142738	22.90521065	0.09020316548650505
22.782149639999997	22.782149639999997	nan
