17.100253159999994	17.2020773	18.10003592	17.108539219999997	17.751760060000006	17.074242139999996	18.78006286	19.139799800000002	20.754598860000005	18.116183860000007	18.112755318	1.1809319673269911
20.77081084	18.22713084	20.90803586	17.607366399999997	20.23020712	17.721579979999998	21.942630980000004	19.434016180000004	21.034600680000004	19.96601024	19.784238912000003	1.499289105280695
17.437580660000002	17.813644220000004	21.93964532	17.871987060000002	21.111285219999996	17.521349039999997	19.657144340000006	19.18872826	21.02343292	19.33263254	19.289742958	1.6411150810642097
19.37709856	17.907691780000004	21.695243400000003	17.943036919999994	21.91193504	20.533826799999996	20.951187560000008	20.23730214	21.05883564	19.476912160000005	20.109307	1.416078996426626
21.056509260000002	19.954923299999997	21.89754448	17.85853406	21.857974979999995	21.08355324	21.654802599999996	20.24302704	21.036254680000003	19.134675400000006	20.577779904	1.300115458077566
20.787938559999994	19.810371640000007	21.816463440000003	18.12672938	21.89071044	20.98633782	21.83945678	20.343154080000005	21.017234679999998	19.547160840000004	20.616555766	1.199671813372523
21.019501620000007	20.012018819999998	21.785116820000002	17.830488020000004	21.95336068	20.900695380000002	21.874735039999997	20.105273479999997	20.843241500000005	20.456589599999997	20.678102096	1.22051183030819
20.9760019	20.283470180000005	22.001604239999992	18.142380259999996	21.964291499999998	20.832787419999992	21.853514999999998	20.199168699999994	20.9996873	20.6112037	20.78641102	1.1404574828084586
20.90450326	20.42565028	21.96735574	17.888448760000003	21.85620508000001	20.822830600000003	21.92682628	20.219710679999995	21.013713820000003	20.225632379999997	20.725087688000002	1.20337144323132
20.91250006	21.052029220000005	21.922529120000007	17.939000519999997	21.737666519999998	20.924097600000003	21.902825200000002	20.158950600000004	20.985229460000006	20.73927724	20.827410554000004	1.1582474757063028
21.033053619999997	20.86671046	21.937863859999993	17.744143199999996	22.0070442	21.043178499999996	21.911512919999996	20.25412716	21.00744028	20.95356214	20.875863633999998	1.236048755089842
21.01167516	21.209526920000002	21.946901060000002	17.742013	22.013096799999992	21.057465879999995	21.947711679999998	20.28926574	20.83184638	21.379845600000003	20.942934821999998	1.2529121984756222
20.98588232	21.76881038	21.974865459999997	17.99074542	21.906922080000005	21.104217259999995	21.955637880000005	20.20602222	20.924331359999996	21.40611772	21.02235521	1.2083008116253535
20.886239260000004	21.53439890000001	21.989483059999998	18.149824520000003	21.846877719999995	20.972902779999995	21.924742000000002	20.229068220000002	20.953825820000002	21.599522859999993	21.008688514	1.1512951741820934
20.80629314	21.80388038	21.898825419999998	17.83655168	21.949485679999995	21.109913439999993	21.85408432	20.200483659999996	20.881319039999997	21.81818854	21.015902529999998	1.2676451308089778
20.985704279999997	21.997377139999998	21.94114942	17.987452540000003	21.920413800000006	20.8981805	22.054980439999994	20.257710059999997	20.916462979999995	21.791346080000004	21.075077724	1.249645159402985
20.93390116	21.902702220000002	21.992388339999998	18.418088679999997	21.93564342	20.653042620000004	21.944311419999995	20.26542174	20.856402480000007	21.93673	21.083863208000004	1.1414041698898199
20.997481760000007	21.881851499999996	22.00647872	18.761208499999995	21.949326739999997	20.976481599999996	21.917467539999997	20.310031139999992	20.917507300000008	21.981326379999995	21.169916117999996	1.0383493808864936
20.989257059999996	21.82778678	22.041171839999997	19.34068786	22.00087184000001	21.06178446	21.9121218	20.18055552	20.941114199999998	21.864706819999995	21.216005818000003	0.9016231920265213
20.855768280000007	21.868468859999997	21.811113099999996	19.743567720000005	21.97680718	21.02276034	21.859071919999998	20.147454779999993	20.995287020000006	21.955248239999996	21.223554744000005	0.8058004907109292
20.957965939999998	21.947290119999995	22.006567799999992	20.81904264	21.938644239999995	21.079610939999995	21.92309126	20.870588759999997	20.887298559999998	21.89969062	21.432979088	0.5424964219037381
21.031365539999996	21.928583940000006	21.85878595999999	20.848374040000007	21.925759139999997	20.981133139999997	22.024791020000006	20.512151059999994	21.007363120000004	21.954892040000004	21.4073199	0.5794741743288988
20.9454235	21.999980959999988	21.885430019999998	21.062206079999996	21.714725959999996	21.095767480000003	21.904205399999995	20.970845559999994	20.932640100000004	21.942016580000004	21.445324164	0.4758658668393841
21.019703000000003	21.967786679999996	21.903965579999998	21.089890680000003	21.923306739999997	20.95669134	21.927388859999997	20.868458760000003	21.10315086	21.959596679999994	21.471993918000003	0.4941480709147716
21.064482420000004	21.93211344	22.02207707999999	21.591967779999994	21.92473952	20.993714120000003	21.857677660000004	20.880960920000007	20.872313579999997	21.980298139999995	21.512034466	0.4976076256701176
21.02936912	21.960515880000003	21.780369460000003	21.359955659999997	21.94052222	20.85502928	21.940883219999993	21.03516632	21.01361615999999	21.958391040000002	21.487381836	0.4710959535024641
20.928430400000003	21.866849159999997	21.931530939999995	21.85276008	21.618952219999994	20.908048339999997	21.973557019999998	20.905982199999993	21.06761674	22.023329920000002	21.507705702	0.491464280000294
20.913387220000004	21.960210459999995	21.863647239999995	21.933013860000003	21.868576479999998	21.028887160000004	21.83494976	20.932511060000003	21.011761520000004	21.97209596	21.531904071999996	0.48519780826793757
20.95791112	21.780505259999995	21.977684279999995	21.92700438	21.886365620000007	21.07437772	21.96123152	21.017712960000004	20.823388599999998	21.838078720000002	21.524426018	0.4859081408527647
20.96836817999999	21.9276903	21.85672474	21.9960416	21.901743140000004	20.985469520000006	21.9188482	21.01325042	20.942998559999996	21.992548639999995	21.550368329999998	0.4949572829746443
21.064776400000007	21.996455119999997	21.948781280000006	21.951881800000002	21.705307819999994	20.824627179999993	21.933586100000003	20.99920288	21.06518672	21.864115540000004	21.535392084	0.48162689500362477
20.874982239999998	21.835327180000004	21.94354862	21.832228720000003	22.03897688	21.03295054	21.898289500000004	21.054914819999993	21.048905100000006	21.907421139999997	21.546754474000004	0.4741294036817341
20.9169093	21.963710839999997	21.908522599999998	21.881105360000003	21.956498479999997	21.02096054	22.038901320000004	20.799712700000008	21.044173920000002	21.983103300000007	21.551359836	0.5271125755313352
20.943892739999995	21.79747474	21.844248300000004	21.894130840000003	22.01282688	20.944348899999994	22.016160640000003	21.016919140000006	20.975419140000007	21.885455739999987	21.533087706	0.4894366645342742
21.105643299999997	21.915639599999995	21.897435399999996	21.897236839999994	21.92483134	21.04297166	21.918312020000002	20.909863480000002	20.97089306	21.788672120000005	21.537149882	0.4602068045960121
20.962335559999996	21.94431017999999	22.044981720000006	21.89218344	22.032501779999997	21.070619759999996	21.911636579999996	20.915434180000002	21.047086380000007	21.928942160000002	21.575003173999995	0.49991802468613183
21.015421199999995	21.84529244	21.9165346	21.913205739999995	21.954346899999997	21.04409035999999	21.93334021999999	21.03623084	20.954106899999996	21.876077879999997	21.548864707999996	0.4632002298132764
20.841011359999996	21.8995221	21.96963104000001	22.01773502	21.995217320000002	20.877755240000003	21.84345766	20.959389580000003	21.012752219999996	21.969751760000005	21.53862233	0.5341970711987379
21.185648660000002	21.93515406	21.856226839999998	21.960081499999998	21.845746180000006	20.995527659999997	21.895054000000005	21.04342946	20.9829788	21.910709000000008	21.561055616000004	0.44272142912690593
20.992663460000003	21.91112656	21.909585000000003	21.95594112	21.845794100000003	20.79988414	21.963613539999994	20.855769079999995	20.864966120000005	21.92369922	21.502304233999997	0.5400103211868966
20.98258543999999	21.893987579999994	22.001115700000003	21.915007640000002	21.961814880000002	20.95341866	21.923156440000003	21.04149544000001	20.98239734	21.948669119999998	21.560364824	0.4922038475778701
20.822246740000004	21.888336039999995	21.89648405999999	21.87803056	21.988844459999996	20.947413540000003	21.96660638	21.063008560000004	21.019132559999992	21.990519720000005	21.546062262	0.5070492613176489
20.98659307999999	21.915273479999996	21.922899399999995	21.70348969999999	21.9334463	21.014614039999998	21.850699480000003	21.068651339999995	20.999581680000002	22.028561699999997	21.54238102	0.45954713979726663
20.958505539999997	21.944988339999995	21.910757439999998	21.87325832	21.9460471	20.982443319999994	21.89880204	20.95596964	20.969227739999997	21.81098862	21.525098809999996	0.482268132447893
21.192147460000005	21.88542992	21.960910879999997	21.92518288	21.83438378	20.980266239999995	21.935686959999995	21.00198346	20.98741696	21.887528439999997	21.559093697999998	0.4514577670013836
21.043260659999998	21.936841300000005	21.948184520000005	21.896242239999996	21.907630900000008	21.13828078	21.9669277	21.060224840000004	21.032856779999992	21.87830628	21.5808756	0.44242709866215774
21.03687134	21.931361479999996	21.986946120000006	21.930567160000006	21.95807354	21.0102459	21.945096120000006	20.986062079999996	20.86046188	21.848765180000008	21.549445080000005	0.4990208937636615
20.80982342	21.980493919999994	21.964187420000002	21.943592480000007	21.926693039999996	21.20035962	22.01801394	20.86852378	21.049081279999996	21.775546	21.55363149	0.5065026332138752
20.96866932	21.886535659999996	21.912181299999997	21.908274699999996	21.937915959999994	20.979553980000006	21.897709059999993	21.064948240000003	20.967791539999993	22.022595840000005	21.554617559999997	0.4836093716362582
21.037423699999998	21.940492239999994	22.004585199999998	21.915538680000008	21.986168599999996	20.876731000000003	21.870242800000007	21.089732360000003	20.9853351	21.979161899999998	21.568541158	0.49587290812721385
20.94480638	21.887857999999998	21.929413059999998	21.95270464	22.027136999999996	20.977515379999996	21.89172213999999	20.95021506	20.987392419999995	21.95449517999999	21.550325925999992	0.5053700044511313
21.041181399999996	21.815201960000003	21.86362332	21.84272002	21.88247232	20.931793559999996	21.946451980000003	20.2946855	20.96431398	21.92834604	21.451079008	0.5894723601148881
20.99873462	22.032762199999997	21.906815820000006	21.860142440000004	21.976354239999992	20.992968920000003	21.986428799999995	20.83721352	20.962368339999998	21.869499939999997	21.542328884000003	0.5161672498443031
20.916067999999996	21.9356227	21.973851220000007	21.948693159999998	22.002358779999998	20.975066159999997	21.99803865999999	20.940764119999997	20.951285819999995	22.009755780000006	21.56515044	0.533729416747468
20.93724797999999	22.018807339999995	21.952433619999997	21.921221540000005	21.925911640000002	21.01441788	21.83470468	20.958652360000006	20.88024536	21.93817534	21.538181774	0.5111821628500686
21.1642561	21.933817259999998	21.93815028	21.96498898	21.95253412	20.849123999999996	21.94883732	20.997175479999992	20.980305559999998	21.89313260000001	21.562232169999998	0.4919048076435372
21.101563880000004	21.864456699999995	21.83464366	21.871660880000004	21.982266879999994	20.93180974	21.92415769999999	21.013367620000004	21.026177980000003	21.901500200000008	21.545160524000003	0.45694098179463805
20.989061800000005	21.856740819999995	21.941933759999998	21.92390902	22.00029352	21.04535952	21.84186434	20.91700132	20.912336160000006	21.70892206	21.513742232	0.4789090784721458
20.812603860000003	21.940637979999998	21.899916579999996	21.902892400000006	21.9816428	21.090209200000004	21.88678141999999	20.99601596	21.012609440000002	21.89740426	21.54207139	0.49105539299535195
20.9989054	21.875534340000005	21.942552340000002	21.846037899999995	21.983259179999994	20.984688780000003	21.793254119999997	20.869216339999998	21.096465200000008	21.890841639999998	21.528075524000002	0.471216263816494
21.072493779999995	21.97902003999999	21.9814619	21.97991158	21.9179977	20.962414279999994	21.958457019999997	20.973654399999997	20.998725479999997	21.72952824	21.555366441999997	0.48288374427566677
21.079962379999994	21.899820519999995	21.885338539999992	21.955491339999995	21.86224912	21.088124739999998	22.00732414	21.101632340000002	20.823821159999998	21.88571825999999	21.558948254	0.46909296226497926
21.011502779999997	21.864138499999996	21.948641279999993	21.941113899999994	21.942737880000003	20.92477194	21.870803799999997	20.901290659999994	20.964428359999992	21.962017119999995	21.533144622	0.5032395581948487
21.453903020000002	21.890872979999994	21.8331671	21.865860479999995	21.97493112	21.05194168	21.85040108	20.989811259999996	21.01441598	21.681350919999996	21.560665562	0.40014261514525046
21.067636799999995	21.957249179999994	21.976634179999998	21.872161700000003	21.937063840000004	20.86457494	21.95968338	20.957340959999996	20.60134474	21.95039204	21.514408176	0.5647649445304304
20.951945939999995	21.913342040000003	21.874238280000004	21.772868299999995	21.00552056	21.878616560000005	21.566088613333335	0.4576855866839407
20.8528368	21.89664574	21.9861951	21.996285980000003	20.96442078	21.898887839999997	21.59921204	0.5377233370819726
20.91273166	22.076040439999993	22.055160679999993	21.88110304	21.06698434000001	21.90001977999999	21.648673323333327	0.518660860903856
21.131696239999997	21.982184540000002	21.83324834	21.958467520000003	21.141637199999995	21.907860140000007	21.659182329999997	0.4079549529965675
21.050034300000007	21.761176680000002	22.006706339999997	21.909355140000002	20.997439559999997	21.90742974	21.605356959999998	0.45759606417882054
21.024842579999998	21.65787034	21.96978662	22.01346376	20.863400740000003	21.904804779999992	21.572361470000004	0.5045295933633939
21.05382316	22.08409084	21.97291632	21.85522496	20.973751899999996	21.909385180000005	21.64153206	0.49283178553413565
20.94834324	21.99417296	21.76636802	21.977979700000006	20.99337668	21.804339340000002	21.580763323333333	0.4812695599773719
20.95477032	21.693098380000002	21.923936120000004	21.892700019999996	20.929116099999998	21.952077159999995	21.55761635	0.4855639712765187
21.20133872	21.96926987999999	22.000660279999998	21.95895437999999	20.97490107999999	21.995910339999995	21.683505779999994	0.4669737321693686
20.914817760000002	21.955041959999996	21.986369059999998	21.972373639999997	20.94085772	21.82244606	21.59865103333333	0.5229555526602424
20.94142406	21.957349760000007	21.962187919999998	22.041095060000004	20.90765494	21.86738158	21.612848886666665	0.5360988881106807
21.018926179999998	21.850739139999995	21.9547356	21.989245999999998	20.958410060000006	21.915002860000005	21.61450997333333	0.48733313287755525
21.018635379999996	21.906121579999994	22.016062899999998	22.018295459999994	20.9966547	21.885516000000003	21.640214336666663	0.49307533943390613
20.912879200000003	21.95719756	21.850668919999997	21.908353580000004	21.03429714	21.936025719999996	21.599903686666668	0.4879702620183982
20.979448299999998	21.873991760000003	21.94823704	21.93069994	20.923396379999996	21.9077488	21.593920369999996	0.49861155108113653
21.045079339999997	21.9640209	21.871535180000002	21.987409960000004	20.968366600000003	21.838600000000007	21.61250199666667	0.4731213159620114
21.07260920000001	21.91043208	22.009018339999994	21.777919320000002	21.046814719999997	21.9716946	21.63141471	0.4498243979054286
21.000095339999998	21.77108896	21.999465100000005	21.90542242	20.882919	21.981146480000003	21.590022883333333	0.510077013149148
21.10550614	21.831836860000003	21.92816163999999	21.96761608	21.085890799999994	21.897215999999993	21.636037919999993	0.4209411791658056
21.144520439999997	21.727444120000005	21.980728360000004	21.889054899999998	20.996938600000004	21.938477639999995	21.612860676666667	0.431153855496306
20.988117000000006	21.87696582	21.873139699999996	22.027482900000006	20.8616339	21.910440559999998	21.58962998	0.5194940638119526
20.970559239999996	21.99727632	21.9188357	21.87714159999999	21.889129520000004	21.730588475999998	0.427439160537085
20.940421079999997	21.930229839999996	21.920301380000005	21.845030460000004	21.8306513	21.693326812	0.4231960397657886
20.98430462	21.872436219999994	21.860974340000002	21.867668979999998	21.938350739999997	21.70474698	0.4039424953124056
20.962332020000005	21.945374340000004	21.96898342	21.838513699999993	21.87831784	21.718704264000003	0.42601312930872587
20.91930272	21.94069928	21.947263799999995	22.017544239999996	21.83606718	21.732175444	0.45900329493090114
21.07050092	21.943977619999995	21.981102919999998	21.782855699999995	21.97206714	21.750100859999996	0.3883130622451441
20.88281174	21.89351378	21.98014326	21.956822980000002	22.017293260000006	21.746117004000002	0.48469672143077586
21.977976	21.977976	nan
