generation,avg_training_score,avg_validation_score
0,21.559091640000002,20.5886848
1,22.26579904,21.573380839999995
2,22.37728150000001,21.638678260000002
3,22.448400739999993,21.88070828
4,22.49664002,21.56602963999999
5,22.539926519999998,21.93091274
6,22.527876839999994,21.9012116
7,22.490632699999992,21.993485480000004
8,22.5186405,21.88994298
9,22.55720242,21.77734874
10,22.519197099999996,21.704658879999993
11,22.538833980000003,21.670453860000002
12,22.520344,21.91749206
13,22.54250856,21.89399918
14,22.543252959999997,21.943294620000003
15,22.5645562,21.93094395999999
16,22.598421439999992,21.48995052
17,22.577785979999994,21.55051486
18,22.570822659999997,21.896254299999992
19,22.581226139999995,21.791398859999994
20,22.54040508,21.919270580000006
21,22.55818592,21.947434079999997
22,22.493266140000006,22.034946400000003
23,22.509077020000003,21.749139179999993
24,22.505381099999994,21.86938552
25,22.544734779999995,21.983688860000008
26,22.59062748,21.6627036
27,22.529410919999997,21.952860279999996
28,22.549488399999994,21.91567748
29,22.579888760000003,21.86458544
30,22.57130864,21.938458479999998
31,22.640995659999998,21.944694839999997
32,22.622737879999995,21.95163908000001
33,22.632042960000007,21.9303443
34,22.51799802,21.615985320000004
35,22.565497880000002,21.7706106
36,22.578793499999996,21.91503021999999
37,22.56639218000001,21.632091399999993
38,22.578737160000006,21.542400040000004
39,22.538234620000004,21.814531319999997
40,22.508480539999997,21.75172258
41,22.568551739999997,21.94817518
42,22.53534508,21.855017080000003
43,22.55717504,21.911996799999997
44,22.49462834,21.730924280000004
45,22.51855918,21.858257300000005
46,22.52966824,21.9349929
47,22.552667739999993,21.67648884
48,22.54331798,21.936509979999997
49,22.527459139999998,21.912004040000003
50,22.56208538,21.967387960000007
51,22.56020572,21.93959202
52,22.56359584,22.03292688
53,22.550551079999995,21.969892339999987
54,22.557708520000002,21.951859880000008
55,22.541496740000003,21.909964940000005
56,22.570951900000004,21.960223960000008
57,22.545662539999995,21.90997182
58,22.547756060000005,21.871669100000005
59,22.55725446,21.951404339999996
60,22.525816159999998,22.026841699999995
61,22.551189040000004,21.982367080000003
62,22.541922820000003,21.851945199999996
63,22.59002956,21.83840232
64,22.5049793,22.00029834
65,22.523898900000002,21.94033682
66,22.551136619999998,21.940536900000005
67,22.501570639999997,21.856857140000006
68,22.54279462,21.872785299999997
69,22.599505140000005,21.85217634
70,22.542312120000002,21.74853278
71,22.525266479999996,21.996305559999993
72,22.505741739999998,21.884538320000004
73,22.50666862,21.926813679999995
74,22.5262241,22.02459348
75,22.5430067,21.829297380000003
76,22.5734231,21.96545454
77,22.55215372,21.86503172
78,22.590282260000002,21.890125
79,22.514734400000002,21.994880620000004
80,22.553642680000003,21.976644159999996
81,22.529886119999997,21.972976900000006
82,22.56309346,21.8275996
83,22.54679966,22.023826740000004
84,22.587451680000004,21.944219819999994
85,22.540731140000002,21.874072780000002
86,22.532956379999995,21.96362454
87,22.570420120000005,21.945697420000005
88,22.573745200000005,21.968507939999995
89,22.530074220000003,21.9548085
90,22.57336406,21.963198659999993
91,22.546463560000007,21.918957019999997
92,22.565176939999997,21.986376660000005
93,22.54286098,22.00954136
94,22.57134192,21.923855020000005
95,22.572361620000002,21.97483752
96,22.53330786,21.907928540000004
97,22.506628280000005,21.87368422
98,22.539597120000003,21.93209716
99,22.615787179999998,21.933531800000004
100,22.582454220000002,21.95563993999999
101,22.53224432,21.96131398
102,22.570241959999997,21.88641978
103,22.578519659999998,21.957441
104,22.56834394,21.98099298
105,22.58411176,21.865708980000004
106,22.54256366,21.791497040000003
107,22.56869732000001,21.923473700000002
108,22.57581754,21.94157584
109,22.53183576,21.94466268
110,22.545482000000003,21.852546899999997
111,22.569088280000006,21.89410556
112,22.579396720000005,21.874450440000004
113,22.595398239999998,21.996536900000002
114,22.55708224,21.97275
115,22.525282660000006,21.917263740000003
116,22.531837180000007,21.9492278
117,22.58953532000001,21.900644759999995
118,22.605124580000002,22.008905180000003
119,22.609785400000007,22.033297719999997
120,22.573927799999993,21.97413912
121,22.57421558,21.92690263999999
122,22.55601008,21.871681680000002
123,22.52336278,21.911876280000005
124,22.59865802,21.885011059999997
125,22.584978380000003,21.8716168
126,22.552767860000003,21.989332799999993
127,22.55698496,21.876992320000003
128,22.5123321,22.080389299999997
129,22.534094019999998,22.014670920000004
130,22.58455154000001,21.869940979999992
131,22.61669242,21.90252482
132,22.531914200000003,21.834017059999997
133,22.571625760000003,21.884244640000006
134,22.561718800000005,21.842072639999998
135,22.58623962,21.885325520000006
136,22.578820300000004,21.975192120000003
137,22.5204724,21.857411699999997
138,22.566635959999996,21.843779599999998
139,22.55893434,21.889467199999995
140,22.587012880000003,21.995800380000002
141,22.578014580000005,22.00407602
142,22.593101759999996,21.973869200000003
143,22.5635756,21.975426599999995
144,22.5654502,21.78199608
145,22.573838759999997,21.86289204
146,22.586676420000003,21.91356760000001
147,22.601897899999997,21.9242112
148,22.578063340000003,21.94320714
149,22.570820799999996,21.990871179999996
150,22.55124706,21.873580839999995
151,22.619931759999997,21.93372866
152,22.53349528,21.85011062
153,22.56166222,21.99020134000001
154,22.545160940000006,21.952884440000002
155,22.538008119999994,22.005163380000003
156,22.575522820000007,21.95338034
157,22.552086180000007,21.90243474
158,22.581262319999997,21.894227120000004
159,22.531293359999996,21.92214504
160,22.53814136,21.940571160000005
161,22.550329759999997,22.025219679999996
162,22.553933920000006,21.972425919999996
163,22.57145304,21.763647900000002
164,22.55712058,21.938961320000004
165,22.5713539,21.984625360000006
166,22.57228678,22.009075660000008
167,22.550766399999997,21.92883574
168,22.53044950000001,21.944970700000002
169,22.543862519999998,21.938164299999997
170,22.607133899999997,21.9923503
171,22.556525980000007,21.93933656
172,22.52002462,21.95679947999999
173,22.56267284,21.865896160000002
174,22.574646700000002,21.823172239999998
175,22.570373760000003,21.857484319999998
176,22.568265340000004,21.981575
177,22.648900580000003,21.912146899999996
178,22.561992279999995,21.928206380000006
179,22.5645539,21.904789179999998
180,22.56351254,21.966167700000007
181,22.592679080000003,21.957056359999996
182,22.5715474,21.883870799999997
183,22.58898834,21.926715920000003
184,22.55956106,21.91084536
185,22.544144180000007,21.918547920000005
186,22.52211828,21.859546780000006
187,22.579369820000007,21.971508459999995
188,22.629044880000002,21.914329440000007
189,22.550868320000003,21.87339254
190,22.610547820000008,21.9648323
191,22.615752680000003,21.862899399999993
192,22.518731859999992,21.945311019999995
193,22.538425600000004,21.93960642
194,22.53356488,21.966505140000002
195,22.619714260000006,21.94588572
196,22.529017540000005,21.984543020000004
197,22.504962060000008,22.0408861
198,22.55164276,21.890064180000003
199,22.588228479999994,21.86034878
200,22.536094679999998,21.884714940000002
201,22.555674519999997,21.928597380000006
202,22.53426634000001,21.96584282
203,22.516715820000005,21.825846319999997
204,22.54801234,21.834313199999997
205,22.628440859999998,22.071386559999997
206,22.57243646,21.930694739999993
207,22.573259599999997,21.962794780000014
208,22.51608912,21.940181899999992
209,22.5393634,21.9889957
210,22.585130900000003,21.978948759999998
211,22.56001166,21.954157999999996
212,22.5777289,21.935981679999994
213,22.541379860000006,21.829608359999998
214,22.553924579999997,21.957022900000005
215,22.54483434,21.99992592
216,22.541855320000003,21.96175479999999
217,22.55552942,21.8440985
218,22.607454100000005,21.9925821
219,22.57060234,21.960757580000003
220,22.581187080000003,21.906388540000002
221,22.557573299999998,21.879201960000003
222,22.579371679999998,21.929091500000006
223,22.56568448,21.96033588
224,22.530885960000006,21.96426086
225,22.578725180000003,21.938815820000006
226,22.529103079999995,21.909741399999998
227,22.559673320000005,21.909551920000002
228,22.55514430000001,21.934507999999997
229,22.5834331,21.9947189
230,22.60690508,21.91387914000001
231,22.5731088,21.944183600000006
232,22.548368340000007,21.852766680000006
233,22.584278679999993,21.991069620000005
234,22.537559280000004,22.01615406000001
235,22.580152439999996,22.0322074
236,22.562573300000007,21.972295399999997
237,22.54069262000001,21.958169400000006
238,22.561689700000006,21.927086780000003
239,22.548728499999996,21.85250262
240,22.567026799999997,21.910102460000004
241,22.562587160000007,21.94334294
242,22.525401900000002,21.908133139999997
243,22.572812480000003,22.01260194
244,22.548760000000005,22.03867387999999
245,22.57646468,21.83588539999999
246,22.56353761999999,21.92320882
247,22.560100660000003,22.017155459999998
248,22.523390680000002,21.929983820000007
249,22.51385248,21.98550278
250,22.56754712,21.943207939999994
251,22.63082388,21.97245772
252,22.576845999999996,21.948945160000005
253,22.533979900000006,21.943357699999993
254,22.54131718,21.996321979999998
255,22.530480959999995,21.950709800000006
256,22.576822119999996,21.89869796
257,22.56699052,21.970369180000006
258,22.5399915,21.934781379999993
259,22.529836059999997,21.985038980000002
260,22.570726479999998,21.981610099999997
261,22.574687379999997,21.877917500000002
262,22.537015980000007,21.97829958000001
263,22.499051299999998,21.822492939999993
264,22.624428679999998,21.877503479999994
265,22.593155780000004,21.878740039999997
266,22.601032120000003,21.968270619999995
267,22.571315600000002,21.987459839999996
268,22.595520540000003,21.8665393
269,22.55656426000001,21.92166792
270,22.58246766,21.85738176
271,22.530298419999994,21.884375520000003
272,22.571461499999995,21.8104928
273,22.575192980000008,21.88316098
274,22.53621892,21.932451279999995
275,22.569614899999998,21.767700879999996
276,22.598790400000006,21.921484059999997
277,22.643990759999998,21.83663566
278,22.572586640000004,21.849047999999996
279,22.59249858,21.9437951
280,22.55406042,21.96380626
281,22.558068579999993,22.037807
282,22.529149240000002,21.902370020000014
283,22.586963340000008,21.95741126
284,22.57753706,21.904098999999995
285,22.571766979999996,21.919166000000004
286,22.528934940000003,21.95459178
287,22.552591080000003,21.87272484
288,22.578456279999997,21.9463488
289,22.57219146,22.021194400000002
290,22.56119330000001,21.984102259999997
291,22.590592900000004,21.955552679999997
292,22.529708499999998,21.88209418
293,22.523484019999998,21.969700820000003
294,22.5379572,21.94329064
295,22.550384079999994,21.938962360000005
296,22.63171508,21.963803279999997
297,22.57657222,22.015276760000006
298,22.535491580000002,21.88961042
299,22.55102772,21.987374680000006
300,22.54128872,22.0412988
301,22.58577186,21.909725319999996
302,22.574238239999996,21.996049640000006
303,22.562200900000004,21.990321439999992
304,22.565077799999994,21.865736159999997
305,22.561743900000007,21.97475102
306,22.590226960000006,21.94543044
307,22.560584920000007,21.8950047
308,22.579720420000008,21.999882720000006
309,22.51789842,21.87371046
310,22.61089504,21.89129904
311,22.61257094,21.971534820000002
312,22.524388900000005,21.9515133
313,22.57152932,21.884285100000003
314,22.617181860000006,21.90897194
315,22.516873840000002,21.94991502
316,22.629606280000004,21.986484280000003
317,22.560807820000004,21.980262699999997
318,22.545855579999998,21.862873360000002
319,22.56443792,21.87644448
320,22.549130060000003,21.913711760000005
321,22.54488538,21.967642760000004
322,22.514763379999998,21.967285879999995
323,22.624587740000003,21.936691139999997
324,22.518505540000007,21.89636458
325,22.546203159999994,21.980047240000005
326,22.617453740000006,21.74985818
327,22.55239374,21.96179446
328,22.564696200000007,21.911315060000003
329,22.554186100000003,21.927227699999992
330,22.557560620000004,21.948731959999996
331,22.567692340000004,21.94091997999999
332,22.546758380000007,21.862053060000004
333,22.53537494,21.932565999999998
334,22.55901586000001,21.900498040000002
335,22.55888336,21.965005579999996
336,22.576664239999996,21.9489198
337,22.5810955,21.92132126000001
338,22.573779799999997,21.95239904
339,22.55925648,21.77949862
340,22.569417139999995,22.012493959999993
341,22.58284866,21.87026562
342,22.5379202,21.94083542
343,22.529936860000007,21.968917660000006
344,22.58806554,21.872918260000002
345,22.625659419999998,21.806599639999998
346,22.58028075999999,21.889375160000004
347,22.58637902,21.906044339999994
348,22.605200720000003,22.001001739999996
349,22.5610853,21.921224040000002
350,22.60197515999999,21.958707639999997
351,22.5644614,21.95763466
352,22.621265819999998,21.842139080000003
353,22.581123300000005,21.874442919999993
354,22.57662128000001,21.89354234
355,22.51849164,21.94489972
356,22.530459460000007,21.91649718000001
357,22.544821140000003,21.90585747999999
358,22.53424222,21.961955719999995
359,22.56819214,21.937784160000007
360,22.57121276,21.892638079999998
361,22.594059499999993,22.025849720000007
362,22.560152979999998,21.948627580000004
363,22.56483098,21.947465259999998
364,22.54639686,21.836514079999997
365,22.498702120000008,21.88264788
366,22.56232018,21.915371299999997
367,22.52004798,21.945232279999995
368,22.583842760000003,21.887329580000007
369,22.523851139999998,21.96110192
370,22.53960882,21.933536680000003
371,22.65213974,21.935757439999996
372,22.548577920000003,21.956100559999996
373,22.597766439999997,21.916486859999996
374,22.538606400000003,21.909204099999997
375,22.564713320000006,21.939285020000003
376,22.57364524,21.85937104
377,22.527710799999994,21.91585336
378,22.544361259999995,21.937423860000003
379,22.551822540000003,21.959684839999994
380,22.62369754000001,21.886765459999996
381,22.5478615,22.012347140000006
382,22.53159584,21.968572639999998
383,22.552794299999995,21.94025852
384,22.542803000000006,21.753690840000004
385,22.56451404,21.908644279999997
386,22.522101659999997,21.993795540000004
387,22.61526544000001,21.937017460000003
388,22.52578272,21.95655324
389,22.564550580000006,21.92157046
390,22.616725980000005,22.026633820000008
391,22.548520780000004,21.887550359999995
392,22.56653148,21.86591888
393,22.653095739999998,21.91241715999999
394,22.557560040000002,21.921023839999997
395,22.5381916,21.93305702
396,22.58969042,21.982342099999997
397,22.52323678,21.75732702
398,22.553556419999996,21.927455879999997
399,22.50191442,21.919716100000002
400,22.55835366,21.985443099999994
401,22.593466499999998,21.84072069999999
402,22.547261759999998,21.9901575
403,22.551669200000003,21.852269579999998
404,22.562231879999995,21.942468419999997
405,22.60490894,21.981439359999996
406,22.54359502,21.928074239999997
407,22.58049234,21.91111018
408,22.536732620000006,21.88872985999999
409,22.600862140000004,21.959902779999997
410,22.524584119999997,21.82755462
411,22.5351065,21.894764419999998
412,22.57504138,21.818475879999998
413,22.593694139999997,21.976692380000003
414,22.6109267,21.88148202
415,22.552364819999998,21.89641994
416,22.571002739999997,21.936020900000003
417,22.598755999999998,21.941627500000003
418,22.594747519999995,21.985951379999996
419,22.548312959999993,21.95618114
420,22.57993452,21.926120580000006
421,22.531798099999996,21.906390999999996
422,22.524923100000002,21.929864799999997
423,22.535184620000006,21.945269160000002
424,22.574708620000003,21.907717299999995
425,22.53775214,21.981757500000004
426,22.51342118,21.97561714
427,22.555002220000002,21.770929639999995
428,22.5698012,21.892025019999995
429,22.55412786000001,21.918650340000003
430,22.5651164,21.88926424
431,22.559542260000004,21.96168594
432,22.528790300000004,22.002477520000003
433,22.5608797,21.955706299999996
434,22.57915324,21.853873319999988
435,22.566112679999996,21.978402899999995
436,22.564882939999997,21.844343200000008
437,22.645571099999998,21.86293748
438,22.54622481999999,21.887203139999997
439,22.527852620000004,22.073264699999996
440,22.586660699999996,21.87321626
441,22.561465079999998,21.96570223999999
442,22.551123959999995,21.9432336
443,22.569162600000006,21.91088294
444,22.516473100000002,21.88896244
445,22.613243200000007,21.87147598
446,22.525255660000003,21.849439140000005
447,22.5554574,21.911404199999996
448,22.587166940000003,21.947618580000004
449,22.53692060000001,21.814985699999998
450,22.569591360000004,21.861482900000006
451,22.523041020000004,21.82633152
452,22.541109700000003,21.981349159999994
453,22.551562879999995,21.891814880000002
454,22.566545479999995,21.87749152
455,22.564474199999996,21.898465900000005
456,22.500111000000008,22.018280400000002
457,22.571228119999997,21.943202700000008
458,22.601524300000005,21.934873960000004
459,22.614345160000003,21.842973060000006
460,22.568480140000002,21.872457140000005
461,22.52923156,21.893665079999995
462,22.565458760000002,21.851839419999997
463,22.52953222,21.95249766
464,22.547447159999997,21.999989039999996
465,22.592987879999995,21.925824239999997
466,22.56078826,21.85084748
467,22.553800679999995,22.003737120000004
468,22.515467140000002,21.861969159999997
469,22.593682059999995,21.949716640000005
470,22.531722379999998,21.902583200000002
471,22.590556280000005,21.963152600000004
472,22.525443860000006,21.839506140000005
473,22.580900659999994,22.002630359999998
474,22.542883200000002,22.0108218
475,22.512393760000005,21.989360020000003
476,22.526633380000003,21.92673192
477,22.566572379999993,21.9322866
478,22.533126380000002,21.95468546
479,22.502569560000005,21.980549479999993
480,22.508854900000003,21.84245152
481,22.60614822,21.97465906
482,22.56923012,21.87162402000001
483,22.538302400000003,21.814430259999998
484,22.55331350000001,21.849806520000005
485,22.591033080000003,21.925755759999998
486,22.572130019999996,22.03580028
487,22.57581756,21.976551999999998
488,22.557717779999994,21.909585460000002
489,22.535958,21.90626693999999
490,22.562101679999998,22.03850936
491,22.592869339999996,21.907575519999995
492,22.512542680000003,21.952786920000005
493,22.57812756,21.85593586000001
494,22.548864200000004,21.924084779999998
495,22.546477320000005,22.019135360000003
496,22.57141274,21.979932100000006
497,22.589926840000004,21.915004539999998
498,22.55387218,21.950117320000004
499,22.556172299999993,21.973909099999997
500,22.553380820000008,21.958178459999996
501,22.55092028,21.887524139999996
502,22.571137200000003,21.924388979999993
503,22.599602439999998,22.016889880000004
504,22.579028499999996,21.891769299999996
505,22.568272520000004,21.93990628000001
506,22.6119281,21.89868652
507,22.563101220000004,21.95223854
508,22.55052354,21.882470659999996
509,22.553579360000008,21.846244340000002
510,22.601932459999997,22.00525177999999
511,22.553379680000003,22.042782479999996
512,22.516977039999993,21.8809422
513,22.525762659999994,21.995729899999997
514,22.624921760000003,21.923916260000006
515,22.557371699999994,21.887029919999996
516,22.58622135999999,21.954856000000003
517,22.560798780000006,21.940266479999995
518,22.569068060000003,21.908669460000002
519,22.56346184000001,21.798962420000002
520,22.57824598,21.949076559999998
521,22.558825880000008,21.862595700000007
522,22.536261359999997,21.8151602
523,22.594680139999994,21.92854156
524,22.560429720000002,21.877751040000007
525,22.55830428,21.975693380000003
526,22.628131559999996,21.960603100000004
527,22.571919360000006,21.952771659999993
528,22.508572840000003,21.9069486
529,22.532949319999997,21.967287839999997
530,22.574937580000004,21.934156559999998
531,22.529824679999997,21.71290474
532,22.55068374,21.938006100000003
533,22.565430260000003,21.88912922
534,22.54775638,22.02945412
535,22.59913222,21.94153087999999
536,22.52930334,21.87171094
537,22.551226300000003,21.996664979999995
538,22.5842733,21.97073454
539,22.59503016,21.831249659999997
540,22.538885860000004,21.833420079999996
541,22.525607560000008,21.8473875
542,22.58307116,21.973129820000004
543,22.56036146,22.09854916
544,22.626897239999998,21.91511812
545,22.497878279999995,21.825068659999996
546,22.580691920000007,21.812476500000006
547,22.584514700000003,21.879648340000003
548,22.52232962,21.872630140000002
549,22.58685466,21.85735518
550,22.503770019999997,21.992857599999997
551,22.54154958,21.960465680000002
552,22.576946440000007,21.978175099999998
553,22.532753660000004,21.941146499999995
554,22.564243280000007,21.956893920000002
555,22.55449642000001,22.059168939999996
556,22.534869580000006,21.90994652
557,22.51824734,21.925111100000002
558,22.592069440000003,21.930114800000002
559,22.58170444,21.94222318
560,22.564638999999996,21.797463280000002
561,22.56867058,21.873269820000008
562,22.56991356,21.886643979999995
563,22.609368220000007,21.85421064
564,22.6023164,21.936870439999996
565,22.58978506,21.768867480000008
566,22.50793048,21.931208580000003
567,22.5998368,21.936725979999995
568,22.555207480000004,21.911311039999998
569,22.578536479999993,21.944667519999985
570,22.545456119999994,21.88717776
571,22.54953516,21.81179642
572,22.544904440000003,22.063023819999998
573,22.599650320000002,21.985793879999996
574,22.548030660000006,21.799169759999995
575,22.568750559999998,21.99965278
576,22.508681460000002,21.903379559999994
577,22.523154059999996,21.81652744
578,22.544701340000003,21.994299480000006
579,22.539751920000004,21.952548759999996
580,22.5505365,21.941684419999998
581,22.52308593999999,21.878529780000008
582,22.56883738,21.93422324
583,22.525890299999997,21.94903827999999
584,22.53646378,22.00532852
585,22.58026144,21.852098379999994
586,22.536469159999996,21.97907964
587,22.538672440000006,22.04378192
588,22.62078722,21.891177399999993
589,22.53022906,21.873793759999998
590,22.512546540000002,22.015009159999998
591,22.574777200000007,21.948527159999994
592,22.603548500000002,21.981366959999992
593,22.664885320000003,22.050388339999994
594,22.54276662,21.9248532
595,22.5906556,21.9644536
596,22.5265526,21.992328980000003
597,22.59144099999999,21.8913943
598,22.53193962,21.94911886
599,22.545831120000003,21.8999534
600,22.530057380000006,21.81728176000001
601,22.540267679999992,22.035066380000007
602,22.575038560000003,21.86197686
603,22.57115528,21.865820999999997
604,22.55021633999999,21.954528580000005
605,22.57970086,21.92097146
606,22.56199384000001,21.94696011999999
607,22.54944122,21.901866319999996
608,22.575881499999994,21.95977948
609,22.5803405,21.927783520000002
610,22.600752319999998,21.9940936
611,22.57278774,21.892238000000003
612,22.535463219999997,21.8589099
613,22.56933524,21.908418100000013
614,22.5477738,21.959028660000005
615,22.50122754,22.010685460000005
616,22.522658699999997,21.913732159999995
617,22.614799440000002,21.99785542
618,22.613572840000003,21.91585076000001
619,22.56144172,21.977696699999996
620,22.570840380000003,21.992441319999998
621,22.565595660000003,21.846621539999997
622,22.554675740000004,21.871185239999996
623,22.519982740000003,21.784710920000002
624,22.633205399999994,22.006420320000004
625,22.539663040000004,21.916115719999997
626,22.556421479999997,21.84781176
627,22.572188119999996,22.004526119999994
628,22.571403099999994,21.955953799999996
629,22.592734999999998,21.951800219999992
630,22.53134614,22.000642559999996
631,22.5948536,21.949382540000006
632,22.56717376,21.87636994
633,22.557644999999997,21.93882682
634,22.5788479,21.90598536
635,22.492033920000004,21.801366360000003
636,22.546491339999992,21.873376419999996
637,22.546745580000003,21.87375128
638,22.54786474,22.02541342000001
639,22.5326413,21.928703300000006
640,22.546553560000003,21.781388479999997
641,22.582177100000003,21.910421119999995
642,22.50877336,21.851262200000004
643,22.537768619999998,21.824211719999997
644,22.560765039999996,21.943133699999997
645,22.50394022,21.904257179999995
646,22.58188924,21.974568419999997
647,22.527657259999998,21.88355642
648,22.548935800000002,21.956428619999997
649,22.54092826,21.9559007
650,22.548321439999995,21.996515360000004
651,22.59426832,21.81071886
652,22.54691296,21.943911260000004
653,22.614643580000003,21.936285440000002
654,22.510414179999998,21.93755976
655,22.529285620000007,21.822599219999997
656,22.5228019,21.901915539999994
657,22.586376960000003,21.935556419999998
658,22.534053600000004,21.88599342
659,22.574828880000005,21.962696900000005
660,22.555653200000002,21.983846
661,22.5694941,21.892953800000004
662,22.582278500000008,22.009804259999996
663,22.605589720000008,21.946781400000006
664,22.558698360000005,21.883646640000006
665,22.550959060000004,22.00967729999999
666,22.539397860000005,21.992265899999996
667,22.572629160000005,21.869045019999998
668,22.53805432,21.931567239999996
669,22.601366279999997,21.94379552000001
670,22.59292718,21.8491442
671,22.535356540000002,21.916204200000003
672,22.602139319999996,21.97881964
673,22.54682206,21.946463979999997
674,22.52195124,21.867338640000003
675,22.543822100000003,21.98556813999999
676,22.628024300000007,21.8888727
677,22.59449438,21.932372540000003
678,22.539475259999996,22.006675060000006
679,22.568188999999997,21.979507520000002
680,22.52862254,21.90420416
681,22.55504572,21.92193312
682,22.547064479999996,21.904998799999994
683,22.50728828,21.902226859999995
684,22.541903259999998,21.883633079999996
685,22.53820304,21.850209099999997
686,22.53889888,21.881885620000002
687,22.53576426,21.719823979999997
688,22.584491620000005,21.952293919999992
689,22.57026492,21.939456099999997
690,22.59002488,21.900670639999994
691,22.567139879999996,21.808177620000002
692,22.59420288,21.951294980000004
693,22.564300239999994,21.94380930000001
694,22.548451500000006,21.924884319999997
695,22.541224120000003,21.772303559999997
696,22.562460879999993,21.806102
697,22.596809060000005,21.86381218
698,22.545350080000002,21.824340739999993
699,22.51915586,21.910297420000003
700,22.610817660000006,21.783809519999995
701,22.54961784,21.785418499999995
702,22.55395937999999,21.90837202
703,22.52528432,21.900519339999995
704,22.596794119999995,21.804170919999997
705,22.57838786,21.969917000000006
706,22.5687289,21.89137292
707,22.535373019999998,21.36962128
708,22.547026579999997,21.971201980000004
709,22.557536780000007,21.99348528
710,22.507766259999997,21.929437999999994
711,22.592035380000006,21.957248219999997
712,22.54867276,22.034784180000003
713,22.556486480000004,21.860946319999996
714,22.59172302,21.85995986
715,22.585406599999995,21.899626400000002
716,22.516603319999998,21.81893792
717,22.51882476,21.908428699999998
718,22.568734159999998,21.964726860000006
719,22.549413820000005,21.95636526
720,22.56151612,22.004378199999998
721,22.527370319999996,21.931392320000008
722,22.529527840000004,21.93676442
723,22.540235100000007,21.78888044
724,22.570354220000002,22.031037180000002
725,22.618499859999996,22.00888246
726,22.565036000000006,21.82302604
727,22.529382740000003,21.846191700000006
728,22.59769552,21.891303419999996
729,22.58302416,21.883749159999997
730,22.604878319999997,21.87123759999999
731,22.54083576,21.95183792
732,22.524665560000006,21.9903776
733,22.530456940000004,22.06708031999999
734,22.564814040000005,21.89381088
735,22.601163960000008,21.94372972
736,22.55815724,21.924956299999995
737,22.548438079999997,21.925198140000006
738,22.578655259999994,21.934705960000006
739,22.568011720000005,21.99431826
740,22.52041464,21.92154368
741,22.613936680000005,21.948603119999998
742,22.610373900000003,21.85948897999999
743,22.605566600000003,21.849798919999998
744,22.54367532,21.836132499999994
745,22.52137872,21.933791600000003
746,22.580354080000003,21.809728399999997
747,22.56594124,21.892314580000008
748,22.55847199999999,21.838688140000002
749,22.511983899999997,21.972946320000002
750,22.524832200000002,21.89383354
751,22.5368237,21.99842286
752,22.586058360000003,22.016077319999994
753,22.549146259999997,21.916782940000008
754,22.570305500000003,21.93714176
755,22.540774419999998,21.998862280000004
756,22.6167039,21.9923044
757,22.522061060000002,21.984775200000005
758,22.575794299999995,21.990351940000004
759,22.52159832,21.906456860000002
760,22.560333079999996,21.958123859999997
761,22.590031359999994,21.960029460000005
762,22.539033479999993,21.914484880000003
763,22.51108334,21.999554999999997
764,22.555047799999997,21.93888778
765,22.612945999999997,21.935228459999998
766,22.56280732,21.930316780000002
767,22.53845541999999,21.95884022
768,22.551868199999998,21.886943279999997
769,22.535052820000004,21.91181384
770,22.567881700000008,21.896434980000002
771,22.538758460000004,21.91190374
772,22.547833579999995,21.91203282
773,22.643730679999994,21.970405380000006
774,22.5621167,21.92581523999999
775,22.552278299999998,21.932662820000004
776,22.54476612,21.94192857999999
777,22.547525819999997,21.89300338
778,22.546658460000007,21.920039819999996
779,22.583844820000003,21.800373920000002
780,22.533709860000002,21.841804419999995
781,22.51965024,21.937787619999998
782,22.56553884,21.958500479999998
783,22.52379906000001,22.02730486
784,22.574225539999997,21.829228979999996
785,22.60382078,21.80871748
786,22.563803519999997,21.941017779999996
787,22.605539999999998,21.945907239999997
788,22.524761499999997,21.87204264
789,22.58399972,22.060314
790,22.54618162,21.841673420000006
791,22.557915380000004,21.91543293999999
792,22.573425040000004,22.02303598
793,22.60856686,21.871636000000002
794,22.54135228,21.97148152
795,22.5697802,21.879217179999998
796,22.553208520000002,21.89173518
797,22.565941500000008,21.915540819999993
798,22.548676919999995,21.84804948
799,22.5741311,21.951143920000003
800,22.551396900000004,21.870343880000004
801,22.533446860000005,21.890311620000002
802,22.603869240000005,22.026433180000005
803,22.58545178,21.9960414
804,22.532442560000003,21.96439164
805,22.525142220000003,21.901836020000005
806,22.519572280000006,21.931300819999997
807,22.575258540000004,21.914743759999997
808,22.55051976,21.99941096
809,22.574882080000005,22.07141380000001
810,22.58888582,22.058211360000005
811,22.603069220000005,21.860647200000002
812,22.585300339999993,21.87738668
813,22.570405140000005,21.86163968
814,22.505467419999995,21.971480900000003
815,22.53933598,21.865399119999992
816,22.551609940000006,21.98618318
817,22.537555899999997,21.985946160000005
818,22.53074486000001,22.01483812
819,22.552665560000005,21.729102279999996
820,22.528533619999997,21.89952124
821,22.588124320000002,21.849151180000007
822,22.551604979999997,22.030679560000003
823,22.567032639999997,21.909385960000005
824,22.519508199999997,21.899396100000008
825,22.555213279999997,22.066088920000002
826,22.55321294000001,21.929426339999996
827,22.52389642,21.93895928
828,22.552338680000002,21.91940298
829,22.567031959999998,21.848521199999997
830,22.503400300000006,21.931766200000002
831,22.506958140000005,21.917789860000003
832,22.5354996,21.922438320000005
833,22.50145102,21.834235499999995
834,22.55067671999999,21.970787920000003
835,22.566040719999993,21.845645360000002
836,22.576074200000004,21.89642178
837,22.56712763999999,21.910222440000002
838,22.568537820000003,21.846743039999996
839,22.54146190000001,22.011968779999997
840,22.554258660000006,21.993002099999998
841,22.495371100000003,21.906929819999995
842,22.54223328,21.964820059999994
843,22.58407786,21.8603463
844,22.531499419999996,21.989124899999997
845,22.51649112,21.889275099999995
846,22.573520920000007,21.919491759999993
847,22.570959300000005,21.904187260000004
848,22.601782940000003,21.924579639999997
849,22.52583644,21.894861659999997
850,22.536573240000003,21.903187939999995
851,22.590060099999995,21.933663180000003
852,22.577754,21.925043419999998
853,22.51420628,22.02246732
854,22.575854040000003,21.909374079999992
855,22.55576614,21.89614592
856,22.642142579999998,21.909217019999993
857,22.5410877,21.80707
858,22.564395980000004,21.966009140000004
859,22.5445978,21.866101060000005
860,22.489443360000006,21.924357619999995
861,22.57259846,21.810456440000003
862,22.543873040000005,21.935256080000002
863,22.57984762,21.825705999999997
864,22.54676148,21.82036364
865,22.52748082,21.86275306
866,22.577716380000002,21.915927239999995
867,22.57113352,21.794978059999995
868,22.54575422,22.022751879999998
869,22.58552842,21.895826499999995
870,22.557499820000004,21.902785059999992
871,22.554677100000003,21.945007640000004
872,22.60018092,21.94532772
873,22.551084619999997,21.836613420000006
874,22.53492804,21.88909473999999
875,22.558261700000003,21.9662009
876,22.56462488,21.95764786
877,22.61337586,21.915928640000008
878,22.49761150000001,21.94730512
879,22.571063320000004,22.037270740000004
880,22.53840138,21.981937219999995
881,22.56055066,21.957535619999998
882,22.59773188,21.872712980000003
883,22.53892582,22.01590838000001
884,22.607872739999998,21.836756560000005
885,22.553719380000004,21.9271333
886,22.581366180000003,21.890081539999997
887,22.52527954,21.9530604
888,22.562488600000005,21.94304487999999
889,22.583356200000004,21.903596659999998
890,22.528623800000002,21.91721982
891,22.575334480000002,21.84478824
892,22.552951560000007,21.975792660000003
893,22.565522579999996,21.98897876
894,22.568498740000006,22.035669259999995
895,22.49046734,22.02013336
896,22.594377740000006,21.86076402
897,22.59700132,21.75118404
898,22.5468004,21.92891630000001
899,22.529517379999998,21.918199199999993
900,22.556560500000003,22.014808739999992
901,22.564224440000004,21.91925714
902,22.549868559999997,21.945584699999998
903,22.60402466,21.844635659999994
904,22.54129208,21.8903889
905,22.552699200000003,22.003493980000002
906,22.564295520000005,22.0185653
907,22.540531759999993,21.9943048
908,22.5505923,21.94414288
909,22.550986020000003,21.978571060000004
910,22.6007251,21.841848040000006
911,22.5989326,21.850324600000004
912,22.579748300000002,21.9563712
913,22.506188180000002,21.940784280000003
914,22.65829228,21.90962802
915,22.579951040000005,21.84696796
916,22.536954660000003,21.982255600000002
917,22.522954800000008,21.944468119999996
918,22.51532736,21.843544079999997
919,22.562503560000003,21.85741528
920,22.560481919999994,22.03987482
921,22.58113694,21.982514700000007
922,22.575369960000007,21.946176760000004
923,22.570283359999998,21.708623039999992
924,22.63106878,22.013540279999997
925,22.551571400000004,21.9181811
926,22.562887560000004,21.70515525999999
927,22.586432659999996,21.989364339999998
928,22.511088360000002,21.86459304
929,22.54295366,21.858486420000006
930,22.57695834,21.89579502
931,22.589100900000002,21.9269874
932,22.52226672,21.920072639999997
933,22.546214539999998,21.941601800000008
934,22.540682000000007,21.84229356
935,22.608715500000006,22.021184279999996
936,22.555523900000004,21.9641893
937,22.589940639999995,21.978123019999995
938,22.57920736,21.903318919999997
939,22.56287054,21.948595539999996
940,22.56855204,21.912489160000003
941,22.515478700000003,21.85982824
942,22.55669356,21.8183599
943,22.540882420000003,21.94611662
944,22.552573,21.98886944
945,22.578144540000004,21.799773260000006
946,22.527674439999995,21.915403579999996
947,22.6374134,21.909310159999997
948,22.562072160000003,21.92542286000001
949,22.53919866,21.86127808
950,22.549209419999997,21.902709960000006
951,22.612603099999998,21.908092979999996
952,22.612512320000004,21.904868119999996
953,22.53951724000001,21.857457440000008
954,22.610195440000005,21.869598719999995
955,22.53969002,21.947497100000007
956,22.527964420000004,21.915157920000002
957,22.5153794,21.93772655999999
958,22.512792040000004,21.956068580000007
959,22.569946720000004,21.927461340000008
960,22.513146880000004,21.88765148
961,22.56697106,21.8731878
962,22.5828531,21.962840520000004
963,22.55177458,21.8294252
964,22.5374356,21.900107339999998
965,22.539098459999995,21.976005280000003
966,22.56383996,21.954006340000007
967,22.522382199999996,21.9345619
968,22.54412271999999,21.933712919999998
969,22.506193439999997,22.02221262
970,22.533195839999998,22.015552180000004
971,22.523190419999995,21.988284299999997
972,22.536283759999996,21.919109999999996
973,22.529612959999994,21.980712379999996
974,22.5896866,21.893239320000003
975,22.551229740000004,21.948374359999992
976,22.54077258,21.91818576
977,22.606108340000006,21.990213859999997
978,22.562522180000006,21.956707099999996
979,22.553663040000007,21.971047260000006
980,22.550608800000006,21.9742211
981,22.537957879999993,21.994517639999998
982,22.594516,21.94253274
983,22.5468073,21.807288800000002
984,22.53035366,21.672530640000005
985,22.58429072000001,21.922843879999995
986,22.55732734,21.92591154
987,22.570436020000006,21.941689620000002
988,22.5889702,21.968355559999996
989,22.53485354,21.87714714
990,22.579767739999998,21.991758120000004
991,22.55497144,21.92229498
992,22.558689940000004,21.847203640000004
993,22.54579588,21.91550148
994,22.561447800000007,21.97359494
995,22.545870060000002,22.046115160000003
996,22.604841099999994,21.9720076
997,22.521596699999996,21.853453179999995
998,22.566983239999995,21.88984352
999,22.56671846,21.887679700000003
1000,22.591708040000004,21.82815538
1001,22.509527100000003,22.008225820000003
1002,22.61040684,21.8255201
1003,22.5872166,21.97760628
1004,22.580800720000006,21.968217539999998
1005,22.545432020000003,21.823678840000003
1006,22.54886966,21.97671724
1007,22.576481360000006,21.880233740000005
1008,22.650862639999996,21.99085052
1009,22.518191420000004,21.938627280000006
1010,22.598729379999998,21.9828737
1011,22.55433252,21.946956200000002
1012,22.551699740000004,21.913400000000006
1013,22.590929280000005,21.866673040000002
1014,22.5767734,21.89966094
1015,22.526818319999997,21.98876882
1016,22.55623428,22.021215100000003
1017,22.56642342,21.86653254000001
1018,22.58697014000001,21.895197239999998
1019,22.545327259999993,21.95925656
1020,22.591825579999995,21.92001434
1021,22.570873660000004,21.96012680000001
1022,22.557736079999998,22.01703442
1023,22.58214064,22.00505072
1024,22.55296024,21.94559024
1025,22.57192912,21.87548666
1026,22.555828739999995,21.926904679999996
1027,22.573220459999995,21.867998539999995
1028,22.556122000000002,21.864227300000003
1029,22.550770420000003,21.900767079999994
1030,22.55683234,21.886975959999994
1031,22.554333900000003,21.90499606
1032,22.525785840000005,21.62315882
1033,22.54831655999999,21.95290352
1034,22.545003419999997,21.89508574
1035,22.548392840000005,21.978882119999998
1036,22.565328720000004,21.90021074
1037,22.584208099999998,22.03233448
1038,22.551977919999995,21.854041579999997
1039,22.549941799999996,21.908262300000004
1040,22.573089660000008,21.885435980000008
1041,22.5519417,21.958890620000005
1042,22.549508420000002,22.018238319999995
1043,22.556513320000004,21.935863180000002
1044,22.5983124,21.69878991999999
1045,22.62428262000001,21.900187080000002
1046,22.570754999999995,21.874153319999994
1047,22.56884742,21.927808239999994
1048,22.58715592,21.680709980000003
1049,22.53895256,21.926659160000003
1050,22.541676620000004,21.78826004
1051,22.535171480000002,21.739774080000004
1052,22.543863659999996,22.00360546
1053,22.538029780000006,21.7195629
1054,22.562182779999997,21.922961219999998
1055,22.555858620000002,21.898742
1056,22.526991220000003,21.839230519999997
1057,22.57157882,21.916324499999995
1058,22.556263800000007,21.881853000000007
1059,22.53961226,21.855110219999997
1060,22.5393397,21.89202686
1061,22.597430400000007,21.927426280000006
1062,22.58795254,21.874587580000004
1063,22.523881600000003,21.683464760000007
1064,22.577397159999997,21.921331160000005
1065,22.592980799999992,21.953476659999996
1066,22.54296648,21.938189700000002
1067,22.528531240000003,21.99133022
1068,22.58235878,21.803523420000005
1069,22.541798099999998,21.86546502
1070,22.6183227,22.002313940000004
1071,22.556494360000006,22.025010200000008
1072,22.5610685,21.986449959999995
1073,22.543871760000002,21.82325344
1074,22.587551159999997,21.937915759999996
1075,22.553553059999995,22.01195816
1076,22.50760926000001,21.89503774
1077,22.557307220000002,21.914991439999998
1078,22.5825197,21.9268756
1079,22.56196532,21.910649059999997
1080,22.59485698,21.85489016
1081,22.6144677,21.910655699999996
1082,22.528065140000002,22.01487142
1083,22.54741594,21.9722915
1084,22.52932051999999,22.01843726000001
1085,22.539071040000007,21.886213799999993
1086,22.554346480000003,21.898878839999988
1087,22.551297839999997,21.918732999999996
1088,22.48196860000001,22.028211759999998
1089,22.52496264000001,21.94764066
1090,22.537004800000005,21.95496510000001
1091,22.57005276,21.890000340000007
1092,22.515650819999998,21.920521739999998
1093,22.535862019999996,21.95439914
1094,22.54654718,21.99142902
1095,22.580186400000006,21.885726539999993
1096,22.53077826,21.978628120000003
1097,22.560973320000006,22.001995400000006
1098,22.581135719999992,21.841275059999997
1099,22.574864919999996,21.86115888
1100,22.5223203,21.89232806
1101,22.590314860000003,21.94615632
1102,22.57784226,21.948152760000003
1103,22.588340560000002,21.912832319999996
1104,22.532823400000005,21.960805879999995
1105,22.589070779999997,21.968683839999997
1106,22.542607439999998,21.926611779999998
1107,22.54540698,21.93574382
1108,22.584436560000004,21.951957659999998
1109,22.61144612,21.920772919999994
1110,22.65183378,21.94676742
1111,22.6079555,21.995090920000003
1112,22.566331220000002,21.897209819999997
1113,22.512742559999996,21.86561343999999
1114,22.50065408,21.93471842000001
1115,22.563438060000003,21.897201700000004
1116,22.535740459999992,21.9744532
1117,22.543892380000006,21.85958002
1118,22.526463980000006,21.764110380000005
1119,22.633857640000002,21.908091980000012
1120,22.542139480000007,21.8971496
1121,22.54849672,21.933198959999995
1122,22.542497320000003,21.990270799999998
1123,22.53149582,21.86683968000001
1124,22.60526954,21.946889860000002
1125,22.571044000000008,21.88948164
1126,22.58344962,21.91726578
1127,22.578993600000004,21.998906499999997
1128,22.540954860000003,21.868054859999997
1129,22.581571439999998,21.84797358000001
1130,22.551639780000002,21.925861060000003
1131,22.519109940000003,21.900329000000003
1132,22.556779819999996,21.796438159999997
1133,22.55560842000001,21.95080332
1134,22.53392072,21.883416200000003
1135,22.576792220000005,21.833342459999997
1136,22.533946760000003,21.899535439999994
1137,22.547499000000002,21.86548356
1138,22.58188784,21.88788548
1139,22.578469120000005,21.99443936
1140,22.539795739999995,21.975488379999998
1141,22.53042437999999,21.757163419999998
1142,22.593080479999994,21.998985320000003
1143,22.556725,21.981904560000004
1144,22.633816119999995,21.922809380000004
1145,22.52713806,21.987045819999995
1146,22.54656544,21.939537800000004
1147,22.54259358,21.819187119999995
1148,22.589511140000003,21.947134880000007
1149,22.553781119999993,21.83734706
1150,22.601381380000007,21.971872400000002
1151,22.56368198,21.887934659999996
1152,22.58186008000001,21.877933760000005
1153,22.59342538,21.817668899999994
1154,22.529965600000004,21.935952900000004
1155,22.538505599999993,21.909810180000004
1156,22.538128920000005,21.9178989
1157,22.556144540000002,21.86170534
1158,22.594018660000003,21.865401100000003
1159,22.547831820000006,21.963573900000007
1160,22.56644402,21.9754867
1161,22.63454938,21.848923519999992
1162,22.57085958,22.00332852
1163,22.585693180000003,21.929714399999998
1164,22.578029259999997,21.994600140000006
1165,22.560797160000003,21.961559180000005
1166,22.618571640000006,21.840633900000007
1167,22.584907120000004,21.994870819999996
1168,22.520382740000006,21.979128120000006
1169,22.53719968,21.943365419999992
1170,22.58111018000001,21.86298828
1171,22.572457420000006,21.88845758
1172,22.509658599999998,21.92980934
1173,22.581102019999992,21.852823139999995
1174,22.629317340000007,22.000770660000004
1175,22.57812878,21.927756839999997
1176,22.545956300000007,21.93479323999999
1177,22.55147428,22.015653360000005
1178,22.58235864,21.882559920000002
1179,22.559374559999995,21.89146288000001
1180,22.530020900000004,21.994867180000007
1181,22.6787909,21.92012396
1182,22.55003038,21.861333060000007
1183,22.5877979,21.973954660000008
1184,22.52889064,22.001501080000004
1185,22.57662024000001,21.890358260000014
1186,22.5387914,21.92459287999999
1187,22.544092579999994,21.947264339999997
1188,22.52188212,21.996533319999998
1189,22.534196820000002,21.9875455
1190,22.552455880000004,21.847907460000002
1191,22.56225574,21.758034359999993
1192,22.521196320000005,21.884830139999995
1193,22.55172298,21.90109874
1194,22.6009744,21.920906619999997
1195,22.511041300000002,21.87874672
1196,22.593843040000003,21.92181368
1197,22.583815639999997,21.929364220000004
1198,22.625246240000003,21.882880380000007
1199,22.574999660000003,21.86470812
1200,22.595485160000003,21.99265376
1201,22.591738260000007,21.86891474
1202,22.552336060000002,21.845655260000004
1203,22.5113878,21.88959782
1204,22.616263200000006,21.920836380000004
1205,22.680329800000003,21.96497052
1206,22.518507060000005,22.02674527999999
1207,22.57875224,21.948907040000005
1208,22.50897488,21.98378604
1209,22.55679048,21.939860739999993
1210,22.548290780000002,21.974758380000004
1211,22.563854380000002,21.940105299999995
1212,22.596419499999996,21.93006774
1213,22.554982519999996,21.929383540000003
1214,22.51518522,21.914575159999995
1215,22.547311160000003,21.917935500000002
1216,22.532495699999995,21.936159680000006
1217,22.561574320000005,21.92225566000001
1218,22.51387352,22.022079599999998
1219,22.523697540000004,21.931729160000003
1220,22.5329038,21.872707580000007
1221,22.525372939999997,21.994825000000006
1222,22.57927718000001,21.891196120000004
1223,22.593867059999997,21.85354966
1224,22.556081340000006,21.944233880000002
1225,22.562280740000006,21.905781839999996
1226,22.527090720000004,22.021976300000002
1227,22.530805100000002,21.863783599999998
1228,22.55307186,21.845953220000006
1229,22.517200219999996,21.85113790000001
1230,22.5378128,21.964385540000002
1231,22.58608494,21.880955219999997
1232,22.568064360000005,21.892889059999998
1233,22.538564339999997,21.898400000000002
1234,22.53475010000001,21.92305818
1235,22.52849882000001,21.87841944
1236,22.565845120000002,21.878825040000002
1237,22.5476731,21.929942819999997
1238,22.513785740000003,21.914976839999998
1239,22.578277719999996,21.88136234
1240,22.56007502,21.852349240000002
1241,22.5624852,21.843410580000004
1242,22.52471902,21.92728726
1243,22.533918000000003,21.973994380000008
1244,22.531238680000005,21.890499840000004
1245,22.5426877,22.04613086000001
1246,22.592737940000006,21.84959178
1247,22.573871240000003,21.91567638
1248,22.55378702,22.041208780000005
1249,22.51269188,21.953511060000004
1250,22.550872839999997,21.859423439999997
1251,22.632705180000006,21.966087079999994
1252,22.618738420000003,21.875880920000004
1253,22.5420625,21.98675554
1254,22.551568200000002,21.799753359999997
1255,22.567099620000004,21.732146719999996
1256,22.5430537,21.810062119999998
1257,22.541486860000006,21.849561499999997
1258,22.60097242,21.961831420000006
1259,22.516192299999997,21.818651400000004
1260,22.57812672,21.81604426000001
1261,22.582081580000004,21.955180699999996
1262,22.545239459999998,21.92765808
1263,22.614462,21.91370276
1264,22.535229660000006,21.984820279999997
1265,22.533937180000002,22.003646520000007
1266,22.527731540000005,21.89388846
1267,22.59923084,21.82616172
1268,22.603747240000004,21.925851700000003
1269,22.559422820000005,21.808905240000005
1270,22.5288276,21.849883919999996
1271,22.555092220000002,21.843820619999995
1272,22.568597060000002,21.918761519999993
1273,22.577263400000003,21.93706200000001
1274,22.536109720000002,21.890308700000002
1275,22.56476412000001,21.827191599999995
1276,22.569343520000004,21.892741439999995
1277,22.59110586,21.917735240000003
1278,22.531844160000006,21.98767584
1279,22.57637098,21.938141960000006
1280,22.52161639999999,22.04864032
1281,22.56479274000001,21.935929880000003
1282,22.54987106,21.941214000000006
1283,22.562879980000005,21.935454480000008
1284,22.55415462,22.00514012
1285,22.535704880000004,21.965578839999992
1286,22.578205040000004,22.003102440000003
1287,22.580577860000002,21.770635499999994
1288,22.575252960000004,22.02236540000001
1289,22.553399520000003,21.926665699999997
1290,22.583330179999997,21.981331579999996
1291,22.55103888,21.800779359999996
1292,22.56655136,21.939947000000004
1293,22.514922860000006,21.811308639999996
1294,22.5052888,21.915135460000002
1295,22.574495160000005,21.894664040000006
1296,22.521048040000004,21.976010520000003
1297,22.54549922,21.935384420000002
1298,22.610963460000004,21.899405459999993
1299,22.560749560000005,21.92655814
1300,22.537371819999997,22.127515759999998
1301,22.57475988,21.97703478
1302,22.531342979999998,22.008953419999994
1303,22.56004998,21.93433092
1304,22.55312312,21.93797604
1305,22.560025740000004,21.925998860000004
1306,22.535883320000003,21.932296099999988
1307,22.55876457999999,21.90033358
1308,22.571118900000005,21.889499419999996
1309,22.53593378,21.976546300000006
1310,22.598951660000008,21.88176414
1311,22.577265080000004,21.83602549999999
1312,22.559866240000005,21.889961559999996
1313,22.564895380000003,21.979710440000005
1314,22.560277059999997,21.86033115999999
1315,22.631564040000004,21.984461699999997
1316,22.574260480000003,21.95248878
1317,22.597192560000003,21.813136159999996
1318,22.558031240000002,21.896197979999993
1319,22.525632900000005,21.951075799999998
1320,22.592139799999998,21.83835705999999
1321,22.582360059999996,21.89468056
1322,22.533011400000007,21.850931819999996
1323,22.59806612000001,21.876709660000003
1324,22.53119648,21.84200034
1325,22.55939186,21.92840258
1326,22.58222126,21.928507219999997
1327,22.544668519999995,21.966949339999996
1328,22.53992454,21.881894820000003
1329,22.566236659999994,21.925029120000005
1330,22.502944319999997,21.8450284
1331,22.574028039999998,21.906864039999995
1332,22.548627420000006,21.997346320000005
1333,22.562548680000006,22.012023339999992
1334,22.5817999,21.856256360000003
1335,22.56480784,21.9348048
1336,22.533657579999996,21.956714599999994
1337,22.623948660000007,21.857405439999997
1338,22.529983080000008,21.88482276
1339,22.56734058,21.877763300000005
1340,22.56922656,21.935138220000002
1341,22.562710020000004,21.9008003
1342,22.5636988,21.948162260000007
1343,22.60517412,21.93375002
1344,22.53366078,21.9731163
1345,22.54660684,21.9250764
1346,22.648697399999996,21.921344120000004
1347,22.6003795,21.952440520000003
1348,22.557258299999997,21.902851500000008
1349,22.536129899999995,21.960523620000014
1350,22.623952219999996,21.943672599999996
1351,22.564398380000007,21.84877476
1352,22.59884372,21.895562019999993
1353,22.554578899999996,21.779579819999995
1354,22.565844100000003,21.96928884
1355,22.5538778,21.969237599999996
1356,22.59917908,21.910654340000004
1357,22.57420884,21.918565520000005
1358,22.59962326,21.915199719999997
1359,22.54261924,21.918370500000005
1360,22.591813079999998,21.973955760000003
1361,22.62003996,21.861707140000004
1362,22.5567751,22.026754340000004
1363,22.48575818,21.868719060000007
1364,22.54725814,21.931370480000005
1365,22.51808242,21.96160894
1366,22.562703960000004,21.859674939999994
1367,22.552235219999993,21.799542499999998
1368,22.574855760000005,22.000510499999997
1369,22.548145260000005,21.906746299999995
1370,22.57045158,21.97489832
1371,22.542920760000012,21.820723819999994
1372,22.57637956,21.993168400000005
1373,22.518190780000005,21.86236708
1374,22.53882692,21.72386644
1375,22.557915899999998,21.88974542
1376,22.557571760000005,21.957417160000006
1377,22.53652168,21.851267440000004
1378,22.51966566,21.751342920000006
1379,22.570913960000002,21.99012028
1380,22.51081338000001,21.98154829999999
1381,22.552017,21.925205919999993
1382,22.538007859999997,21.761353820000007
1383,22.557302240000002,21.9989551
1384,22.578221659999993,21.858668459999993
1385,22.52148786,21.953790420000004
1386,22.52548174,21.966398839999997
1387,22.61181768000001,21.97713606
1388,22.647844080000006,21.9760113
1389,22.495777140000005,21.980483579999994
1390,22.54237892,21.833625719999997
1391,22.53668072,21.93121102
1392,22.525189760000007,21.988020259999995
1393,22.546551060000002,21.904773999999996
1394,22.573944959999995,22.000292039999998
1395,22.581605319999998,21.963345520000004
1396,22.54528146000001,21.65588702
1397,22.63608904,21.854674719999995
1398,22.618428240000007,22.016675919999997
1399,22.542634940000003,22.007373480000005
1400,22.52968370000001,21.79175868
1401,22.593351420000005,21.832665639999995
1402,22.5681479,21.979189540000007
1403,22.553788580000006,21.951999939999997
1404,22.562707500000002,21.91961424
1405,22.59558588000001,21.9054816
1406,22.520751340000007,21.94298456
1407,22.55857704,21.81341124
1408,22.55243532,21.7788495
1409,22.62804204,22.002095760000007
1410,22.542441720000003,21.924000659999997
1411,22.55980728,21.929772580000005
1412,22.60548244,21.94712128
1413,22.535838860000002,21.880699720000006
1414,22.585691520000005,21.83731288
1415,22.55177702,21.98017312
1416,22.527314840000003,21.974510300000002
1417,22.597112120000002,21.899086080000004
1418,22.54093212,21.992754300000005
1419,22.54433978,21.937679340000003
1420,22.518403420000006,21.96495232
1421,22.55462058000001,21.97755126
1422,22.5293762,21.89222574
1423,22.555093820000007,21.881282979999995
1424,22.563480800000008,21.962417600000002
1425,22.535139400000002,21.879291860000002
1426,22.589942640000007,22.00732944
1427,22.585613379999998,21.859385560000007
1428,22.600736740000002,21.793199960000006
1429,22.5666946,21.95818758
1430,22.55755608000001,21.807208919999994
1431,22.53098008,21.91395676
1432,22.584501740000004,21.89767882
1433,22.52266812,21.942462440000003
1434,22.550168019999997,21.869291560000008
1435,22.538234780000007,21.847306080000003
1436,22.553465160000005,21.883764380000002
1437,22.568042119999994,21.90865274
1438,22.534776399999995,21.92949438
1439,22.56898176,21.92714204
1440,22.549345119999998,21.885113660000002
1441,22.53994114,22.01495284
1442,22.524866140000004,21.93176802
1443,22.572068499999997,21.93780158
1444,22.5200143,21.85831302
1445,22.532666099999997,21.989209720000005
1446,22.5765515,21.928190700000002
1447,22.55074128,21.88202218
1448,22.563397940000005,21.932701439999995
1449,22.559942839999998,21.937231740000005
1450,22.5432762,21.87449472
1451,22.577503380000003,21.930502879999995
1452,22.588201100000006,21.963779199999998
1453,22.57277466,22.028068380000008
1454,22.570048140000004,21.90206912
1455,22.557825460000007,21.940783100000004
1456,22.589720980000006,21.973421400000003
1457,22.576494999999994,22.048103600000005
1458,22.614484700000002,21.902073619999996
1459,22.53556152,21.833644320000005
1460,22.585097780000005,21.9411168
1461,22.546943380000002,21.825801139999996
1462,22.518563059999998,21.94465362
1463,22.5644422,21.908186259999997
1464,22.52999194,22.053735199999995
1465,22.551103280000003,21.850265760000003
1466,22.55622782,21.98425338
1467,22.52170912000001,22.00837176000001
1468,22.5408955,21.94747162
1469,22.55585268,22.012522619999995
1470,22.53600684,21.9104611
1471,22.555665320000003,21.968034380000002
1472,22.537919060000007,21.8546851
1473,22.5799771,21.96883028
1474,22.5323283,21.898007020000005
1475,22.552147639999998,21.912573480000002
1476,22.5722458,21.879510179999997
1477,22.545488419999998,22.022934019999997
1478,22.60135502,21.938414859999998
1479,22.517292939999994,21.83708848
1480,22.57494261999999,21.990965620000008
1481,22.58647144,21.895882200000006
1482,22.526234159999998,21.82753424
1483,22.53132728,21.91790658
1484,22.546916200000005,21.92912974000001
1485,22.523206000000002,21.978489679999992
1486,22.527476559999997,21.95137272
1487,22.556132179999995,21.91460364
1488,22.59709968,21.960222119999997
1489,22.537293300000005,22.006990639999998
1490,22.60119476,21.91719746
1491,22.517422320000005,21.964989799999994
1492,22.56594712,21.846414420000002
1493,22.519993359999997,21.886871440000004
1494,22.581494640000006,22.003026360000003
1495,22.533075960000005,21.9148169
1496,22.586173719999998,21.874582480000004
1497,22.579628020000005,21.9416214
1498,22.576539059999995,21.916066600000004
1499,22.561195319999996,21.866606340000004
1500,22.55891244,21.88244878
1501,22.57712398,21.934920479999995
1502,22.52970406,21.936073420000003
1503,22.56734222000001,21.99033439999999
1504,22.574744959999997,21.92792386
1505,22.529606780000005,21.917440720000005
1506,22.592244800000003,21.940993899999995
1507,22.544887919999997,21.97901882
1508,22.523404420000006,21.91552848
1509,22.56895088,21.894138699999996
1510,22.580030680000004,21.948339719999993
1511,22.550888280000002,21.873717599999996
1512,22.59742978,21.922473500000002
1513,22.53864216,21.944430080000004
1514,22.544648699999996,21.981290339999997
1515,22.608966880000004,21.900844859999996
1516,22.6237033,21.965973240000004
1517,22.577593319999995,21.870536700000002
1518,22.580248020000003,21.94325566000001
1519,22.56014484,21.897257319999998
1520,22.567971179999994,21.91786876
1521,22.551424320000002,21.845234000000005
1522,22.595858060000005,21.945016560000003
1523,22.525460900000002,22.037184800000006
1524,22.565532080000008,21.82830426
1525,22.62329428,21.737216820000004
1526,22.540901440000003,21.822769199999996
1527,22.583792460000005,21.773632799999994
1528,22.577165540000006,21.924512879999998
1529,22.5343138,21.84960672
1530,22.51731512,21.938929280000004
1531,22.52868400000001,22.01498
1532,22.55389488,21.862381940000006
1533,22.495039100000003,21.856590419999996
1534,22.570606760000004,21.89582488
1535,22.535794020000004,21.96868234
1536,22.656402980000006,21.950595280000012
1537,22.594019039999992,21.930895760000002
1538,22.548099460000003,21.89018192
1539,22.534614840000003,21.910434939999995
1540,22.56128388,21.91236202000001
1541,22.512979039999994,21.9668237
1542,22.536704259999997,21.930581919999995
1543,22.530813640000005,21.887977380000002
1544,22.52978940000001,22.03706594
1545,22.58751862,21.914564340000005
1546,22.551093640000005,21.887865119999997
1547,22.53775844,21.856928340000003
1548,22.55284805999999,21.69066586
1549,22.59952722,21.914656760000007
1550,22.586202180000004,21.83693172
1551,22.527631080000003,21.815792660000007
1552,22.542201599999995,22.0527998
1553,22.564046159999997,21.90700934
1554,22.55723466,21.90282994
1555,22.56806982000001,21.882784840000003
1556,22.558587080000002,21.715556019999998
1557,22.54709734,21.796693800000003
1558,22.575148879999997,21.953143460000007
1559,22.575369620000007,21.87096057999999
1560,22.526745520000006,21.93880768
1561,22.5670542,21.924114560000003
1562,22.546536980000006,21.884189380000002
1563,22.564995440000004,21.975899719999994
1564,22.543248220000006,21.891615420000004
1565,22.557608240000008,21.863508780000004
1566,22.5773617,21.989633039999998
1567,22.604671719999995,21.95344612
1568,22.548931120000006,21.989511779999994
1569,22.5723002,21.886168599999998
1570,22.570278639999998,21.869803239999992
1571,22.528962120000003,21.94856254
1572,22.549190199999998,21.978314760000007
1573,22.5845028,21.951251319999997
1574,22.53982166,21.957617799999998
1575,22.531154460000003,21.920247279999998
1576,22.599458159999998,21.79703908
1577,22.586052199999994,21.919939560000003
1578,22.5910022,22.013722899999998
1579,22.589171400000005,21.86589472
1580,22.55663072,21.818826320000003
1581,22.511139000000004,22.012798680000007
1582,22.55536978,21.937215280000004
1583,22.5611479,21.85662654
1584,22.555402779999998,21.94351222
1585,22.619365739999992,21.818989
1586,22.5728232,21.910808040000006
1587,22.625705579999998,21.96895388
1588,22.538109259999995,21.865525680000005
1589,22.57344949999999,21.97278646
1590,22.550785299999998,21.948918600000006
1591,22.488851399999998,21.952917639999995
1592,22.562205620000007,21.927436280000002
1593,22.570883320000004,21.893838380000002
1594,22.643139580000003,21.95737834
1595,22.619855059999995,21.940855759999998
1596,22.57511402,21.907490040000006
1597,22.55498858,21.82719200000001
1598,22.564268620000007,21.981924560000003
1599,22.56639248,21.979744640000003
1600,22.588469500000006,22.009415219999998
1601,22.549737520000004,21.821388579999997
1602,22.559566339999996,21.997550060000002
1603,22.565859999999997,21.69489744
1604,22.617596019999997,21.929380279999997
1605,22.584581859999993,21.951111919999995
1606,22.56456942,21.978792800000004
1607,22.58129328,21.948512299999997
1608,22.51701384,22.02754614
1609,22.547093500000003,21.994256699999998
1610,22.560266979999998,21.962935399999996
1611,22.649895419999996,21.89739862
1612,22.599768099999995,21.935525900000002
1613,22.550471040000005,21.794909500000003
1614,22.543354660000006,21.945988980000006
1615,22.577946039999997,22.061585060000002
1616,22.49504892,21.95493758
1617,22.594079180000005,21.95029056
1618,22.534611180000002,21.95024916
1619,22.548302239999995,21.977226360000003
1620,22.550238579999995,21.94145352
1621,22.6041042,21.969611219999997
1622,22.501294660000003,21.917775280000004
1623,22.594833179999995,22.040843520000003
1624,22.617806,21.91405142
1625,22.60287428,21.945117699999997
1626,22.516877240000003,21.93089754
1627,22.61691918000001,21.946751499999994
1628,22.574725699999995,21.927698159999995
1629,22.587574520000008,22.03093396
1630,22.51311512,21.93118262
1631,22.5756336,21.86853514
1632,22.525016339999993,21.951400539999998
1633,22.5271392,21.886236020000002
1634,22.60142134,21.831534280000007
1635,22.5257869,21.903414539999993
1636,22.554696,21.953798520000007
1637,22.590720179999998,21.943373140000002
1638,22.53878496,21.93252654000001
1639,22.59617790000001,21.999870119999997
1640,22.56863746,21.992430200000005
1641,22.52543684,21.8406713
1642,22.5281015,21.886506219999998
1643,22.584378660000002,22.006115080000004
1644,22.569739200000004,21.934701379999993
1645,22.567944879999995,22.071525079999997
1646,22.523396199999997,21.94091754
1647,22.544694860000003,21.91861928
1648,22.591422780000006,21.85196144
1649,22.583904400000005,21.92654044
1650,22.54078036,21.968035399999998
1651,22.586617480000005,21.8566203
1652,22.5466667,21.95120316
1653,22.556036319999997,21.845639140000003
1654,22.513337179999997,21.85262378
1655,22.550107919999995,21.853488360000007
1656,22.578049440000004,21.879481700000007
1657,22.5196201,21.940983019999994
1658,22.58116304,21.934565720000005
1659,22.544691819999993,21.910788919999995
1660,22.544398379999993,21.989174300000006
1661,22.5435796,21.945096200000002
1662,22.5654488,21.85646984
1663,22.542719180000002,21.94617826
1664,22.598316680000007,21.85583024
1665,22.66884126,21.92587416
1666,22.543455799999997,21.90779732
1667,22.559417799999995,21.88313788
1668,22.563008059999998,21.970891660000003
1669,22.53487416,21.905180760000004
1670,22.5709244,21.94293917999999
1671,22.513363920000003,21.868008359999994
1672,22.5329305,21.957167360000003
1673,22.528329499999998,21.917432220000002
1674,22.600476720000003,22.03300698000001
1675,22.57152401999999,21.968967619999997
1676,22.53054996,21.95852874
1677,22.5633136,21.92042566
1678,22.53335924000001,21.889015360000002
1679,22.534523240000002,21.855021620000002
1680,22.532491240000002,21.935712380000005
1681,22.600989639999998,21.96295081999999
1682,22.52403822,21.904986560000008
1683,22.547157,21.928900199999994
1684,22.539760279999996,21.847413920000005
1685,22.57403492,21.908943600000008
1686,22.564345180000004,21.951369019999998
1687,22.561479879999997,21.99014164
1688,22.530187960000003,21.910624700000007
1689,22.568128440000006,21.90171482
1690,22.53998402,21.977400860000003
1691,22.574544799999998,21.93857226
1692,22.534003239999993,21.976181060000002
1693,22.582462819999996,21.988408240000002
1694,22.497365440000006,21.921204680000006
1695,22.55631,21.96078928
1696,22.57000524000001,21.962930999999994
1697,22.61000794,22.011249660000004
1698,22.559332440000002,21.886834900000004
1699,22.62680644,21.966869559999996
1700,22.535633719999996,21.96042152
1701,22.62908662,21.93567014
1702,22.553340179999996,21.994040700000006
1703,22.59567594,21.90788266
1704,22.53084508,21.934531719999985
1705,22.584617899999998,21.802093319999997
1706,22.507640180000003,21.85691178
1707,22.552521920000007,21.931749140000008
1708,22.55353758,21.841911279999998
1709,22.58255526,21.911197359999996
1710,22.600822060000006,21.942903240000007
1711,22.59210132,21.96647118
1712,22.5459134,21.90297552
1713,22.545526739999996,21.95085424
1714,22.52726034,22.013176700000002
1715,22.564018700000002,21.827495719999998
1716,22.551416480000004,21.873214540000003
1717,22.576053100000003,21.858167059999996
1718,22.642785720000006,21.931799579999996
1719,22.539854879999996,21.935627959999998
1720,22.535368480000002,21.89262052
1721,22.52754658,21.929752959999995
1722,22.513503479999994,21.984891239999993
1723,22.603560140000003,21.974317160000002
1724,22.59063358,21.835947499999996
1725,22.540623460000003,21.93059934
1726,22.58950174,21.919596660000007
1727,22.545641079999992,21.926407080000004
1728,22.54031532000001,21.923043359999998
1729,22.620640240000007,21.962841940000004
1730,22.570970680000002,21.891819260000002
1731,22.553675959999996,21.905942520000004
1732,22.55622218000001,22.01507574
1733,22.62441909999999,21.93743682
1734,22.547820660000003,21.934817559999995
1735,22.535095760000004,21.979750579999994
1736,22.60817734,21.97426928000001
1737,22.569553579999997,21.91955792
1738,22.585397800000006,21.972018520000002
1739,22.527789580000004,21.8773653
1740,22.57851678,21.910138940000007
1741,22.572350320000005,21.93827018
1742,22.558220860000002,21.835539160000003
1743,22.558469420000005,21.827057599999993
1744,22.563983080000003,21.921705960000004
1745,22.5282953,21.890587919999998
1746,22.53633688,21.793935259999994
1747,22.556896760000008,21.851305219999993
1748,22.523253360000002,21.895745559999995
1749,22.54406838000001,21.931974060000005
1750,22.53681502,21.86930778
1751,22.557964299999995,21.87372748
1752,22.54486865999999,22.014169560000006
1753,22.61522382,21.93303604
1754,22.53709386000001,21.854274939999996
1755,22.509995720000006,21.852581079999997
1756,22.54558489999999,21.93355726
1757,22.54443264,21.97321836
1758,22.594097620000007,21.94734284
1759,22.541599680000004,21.934173100000006
1760,22.56640256,22.01171088
1761,22.606808800000003,21.952844799999998
1762,22.55526162,21.900809499999994
1763,22.603752299999996,21.875660179999997
1764,22.558717699999992,22.00071386
1765,22.529028140000005,21.864434159999995
1766,22.559025,21.909706039999996
1767,22.556038000000004,21.855338099999994
1768,22.54189464,22.029411019999998
1769,22.5621895,21.89445456
1770,22.56286782,21.929827859999996
1771,22.587933680000006,21.838917360000003
1772,22.589371500000002,22.056414820000004
1773,22.571797140000005,21.91517006
1774,22.579334839999998,21.739966420000005
1775,22.54309812,21.897577719999994
1776,22.565196599999993,22.05363004000001
1777,22.581950100000007,21.838814240000005
1778,22.576811799999994,21.942327260000003
1779,22.555449639999996,21.924588220000004
1780,22.56782088,21.94275356
1781,22.561595899999997,21.953634299999994
1782,22.559108719999998,21.97024306
1783,22.551875179999996,21.983794860000003
1784,22.646543200000007,21.953049999999998
1785,22.553552100000005,21.841494280000003
1786,22.540360219999997,21.92314102
1787,22.563513060000002,21.93843362
1788,22.55255568,21.968414460000005
1789,22.501725319999995,22.00098134
1790,22.5648157,21.95457884
1791,22.609377379999998,21.973044599999994
1792,22.60187952,21.897432220000006
1793,22.57149650000001,21.90257666
1794,22.558631600000012,21.93639208
1795,22.5310596,21.975143560000006
1796,22.612112200000002,21.880222340000003
1797,22.546803339999997,21.80253997999999
1798,22.56396348,21.8398763
1799,22.5061152,21.776338380000002
1800,22.564293819999993,21.83070363999999
1801,22.518963480000004,21.875595300000004
1802,22.55056614,21.996914960000005
1803,22.53712382,21.98142442
1804,22.504406259999996,21.760770380000004
1805,22.560159700000003,21.95541764
1806,22.532359580000005,21.95493616
1807,22.538596100000003,21.823976420000005
1808,22.578892619999998,21.939649139999997
