generation,avg_training_score,avg_validation_score
0,21.428017319999995,21.096833779999997
1,21.62145282,20.869569799999994
2,21.62545002,21.027414519999997
3,21.64074942,20.883514559999995
4,21.730509620000007,20.825473400000007
5,21.65121672,21.09714834
6,21.76822960000001,20.92879596
7,21.706583679999998,20.98513646
8,21.659052220000003,21.11076100000001
9,21.705501840000007,21.050219600000002
10,21.70505356,21.056823439999995
11,21.685051879999996,20.904278799999993
12,21.63712762,20.968121300000004
13,21.661956620000005,21.038023680000006
14,21.688890360000002,21.000559620000004
15,21.663301779999998,20.932863939999997
16,21.731305739999996,20.96010262
17,21.65840584,20.969593339999996
18,21.674182920000003,20.98143832
19,21.649276319999995,20.83934846
20,21.705319440000004,21.132867679999993
21,21.69192248,21.03719632
22,21.679598800000008,21.006677499999995
23,21.641008659999994,20.94319192
24,21.66177318,20.961647619999997
25,21.687636400000002,20.980035519999998
26,21.651170979999996,21.0016687
27,21.61126032,21.022522780000003
28,21.701701240000002,21.133272499999997
29,21.6695297,20.998552859999997
30,21.6717548,20.840073320000005
31,21.695453999999998,20.997601499999995
32,21.6337939,20.900913500000005
33,21.702537139999993,20.82861002
34,21.670737699999997,21.0059215
35,21.6674144,21.008440680000007
36,21.75019117999999,20.906905419999998
37,21.63054076,20.919028460000003
38,21.65377764,20.995718300000007
39,21.638562479999997,21.0783976
40,21.68581837999999,20.6784505
41,21.654618400000004,20.991995880000005
42,21.704099320000005,21.017738780000006
43,21.62740198,20.896809560000005
44,21.688609359999997,20.99205352
45,21.780153799999994,20.981777280000006
46,21.711412,21.07570852
47,21.750748200000007,21.044388239999993
48,21.65318338,20.961608440000006
49,21.712211900000003,20.988350959999995
50,21.723197879999997,20.909600379999997
51,21.712866859999995,21.02893606
52,21.69497502,20.828678299999996
53,21.721610619999996,20.96607894
54,21.6853389,20.974163580000003
55,21.65566998,20.951199600000006
56,21.652485159999998,20.840880600000002
57,21.743541020000002,21.041671000000015
58,21.678661899999998,21.017512220000004
59,21.70513617999999,20.848577459999998
60,21.689985740000008,20.987580339999994
61,21.664649400000002,21.1030839
62,21.652952480000003,20.901334659999996
63,21.642739000000002,20.893912700000005
64,21.670814760000003,20.95500722
65,21.687095300000006,21.093469779999992
66,21.64011675999999,20.982070539999995
67,21.660294399999998,21.092995020000004
68,21.648606599999997,20.999197400000003
69,21.711660780000006,20.898577399999994
70,21.70760318,20.953318399999997
71,21.695775759999997,20.95922842
72,21.70739188,20.9197607
73,21.699879659999997,21.005718020000003
74,21.67828618,21.07843394
75,21.685473279999997,20.955573720000004
76,21.6882096,21.010208459999994
77,21.672505919999995,21.092473280000007
78,21.698210000000007,20.836326040000003
79,21.692513179999995,21.090808280000005
80,21.69109162,20.882016340000003
81,21.656668520000004,20.967193440000003
82,21.68120994,20.790748900000004
83,21.626457660000007,21.049078839999996
84,21.664975139999996,21.103074559999996
85,21.73113124,20.93043028
86,21.675368180000007,20.881141959999994
87,21.622218799999995,20.934826859999998
88,21.679360260000003,21.101028059999997
89,21.685025,21.13434368
90,21.63395250000001,20.967631239999996
91,21.691462500000004,20.928053180000006
92,21.735434120000004,20.934382100000004
93,21.707918559999992,20.860951499999995
94,21.672646880000006,20.95219838000001
95,21.661585900000006,20.996134199999993
96,21.694539320000004,20.977804700000007
97,21.680429600000004,21.116802579999995
98,21.67774782,21.06895274
99,21.662649120000005,20.99518613999999
100,21.628493780000007,20.96637334
101,21.667865479999996,20.822063839999995
102,21.709717679999994,21.009885600000004
103,21.691259520000006,20.882357780000003
104,21.65233716,21.102522279999995
105,21.66513142,20.98086690000001
106,21.667967960000002,20.885355539999996
107,21.693944239999997,21.04566722
108,21.65595318,21.03749594
109,21.723447979999996,20.958469679999997
110,21.69604134,20.94476958
111,21.709454700000002,20.9173671
112,21.680759699999996,20.920761179999996
113,21.71235858,20.931477639999994
114,21.660265659999997,20.89379716
115,21.670616859999996,20.888921999999997
116,21.641878880000007,20.951586239999997
117,21.680135240000006,20.92311370000001
118,21.63390668,20.949218639999998
119,21.669837779999998,20.97904624
120,21.6970096,21.09128312
121,21.612028179999996,20.909890939999997
122,21.654611380000002,21.065879520000003
123,21.663747200000003,20.95586056
124,21.639357819999997,20.948948400000003
125,21.646890059999997,20.988388519999997
126,21.686540000000008,20.96153266
127,21.7229759,20.951716159999997
128,21.633721379999997,20.98496606
129,21.67921516000001,20.90911746
130,21.72046864,21.017849679999994
131,21.716686280000005,21.081110419999995
132,21.732944820000004,21.003233140000003
133,21.673893080000003,21.014755119999997
134,21.768215239999996,21.01797278
135,21.679746740000006,20.913067840000004
136,21.69859256,20.939177700000002
137,21.684122139999996,20.984816579999997
138,21.716027679999996,20.98765624
139,21.701830739999995,21.001058839999995
140,21.657261239999997,21.100189439999998
141,21.709103119999998,20.957486940000003
142,21.719641179999993,20.930735200000004
143,21.690217239999992,21.084880220000006
144,21.668319699999994,20.924243060000002
145,21.74649826,20.839435700000003
146,21.67492748,21.057328199999997
147,21.71658608,21.087493099999996
148,21.74407002,21.123511260000004
149,21.674235980000002,20.889205259999997
150,21.716494979999997,21.002647720000006
151,21.626816979999994,20.914218379999998
152,21.691204680000002,21.036636159999997
153,21.655937119999997,20.939957000000003
154,21.704883940000006,20.996873700000002
155,21.67222192,20.94715278
156,21.67602162,21.019122820000003
157,21.64294896,21.09691136
158,21.689512600000004,20.9715487
159,21.765400320000005,20.943979319999997
160,21.648632720000002,20.968683459999994
161,21.65618692,20.969376179999994
162,21.657300060000008,21.061582159999997
163,21.701501980000007,20.963959360000004
164,21.69132562,21.084981260000003
165,21.657119219999995,20.99164754
166,21.63436958000001,21.08331956
167,21.76067752000001,20.915453499999998
168,21.674159359999997,20.867829520000004
169,21.701449519999993,20.87561596
170,21.68304860000001,20.976217919999996
171,21.719195600000003,20.94486824
172,21.64624181999999,20.946844060000004
173,21.665576179999988,20.900714099999995
174,21.738231719999998,21.09226764
175,21.691206039999997,20.992069100000002
176,21.649338819999997,20.98257383999999
177,21.71564188,21.005798259999995
178,21.68443106,20.986052419999996
179,21.692628200000005,20.977887980000006
180,21.721284899999997,20.998230020000005
181,21.64542056,21.076059720000003
182,21.66647186,21.055885540000006
183,21.651247239999993,20.93010266
184,21.7263121,20.852414419999995
185,21.648363600000007,20.977545779999996
186,21.708392160000002,21.00212658
187,21.709396820000002,20.9981749
188,21.72051107999999,20.96141206
189,21.64560282,20.853067799999994
190,21.70183802000001,20.914692739999992
191,21.724254459999994,20.858532
192,21.6737031,20.906977519999995
193,21.655592119999998,20.966252339999997
194,21.688881920000004,20.868135280000004
195,21.664847659999996,21.000843019999998
196,21.669098999999996,21.02730942
197,21.757554400000007,20.871204179999996
198,21.686039540000003,20.997770099999993
199,21.69523538,21.13561906
200,21.646568680000005,21.040365640000005
201,21.728563239999993,20.983533999999995
202,21.619832719999998,20.99991076
203,21.777313919999997,20.923938660000008
204,21.682481820000003,20.96569914
205,21.745931559999995,20.99115224
206,21.680100040000006,20.966497359999995
207,21.716393379999996,20.939151980000005
208,21.76075504,20.96861134
209,21.7097447,21.05460934
210,21.699899899999995,21.094220300000003
211,21.705271519999997,21.15854952
212,21.743313040000004,21.014662880000007
213,21.77041194,20.98447716
214,21.693749479999997,20.918211419999988
215,21.746071259999997,20.992462720000002
216,21.695210860000003,20.9734931
217,21.762483720000006,21.14989864
218,21.705754320000004,21.101444419999993
219,21.751942639999996,21.020048579999997
220,21.694020019999996,21.11654124
221,21.742994599999996,20.87716164
222,21.718518420000006,20.94485634
223,21.741707080000012,21.011428939999995
224,21.786931080000002,21.044611360000005
225,21.71400723999999,20.917562739999997
226,21.6710779,21.05304156
227,21.777994579999998,21.061741260000005
228,21.69607142,21.012915520000007
229,21.73099826,20.822472499999993
230,21.725548099999997,21.02230578
231,21.712601560000003,20.936500300000002
232,21.739443819999998,20.972730159999998
233,21.7063056,21.00212296
234,21.789211140000003,21.121837920000004
235,21.726890679999997,20.985070340000004
236,21.739896560000002,21.112404660000003
237,21.735145199999998,21.10390668
238,21.7279025,20.874937520000003
239,21.701740020000003,20.917308079999998
240,21.737482440000004,21.0519398
241,21.732536260000003,21.046805919999997
242,21.67389468,20.875262619999997
243,21.74485492,20.87679906
244,21.79549298000001,20.92662814
245,21.70141602,21.038269479999993
246,21.78365149999999,20.8669226
247,21.729387780000007,20.979705219999996
248,21.70031988,21.017571839999995
249,21.686261060000003,20.903673420000004
250,21.663852299999995,21.008530159999992
251,21.702115380000006,20.895653399999997
252,21.780074599999992,21.038086839999995
253,21.73019974,21.090577619999994
254,21.712112559999994,21.01442224
255,21.738860659999997,20.94272504
256,21.719413200000005,20.943043120000002
257,21.739670179999997,21.04538012
258,21.697629400000004,20.91390168000001
259,21.66252526,20.94618666
260,21.770350760000007,20.956032340000007
261,21.719581159999997,20.90949974
262,21.707007380000004,21.093378059999996
263,21.768562260000014,21.19078258
264,21.711345759999993,20.87124286
265,21.717826320000004,21.077335820000002
266,21.707927719999997,20.973415299999996
267,21.726898459999997,20.896875720000008
268,21.688278780000005,21.07929996
269,21.7568561,20.95450968
270,21.754885760000008,21.21021432
271,21.69263648,20.99460494
272,21.714399560000007,21.019020180000005
273,21.736855559999995,21.041540980000004
274,21.748082760000006,20.998016200000002
275,21.71523892,20.950081019999992
276,21.714119580000002,21.032268219999995
277,21.70338797999999,20.9288514
278,21.761786139999998,20.92219474
279,21.69182236,21.050964100000005
280,21.73514766,21.07978694000001
281,21.668210020000007,21.020466020000004
282,21.813538280000003,20.979273840000005
283,21.68971652,21.031906460000005
284,21.77599174000001,21.01668156
285,21.688042240000005,21.105194280000006
286,21.749179779999995,21.057798119999998
287,21.724024500000006,20.800768400000003
288,21.82343272,21.026741199999993
289,21.788270799999996,21.095341360000003
290,21.769709120000005,21.081754720000003
291,21.758782280000002,20.91017648
292,21.726283179999996,21.144946420000007
293,21.821238660000002,21.009822359999998
294,21.77196948,20.993010820000006
295,21.739117279999995,20.9060215
296,21.71927294,21.041752680000005
297,21.79286438,21.031076059999997
298,21.76079046,21.10494126
299,21.67736288,20.912022680000003
300,21.741739120000002,20.982863299999998
301,21.71374378,20.953753100000004
302,21.839788979999998,21.099895040000007
303,21.724847519999997,21.003578259999998
304,21.761916320000005,21.08332242
305,21.712244279999997,20.940857520000005
306,21.746726680000002,20.997531799999987
307,21.67524746,20.88780996000001
308,21.717332619999997,20.75471254
309,21.694098920000005,21.126612500000007
310,21.7072596,21.039726859999995
311,21.713306499999998,21.090014299999996
312,21.652723700000003,20.923099160000007
313,21.7678954,20.963813980000005
314,21.71908819999999,21.03774634
315,21.722959140000004,21.0142443
316,21.798895860000002,20.966402300000006
317,21.798639239999996,20.92539186
318,21.741981840000008,20.938896459999995
319,21.737677859999994,20.932163099999997
320,21.728535299999994,20.9444851
321,21.700059160000002,21.049830920000005
322,21.69428464,21.050675980000005
323,21.738396920000003,20.964171059999998
324,21.788559140000004,20.974858060000003
325,21.760494699999995,20.976611339999998
326,21.718418019999998,20.958222939999995
327,21.68915646,21.078029639999997
328,21.705955399999993,20.98585424000001
329,21.722295520000007,21.053199560000003
330,21.685787199999996,20.963134640000003
331,21.67602218,20.99030956
332,21.69467484000001,20.978599400000007
333,21.735964640000006,21.007367180000003
334,21.716186559999993,20.992877099999998
335,21.703328339999995,20.88153914
336,21.678437260000006,20.933340920000006
337,21.678639920000006,20.98199938
338,21.748096259999997,20.987435020000003
339,21.82409654000001,20.981655039999996
340,21.810311799999994,20.94223154
341,21.714122940000003,21.14111326
342,21.764271219999998,20.944631760000004
343,21.742968680000004,20.917219899999996
344,21.73825686,20.976007359999993
345,21.718736520000004,21.1252028
346,21.755620500000006,21.114915359999994
347,21.739530959999996,21.026892599999996
348,21.766475279999995,20.977978620000002
349,21.750301600000004,21.016629820000002
350,21.781739680000005,20.94096954
351,21.714365079999993,20.828173919999994
352,21.73064252,21.054046519999996
353,21.782733740000005,21.024757639999994
354,21.819868220000007,21.0805702
355,21.724892639999997,21.171209280000003
356,21.756371560000005,20.915783239999996
357,21.785945299999998,20.998160399999996
358,21.712535720000005,20.914515560000005
359,21.744925420000005,21.048225580000004
360,21.749892659999997,20.9150356
361,21.763090539999997,20.943634859999996
362,21.75567172,20.9410829
363,21.769858080000002,21.068139739999996
364,21.709067840000007,21.033877479999997
365,21.733829720000006,20.969008660000004
366,21.724081399999996,20.90588242
367,21.746887740000002,20.95361816
368,21.78898466,21.011947460000005
369,21.726276180000003,21.059010000000004
370,21.742471419999998,20.917274640000002
371,21.777277700000003,20.997869100000003
372,21.786179900000008,20.93200948
373,21.76906336,20.990711340000008
374,21.743003180000002,21.02909356
375,21.73182479999999,21.062751799999997
376,21.745710519999992,21.079507040000003
377,21.815347519999996,20.9754602
378,21.735606959999995,21.07173362
379,21.76782742,20.889226479999998
380,21.74418876,21.103639159999997
381,21.7589012,21.071263839999997
382,21.738410300000005,21.074313540000002
383,21.729418840000005,20.971095040000005
384,21.79530224000001,21.04597566
385,21.73441234,20.95470642
386,21.828357300000004,20.927881539999998
387,21.713314920000002,21.05221606
388,21.75099673999999,20.909662639999997
389,21.729155400000003,21.04943096
390,21.742631360000004,20.971937100000005
391,21.76400638000001,21.066612920000008
392,21.759282720000005,21.049339079999996
393,21.797786660000007,20.96922117999999
394,21.773420639999994,21.242367220000002
395,21.77926414,21.21480556000001
396,21.74641192,20.89934902
397,21.86488052,21.12926836
398,21.745541719999995,21.08225584
399,21.784538060000003,21.07828888
400,21.775809839999997,21.032796219999994
401,21.786373920000003,21.093257419999997
402,21.765595080000008,20.94259367999999
403,21.776027359999997,21.095381940000003
404,21.82765672,21.088270779999995
405,21.83306020000001,21.043354799999996
406,21.7522094,21.0511047
407,21.805402939999993,21.112455000000008
408,21.767611940000002,20.9576564
409,21.725200040000004,21.08711892
410,21.711896699999997,20.934526020000003
411,21.740393280000003,20.894065680000004
412,21.69983994,21.020412559999997
413,21.703892740000004,20.975868719999998
414,21.739341760000006,21.05744738
415,21.78223782,20.93644222
416,21.8234321,21.16554394
417,21.74534512000001,21.16361168000001
418,21.812931839999997,21.068435519999998
419,21.75564348,21.091210079999996
420,21.80593022,20.875726439999998
421,21.797813460000008,21.007644500000005
422,21.820564060000006,20.851496360000002
423,21.78221386,21.056587240000002
424,21.7824109,21.15704418
425,21.759343200000004,20.98614218
426,21.788208339999997,20.953014379999995
427,21.7441975,21.02835422
428,21.782559520000003,21.1337437
429,21.719992179999995,20.94804706
430,21.736170460000004,21.005384539999994
431,21.725484859999998,21.12287956
432,21.769271660000005,21.10018414
433,21.784149679999995,21.038598699999998
434,21.716065120000003,21.11065282
435,21.694704980000004,20.93570856
436,21.71927616,21.078969039999997
437,21.722895119999993,21.060169400000003
438,21.683222540000003,20.97526956
439,21.729683,21.09387812
440,21.73713324,20.935638979999993
441,21.723767480000003,20.99849172
442,21.74947224,21.10657604
443,21.770824720000004,21.110791919999997
444,21.822384939999996,21.204243319999996
445,21.746341400000006,21.226661380000007
446,21.74115302,20.957387200000003
447,21.835954580000006,21.051493400000005
448,21.725277960000007,21.20470982000001
449,21.74168184,21.192145059999994
450,21.786994399999994,21.166867659999998
451,21.738392099999995,21.106538919999995
452,21.86865798,21.111825680000003
453,21.80732712,21.11362912
454,21.765416479999995,21.087104240000002
455,21.76890578,21.155574859999998
456,21.787603020000006,20.954050159999998
457,21.86681217999999,21.09477222
458,21.7936631,21.12912978
459,21.7045083,20.978527920000005
460,21.74614631999999,21.051875679999995
461,21.785519719999993,21.08045826
462,21.745511059999995,21.012709540000007
463,21.73724125999999,21.072531279999993
464,21.737591139999996,20.945479019999997
465,21.858016800000005,21.154259659999997
466,21.779232620000002,21.088495539999993
467,21.779442860000003,20.997829359999997
468,21.75924544,21.125886299999998
469,21.76660724,21.011706540000006
470,21.73854928,20.94946038
471,21.737742860000004,21.036247019999998
472,21.760249079999994,21.06645762
473,21.78047112,21.024255299999997
474,21.765683059999997,20.94455112
475,21.802819540000005,21.017784099999993
476,21.759882899999997,20.9736694
477,21.752908839999996,21.043813720000003
478,21.72979422000001,21.154122619999995
479,21.746415560000006,21.10957064
480,21.736837519999995,21.050876119999998
481,21.7254578,21.08014704
482,21.73196802,21.052382760000004
483,21.77565834,21.03763076
484,21.733548019999997,20.730371420000004
485,21.780568400000003,20.947871779999996
486,21.731557220000003,21.071019859999996
487,21.776453479999997,21.00821226
488,21.73193862,20.96333484
489,21.773274179999994,21.0143707
490,21.820486799999994,21.102228460000003
491,21.7854396,20.985472220000002
492,21.725482639999992,20.953277040000003
493,21.767672540000003,20.941820899999993
494,21.733633719999993,20.771825279999998
495,21.716477840000007,20.95380822
496,21.704816079999997,21.041398460000003
497,21.7123134,21.11679956
498,21.77525588,21.1118085
499,21.7316974,21.032664799999992
500,21.806962959999996,21.18478573999999
501,21.7969821,21.106332899999998
502,21.78044356,21.056566040000007
503,21.74330566,21.036310740000005
504,21.770293879999986,21.097991659999998
505,21.6799344,20.79268646
506,21.757809519999995,20.856677900000005
507,21.797828240000005,21.236958679999997
508,21.652003499999996,21.036728499999995
509,21.766318660000003,20.930618599999992
510,21.73310254,21.107479620000007
511,21.715894740000003,21.031816780000003
512,21.753707659999996,21.169018899999998
513,21.69391654,21.13254702
514,21.726127259999995,21.039101880000004
515,21.74970672,21.03337998
516,21.718758659999995,21.1158505
517,21.71472382,21.097466360000002
518,21.733150459999994,21.040383479999996
519,21.69462654000001,21.077995660000003
520,21.775465520000008,21.05340884000001
521,21.723150699999998,21.08144655999999
522,21.744784299999996,21.118764439999996
523,21.75930728000001,21.204527119999998
524,21.725705740000002,21.070628839999994
525,21.736378020000007,21.076139319999996
526,21.71773046,20.975907660000008
527,21.764127379999994,21.042872240000005
528,21.767088460000004,20.96788206
529,21.695123919999997,21.131310319999997
530,21.71228008,21.054365539999996
531,21.742080639999998,21.081213499999993
532,21.663204899999997,20.996529180000003
533,21.7002363,21.047965020000003
534,21.6850582,21.016102439999994
535,21.71655283999999,21.005540799999995
536,21.68629794,21.07900622
537,21.73531594,21.01709192
538,21.69231472,21.151447939999997
539,21.739798139999998,21.0651762
540,21.77463426,21.161793579999994
541,21.699793540000005,21.07944974000001
542,21.700129699999998,21.055656959999997
543,21.72030604000001,21.160409599999998
544,21.742734860000006,21.084661340000004
545,21.683999979999996,21.049522120000002
546,21.7186935,21.089656779999995
547,21.72897866,21.02887498
548,21.751324639999996,20.950703420000004
549,21.744324700000004,20.975768340000005
550,21.74305662,21.040562659999996
551,21.838781059999995,21.018123879999994
552,21.762854079999997,21.039004260000002
553,21.79335954,20.86591376
554,21.732872059999995,21.143004599999998
555,21.6613542,21.0856857
556,21.723303599999994,20.982708059999997
557,21.744847460000003,21.039070860000002
558,21.720275839999996,21.111162039999996
559,21.735037140000003,21.01021936
560,21.7426856,21.0441497
561,21.780338239999995,21.2554492
562,21.768444779999996,21.08846782
563,21.720741620000002,21.021250719999998
564,21.72274612,21.113721499999997
565,21.659260459999995,21.155555279999994
566,21.74049136,21.018330480000003
567,21.847789679999995,21.110795239999998
568,21.702687960000002,21.07657178
569,21.682101760000005,21.018210120000003
570,21.778677740000003,20.9978754
571,21.771484139999995,21.143961800000003
572,21.7407154,21.082661159999997
573,21.698207219999993,20.942841099999995
574,21.709010719999995,21.084372019999996
575,21.726616199999995,20.945388880000007
576,21.728398119999998,21.029070059999995
577,21.716370700000002,21.186742459999994
578,21.756977519999996,21.083172140000002
579,21.734397179999995,20.97398706
580,21.72218206,20.971369199999994
581,21.7395208,21.116869379999997
582,21.74124128,21.180242880000005
583,21.729326420000003,21.047606900000005
584,21.749616199999995,21.15689198
585,21.780558020000004,21.092551019999995
586,21.78728228,21.026490519999996
587,21.71536772,21.140552720000006
588,21.773538099999996,21.14564536
589,21.81950577999999,21.144368620000005
590,21.818894320000005,21.100638560000004
591,21.788511359999998,21.0899079
592,21.736674079999997,21.10614606
593,21.728895639999998,21.030599519999996
594,21.74796561999999,21.126993199999998
595,21.801256480000003,21.033252159999996
596,21.752421480000002,21.039070779999996
597,21.748000759999996,21.040942840000003
598,21.783063979999994,21.096355540000005
599,21.773061219999995,21.150730059999997
600,21.705369739999995,21.113102999999995
601,21.70916819999999,21.059010000000004
602,21.76484112,21.11873212
603,21.72809866,21.056518999999998
604,21.789286939999997,20.99388434000001
605,21.799559560000002,20.903723760000002
606,21.69408765999999,21.0618956
607,21.83844816,21.241474199999992
608,21.747259760000006,21.161907640000003
609,21.789565519999996,21.08377258
610,21.76843848,21.237431999999995
611,21.79674486,21.18629458
612,21.722318499999997,21.039189299999997
613,21.75471816000001,21.043163359999998
614,21.765877220000004,20.852151139999997
615,21.78510638,21.13531918
616,21.744685,21.064543139999998
617,21.764857059999994,21.15961414
618,21.73383348,21.062464260000002
619,21.690107520000005,21.083589119999992
620,21.72068210000001,21.052686639999994
621,21.738478680000004,21.08506248
622,21.742452599999996,21.03817432
623,21.77531452,21.035353740000005
624,21.866327359999996,21.009695899999997
625,21.810990359999995,21.116156200000006
626,21.758026399999995,21.159867419999998
627,21.710607959999997,21.2013407
628,21.746214220000002,21.09365346
629,21.737939519999994,21.015520419999994
630,21.73118556,21.096876800000004
631,21.712798160000002,21.128622120000003
632,21.780544000000006,20.945772219999995
633,21.765122920000003,21.127027079999998
634,21.723357119999992,21.14350544
635,21.8284808,21.091557339999994
636,21.80225202,21.066620499999996
637,21.749741219999997,21.021439200000003
638,21.839328060000007,21.19575142
639,21.766606220000003,21.12194084
640,21.782008839999992,21.116904319999993
641,21.826838779999992,21.2264185
642,21.764701820000006,21.173882820000003
643,21.723148279999997,21.200379760000004
644,21.776755060000006,21.111679240000004
645,21.80001382,20.968935899999998
646,21.73566902,21.096336439999995
647,21.824295100000004,21.023484620000005
648,21.765559299999996,21.056860280000002
649,21.71602058,20.909353919999997
650,21.76753498,21.01982134
651,21.671942899999994,20.843225200000003
652,21.75597974,21.048502439999996
653,21.713403679999995,21.09490176
654,21.779091899999997,20.92878842
655,21.765073119999997,21.1718454
656,21.724823,21.0352749
657,21.695195400000003,21.065392320000004
658,21.70804151999999,21.18359428
659,21.708930440000003,20.934530260000002
660,21.757410359999994,21.184472960000004
661,21.704447959999996,21.041593260000003
662,21.718227520000006,21.075795279999998
663,21.756780559999996,21.058216440000002
664,21.762040380000002,21.03261094000001
665,21.70325562,21.051673919999995
666,21.748633899999994,21.056227520000004
667,21.823782740000002,21.114451239999998
668,21.754873879999995,21.032974359999997
669,21.784531119999997,21.03694508
670,21.727256619999988,21.176878060000007
671,21.741936299999992,21.084714880000007
672,21.812661379999998,21.215318039999996
673,21.722634719999995,20.856893860000003
674,21.728520219999993,21.09948044
675,21.759252919999998,21.013360980000005
676,21.712767700000004,20.983129500000004
677,21.759811300000003,21.1728717
678,21.77413054,20.870543299999998
679,21.800459460000006,21.11857802
680,21.767578340000004,21.20303206
681,21.72930325999999,21.117346259999994
682,21.71011874,21.020435660000004
683,21.77290716,21.0984904
684,21.7988214,20.87755986
685,21.700401120000002,21.097678700000007
686,21.783045480000002,21.08941432
687,21.836249979999998,21.102230899999995
688,21.809010460000003,21.044568260000002
689,21.716255259999993,21.13070792
690,21.832825499999995,21.093753100000004
691,21.74422748,21.09783596000001
692,21.716316619999997,21.040297980000005
693,21.78925464,21.131321720000003
694,21.751351579999994,21.050580680000003
695,21.819348140000002,20.9231293
696,21.739535739999997,21.038977219999996
697,21.71072596000001,20.968872540000003
698,21.72575718000001,21.0379601
699,21.79027064,20.93524802
700,21.7339612,21.015924260000002
701,21.715317320000008,20.958501239999997
702,21.727720379999997,21.10787938
703,21.787748540000003,20.988155739999996
704,21.728035179999996,21.105260360000006
705,21.715862659999992,21.01942863999999
706,21.749404379999998,21.196527139999997
707,21.747733740000005,21.10068019999999
708,21.810258860000005,21.073338860000003
709,21.790684180000007,21.11015832
710,21.78389956,21.166995879999995
711,21.773653339999992,20.991352740000007
712,21.75412626,21.169224879999998
713,21.805349880000005,21.140743839999995
714,21.729564999999994,21.16347342
715,21.732125380000006,20.9198654
716,21.751304639999997,20.987536180000003
717,21.724747580000003,21.197003959999996
718,21.823737840000003,21.11030424
719,21.7528775,21.09724506
720,21.728885660000007,20.905866259999996
721,21.773061499999994,21.028376999999995
722,21.770916820000004,21.084725859999995
723,21.70523664,21.16628488
724,21.738477699999994,21.113671299999996
725,21.7564471,21.123760659999995
726,21.72957206,21.1811595
727,21.73087306,21.11201466
728,21.745165999999998,20.970912679999998
729,21.782290099999997,21.117449339999997
730,21.75231238,21.04998954
731,21.716535000000004,21.107663559999995
732,21.780578180000003,21.132207580000003
733,21.729874879999993,20.997859280000007
734,21.75607438,21.04284842
735,21.82632453999999,20.881680840000005
736,21.703501400000004,21.05413872
737,21.728947740000002,21.110496919999996
738,21.71341896,21.12508718
739,21.754326879999994,21.080636600000002
740,21.717205319999998,21.164412699999993
741,21.716177859999995,21.165858679999996
742,21.751482139999997,21.112620460000002
743,21.75470881999999,21.05806914
744,21.72566042,21.065586419999995
745,21.739513459999998,21.062559620000005
746,21.75076948,21.19537346
747,21.777861759999997,21.04926704
748,21.794597000000003,21.10822068
749,21.793462200000004,21.103231280000003
750,21.741023279999993,20.95039604
751,21.72561772,21.117880900000003
752,21.740023420000004,21.053991019999994
753,21.707689860000002,20.9211132
754,21.736784519999997,21.12343071999999
755,21.76277921999999,21.092296279999996
756,21.830628119999986,21.155383620000002
757,21.8085949,21.129772179999996
758,21.699178739999997,21.156497419999997
759,21.65697006,21.149672960000004
760,21.7561896,21.05476288
761,21.85237512,21.0973847
762,21.67755876,21.178412279999996
763,21.72421552,21.19347366
764,21.837529540000002,20.928904740000007
765,21.73485954,21.038789379999994
766,21.733660940000004,21.022067939999996
767,21.761558,21.078575879999995
768,21.78535178,21.204174439999992
769,21.7731928,21.218369920000004
770,21.71121658,20.99590894
771,21.674015279999995,21.095514859999998
772,21.79767394,21.18276764
773,21.7215503,20.978804359999998
774,21.700207140000003,21.12788784
775,21.701390460000002,20.889237080000008
776,21.786590620000002,21.145705640000003
777,21.749830799999998,21.058711279999994
778,21.787501900000002,21.20057076
779,21.75059878,21.10995302
780,21.723156319999998,21.052553559999996
781,21.726493560000005,21.00671608
782,21.79985806000001,20.99551104
783,21.75662184,21.136869760000003
784,21.750499280000003,21.046150340000004
785,21.807323620000005,21.047270300000005
786,21.693141379999997,20.992495619999996
787,21.7685646,21.107195199999996
788,21.758707800000003,20.89085843999999
789,21.74481048,21.177126239999996
790,21.7611608,20.89019942
791,21.765859260000006,21.108310940000003
792,21.735835079999998,20.92271802
793,21.698428599999996,20.932968220000006
794,21.734420099999994,21.027040480000004
795,21.762346339999993,20.987676699999998
796,21.78465966,21.117151459999995
797,21.786013979999996,21.06114584
798,21.768336020000003,21.08838584
799,21.76226912,21.004749399999994
800,21.75523414,21.0293358
801,21.799711499999997,21.046054799999993
802,21.736736060000002,21.07933168
803,21.86289046,21.063053320000005
804,21.790398420000006,21.067754179999998
805,21.731888719999997,20.87114808
806,21.841988580000002,21.039605820000002
807,21.738515760000006,21.195211239999995
808,21.766126820000004,21.221416039999998
809,21.783291439999992,21.107033619999996
810,21.75396128,21.056634440000003
811,21.760790599999996,21.135841100000004
812,21.684923480000002,21.149123959999997
813,21.748024419999993,21.203385199999992
814,21.72679702,21.07360677999999
815,21.746530660000005,21.17358102
816,21.776068640000002,21.258524420000004
817,21.755265720000008,21.250417820000003
818,21.77426458,21.180639600000003
819,21.78782072,21.15644294
820,21.748692300000002,21.1342218
821,21.85297686,21.256012360000003
822,21.76170421999999,21.164237539999995
823,21.730500399999997,21.0865668
824,21.821143839999994,21.056091100000003
825,21.792580719999997,21.203046219999997
826,21.730651179999995,20.934677359999995
827,21.726196579999996,20.975545160000003
828,21.737787879999996,21.102221399999998
829,21.729189939999998,21.1298292
830,21.825054940000005,21.148494200000005
831,21.771564620000007,20.965028779999994
832,21.696174919999997,21.190936819999997
833,21.757020540000003,21.010220200000013
834,21.753595599999993,21.128337239999997
835,21.685181720000006,21.127607
836,21.737941679999995,21.126275899999996
837,21.74409672,21.073924579999996
838,21.7206203,21.086101799999998
839,21.739891860000004,21.233499499999994
840,21.689550080000007,21.051590179999998
841,21.73230406,21.0108029
842,21.87000446,21.165605600000003
843,21.76485758,20.892167660000005
844,21.74745564,21.20107558
845,21.791712999999994,21.12461346
846,21.74801624,20.959117660000008
847,21.763436179999996,21.108523799999997
848,21.785526379999997,21.066704259999998
849,21.749429480000003,21.053312119999998
850,21.725808820000008,21.057680740000002
851,21.797194000000005,21.079868459999997
852,21.75932202,21.31387348
853,21.771474259999994,21.08212105999999
854,21.723254299999997,21.165583859999998
855,21.738694420000005,21.191695759999998
856,21.841739799999996,21.12355586
857,21.745350239999997,21.12295068
858,21.710768599999998,21.089180180000003
859,21.76444112,21.214394319999997
860,21.783886180000003,21.104220020000007
861,21.822163280000005,20.955543279999997
862,21.705172200000003,21.088722519999997
863,21.829168979999995,21.07313566
864,21.744202679999997,20.927263959999994
865,21.712825579999993,21.096311939999996
866,21.7636317,21.079088159999998
867,21.728701320000006,21.155357759999994
868,21.755536180000004,21.06733286
869,21.725050500000002,21.089285219999997
870,21.762688140000005,21.023893899999997
871,21.71041518,21.089280280000004
872,21.640420319999997,21.085256899999994
873,21.69367744,21.113018540000002
874,21.805942239999993,20.92904298
875,21.853913780000003,21.172148619999994
876,21.700838280000003,21.15560481999999
877,21.742724279999997,21.10989166
878,21.77761766,21.180762820000005
879,21.763317340000004,21.110222800000003
880,21.74811864,21.138856299999997
881,21.725012979999995,21.08474772
882,21.776032660000002,21.103132060000004
883,21.727881640000007,21.106458699999997
884,21.75538868,21.157146019999995
885,21.74618066,21.077929859999998
886,21.724861359999995,21.030970899999996
887,21.827728220000004,21.097135360000006
888,21.765821539999997,21.13473982
889,21.812431879999995,21.10634326
890,21.773244460000004,21.074903199999998
891,21.720855979999993,21.13420402
892,21.71461858,21.112210920000006
893,21.799420959999992,21.04093898
894,21.749322380000002,21.063799160000002
895,21.744674040000003,21.174139739999998
896,21.75190742,21.14016756
897,21.896166200000003,21.057830379999995
898,21.753546359999994,21.134743860000004
899,21.766115239999998,21.043108239999995
900,21.849098180000002,21.055981099999993
901,21.785295920000014,21.028741599999993
902,21.7072331,21.149868419999997
903,21.733251380000002,21.128151360000007
904,21.725689120000002,21.13389328
905,21.782880240000004,21.11438406
906,21.74711258,21.053183119999993
907,21.82115585999999,21.174488360000005
908,21.741091540000003,21.12777527999999
909,21.70470862,20.878284799999996
910,21.731835999999998,21.07389458
911,21.712034360000008,21.19898056
912,21.759153039999998,20.952431199999996
913,21.820663460000002,21.054652179999998
914,21.719958360000007,21.189459000000003
915,21.766538200000003,20.99325876
916,21.739403760000002,21.111909959999995
917,21.715161340000005,21.035286220000003
918,21.77941764,21.07263876
919,21.8006946,21.021545900000007
920,21.717617519999997,21.08596008
921,21.697737280000002,21.152887500000002
922,21.799545779999995,21.00056612
923,21.7217137,21.02166568000001
924,21.6979657,21.00573368
925,21.761393460000004,20.99244646
926,21.754429840000004,21.01314722
927,21.754904880000005,20.989017699999998
928,21.786004259999995,21.129947199999993
929,21.714623940000003,21.069446919999997
930,21.72703856,21.053491059999992
931,21.730055880000005,21.070127459999995
932,21.82887022,21.071977579999995
933,21.753254760000008,20.958591079999998
934,21.709312020000002,21.02651488
935,21.664525759999993,20.962029019999996
936,21.704215159999993,21.11809282
937,21.7596022,20.937893179999996
938,21.749609340000006,21.103366580000003
939,21.697707379999994,21.106908099999995
940,21.703415120000003,21.0121938
941,21.742919059999995,20.92201568
942,21.69533144,21.057909159999998
943,21.768058479999993,21.038227299999996
944,21.759800240000008,21.118862179999997
945,21.7327879,20.934238519999997
946,21.804394220000002,21.001514239999995
947,21.751136679999995,21.148206559999995
948,21.769222340000006,20.905360119999997
949,21.6791216,21.093760820000007
950,21.71122038,21.096106160000005
951,21.728584020000003,21.05480034
952,21.733305760000004,21.06671578
953,21.821651260000003,21.070720180000002
954,21.7024765,20.97204296
955,21.81378072,21.043471700000005
956,21.76790775999999,20.969991139999998
957,21.74282438,21.031593379999993
958,21.803759340000003,21.095014079999995
959,21.749108799999995,21.1188612
960,21.783646060000002,20.951040180000003
961,21.7381943,21.009161659999997
962,21.854418500000012,21.08605495999999
963,21.751338420000007,21.03998056
964,21.7786387,21.039707859999993
965,21.736368880000004,21.01099648
966,21.819014019999994,21.044217079999996
967,21.76323628,20.942502720000007
968,21.736032799999997,21.0194001
969,21.71152111999999,21.093231359999994
970,21.73806852,21.130146839999995
971,21.742874099999998,20.939102399999992
972,21.74808734,21.044301100000002
973,21.710554199999997,21.069628780000006
974,21.765852080000005,21.087134060000004
975,21.750110399999993,20.873316480000007
976,21.711812560000002,20.8759114
977,21.74652478,21.068130180000004
978,21.704690380000002,21.036911020000005
979,21.710690779999997,21.097924359999997
980,21.761757900000003,20.961042080000006
981,21.744020000000006,21.04881368
982,21.726372719999993,21.08948474
983,21.7052915,21.082425060000002
984,21.741395379999993,21.15190162
985,21.853386680000003,21.036871960000003
986,21.772447220000007,21.033102900000003
987,21.754624920000005,21.07542668
988,21.799013140000007,20.95954914
989,21.77991268,21.035706
990,21.724384899999997,21.18019668000001
991,21.70444344,21.03167264
992,21.72549476,20.958705960000003
993,21.711458120000003,21.217112779999997
994,21.707329940000005,21.0413634
995,21.778013379999997,21.07393548
996,21.78949220000001,21.07490210000001
997,21.807349220000003,21.121675779999997
998,21.710467360000003,21.105161319999993
999,21.744687499999994,21.020105440000002
1000,21.718539039999996,20.953296699999996
1001,21.747545520000003,21.058223179999995
1002,21.747747780000008,21.06735837999999
1003,21.750574219999994,21.006021739999998
1004,21.822260840000002,21.092123360000002
1005,21.720274539999995,21.14428948
1006,21.748693579999994,21.002915699999996
1007,21.705767700000003,20.992645420000002
1008,21.71170436,21.070021860000008
1009,21.793903580000002,21.05654812
1010,21.732798560000006,21.106194739999996
1011,21.8535053,21.035271279999996
1012,21.74370328,21.04242194
1013,21.7364146,21.08291321999999
1014,21.758027219999995,20.924216819999998
1015,21.814282339999995,20.99695850000001
1016,21.806031840000006,21.14521016
1017,21.775803480000004,21.054500779999994
1018,21.776085939999998,20.991116539999997
1019,21.768988459999996,21.150824780000004
1020,21.75293953999999,21.04099344
1021,21.804441840000003,21.1201234
1022,21.739226219999995,20.99852312
1023,21.785078459999994,21.073043520000002
1024,21.762035979999997,21.014870659999996
1025,21.80485736,21.165203860000002
1026,21.722781439999995,21.039766399999994
1027,21.827582599999996,21.155903240000008
1028,21.76835634,21.113951279999995
1029,21.741211080000003,21.067751899999998
1030,21.796489840000003,21.006680659999994
1031,21.811800220000006,21.038572300000002
1032,21.72708814,21.098913380000003
1033,21.72494746,21.10126554
1034,21.77264806,20.926660179999995
1035,21.78011281999999,20.93890116
1036,21.75411982,21.02776844
1037,21.779125920000002,21.16007974
1038,21.77702461999999,21.107461699999998
1039,21.745695719999993,20.99334986
1040,21.830153719999995,21.25802576
1041,21.747238699999997,20.993043339999996
1042,21.828474760000013,20.933776299999998
1043,21.789586420000006,21.092177120000002
1044,21.741393860000002,21.026347580000003
1045,21.78719912,21.00250707999999
1046,21.69362022,21.025139339999996
1047,21.833171300000004,20.985202919999995
1048,21.776550959999998,20.948697779999996
1049,21.790110679999998,21.091256160000004
1050,21.78170542000001,20.98160577999999
1051,21.826097219999998,21.170916359999996
1052,21.793466700000003,21.06215458
1053,21.72589722,21.0935153
1054,21.828483220000006,20.97008524
1055,21.75867528,20.956605000000003
1056,21.791542099999997,21.076914579999997
1057,21.794989020000003,21.139688020000005
1058,21.7734349,21.13749362
1059,21.72184936,21.0113733
1060,21.755762679999997,20.93701986
1061,21.758305179999997,20.959086439999993
1062,21.817952379999998,20.98285266
1063,21.711598900000002,21.191419959999998
1064,21.743021300000006,21.05509626
1065,21.740062780000006,21.093158459999998
1066,21.759366439999997,21.058096020000008
1067,21.730165239999998,21.115164779999997
1068,21.695680880000005,21.198513659999993
1069,21.758066160000002,20.94111564
1070,21.729763600000002,21.119127399999996
1071,21.71887436,21.044249620000002
1072,21.76034282,21.136340040000004
1073,21.778046019999998,21.025843959999992
1074,21.8331949,21.086396060000002
1075,21.77264718,21.03419752
1076,21.75866188,20.878727860000005
1077,21.768685379999987,20.98673524
1078,21.801253720000005,21.097315999999996
1079,21.745058619999995,21.041999959999995
1080,21.806151119999996,21.07985922
1081,21.800826459999993,21.05512982
1082,21.76000766,21.105789900000005
1083,21.780825379999996,20.913466340000003
1084,21.78915926,21.0103914
1085,21.732592359999998,21.11401525999999
1086,21.790047299999998,21.14998397999999
1087,21.7566007,21.221358520000003
1088,21.767487979999995,21.147207560000005
1089,21.7306535,20.881969639999998
1090,21.779946279999994,20.92994638
1091,21.743750400000003,21.252586039999994
1092,21.70067304,20.966413659999997
1093,21.768219260000002,21.11301884
1094,21.71510936,21.060388160000002
1095,21.71214204,21.065083339999997
1096,21.798438919999995,21.211473679999997
1097,21.826695119999997,21.07393454
1098,21.746677999999992,21.12218467999999
1099,21.705037139999998,21.151185679999998
1100,21.777990799999998,21.058305499999996
1101,21.727807459999998,21.216560339999997
1102,21.779406040000005,21.065402640000002
1103,21.780264300000002,21.167658239999994
1104,21.801403280000002,21.191248459999994
1105,21.776006020000004,20.973505819999993
1106,21.873034200000003,21.037550139999997
1107,21.716619719999997,20.865392759999995
1108,21.729384,20.95819188
1109,21.718402820000005,21.222421020000002
1110,21.731383000000005,20.92534380000001
1111,21.742795,21.06352611999999
1112,21.779148339999995,20.967463539999997
1113,21.710473719999996,21.076853340000003
1114,21.81824124,20.97660678
1115,21.811530200000004,21.11863009999999
1116,21.77486288,20.974670799999995
1117,21.754565319999998,21.095678160000002
1118,21.72411828,21.205997019999995
1119,21.821402399999997,21.114586979999995
1120,21.733404160000006,20.96610972
1121,21.792678600000002,21.246463119999998
1122,21.75412338,21.114604599999996
1123,21.760060559999996,21.129433159999998
1124,21.78577728,21.072223880000003
1125,21.727160300000005,21.06842602
1126,21.730270459999993,21.12775046
1127,21.76891812,20.96063358
1128,21.7542724,21.051729339999998
1129,21.74122528,20.893893759999997
1130,21.763144819999997,21.14666602000001
1131,21.71978252,21.120313879999994
1132,21.775326279999998,21.05857594
1133,21.76905582,21.07007114
1134,21.76808836,21.071613980000002
1135,21.6905109,21.15749524
1136,21.74781442,21.1605188
1137,21.774539219999994,20.985775359999998
1138,21.758314879999993,20.970690540000007
1139,21.724706200000004,21.046046179999994
1140,21.76124058,20.995438240000002
1141,21.72865902,20.95430962
1142,21.782078479999996,21.08801286
1143,21.789441159999996,21.116185080000005
1144,21.750512719999996,21.1161749
1145,21.787320680000004,21.10165844
1146,21.9027708,21.074483139999998
1147,21.814771239999995,20.984557699999993
1148,21.72885218,21.0728871
1149,21.703184299999993,21.027621319999998
1150,21.751680199999996,21.00506874
1151,21.728694519999998,21.019512940000006
1152,21.737397060000003,21.099927219999994
1153,21.746799939999995,21.029523880000003
1154,21.72595288,21.061257660000003
1155,21.72903058,21.1037546
1156,21.793762479999994,21.08056508
1157,21.747749320000008,20.83567784
1158,21.6879597,21.082232080000004
1159,21.841462520000004,21.112598179999996
1160,21.746101039999996,21.047303099999993
1161,21.821995979999997,21.050071099999997
1162,21.75545708,21.025437439999997
1163,21.717349840000008,21.07158982
1164,21.778923980000005,20.805044639999995
1165,21.751217880000002,21.014638680000004
1166,21.73730916,21.103897019999994
1167,21.775084080000003,20.87397593999999
1168,21.7305283,20.979294300000003
1169,21.766605059999996,20.94841448
1170,21.74109902,21.171684539999998
1171,21.752132839999994,21.062568819999996
1172,21.771337640000006,21.05396822
1173,21.832258259999993,21.092127079999997
1174,21.806323080000002,20.96577092
1175,21.816312080000003,21.18751622
1176,21.76052072,20.808887879999997
1177,21.762606679999994,21.0729103
1178,21.790259240000005,21.077208139999996
1179,21.8052038,21.058921559999998
1180,21.71399066,21.045252659999992
1181,21.786433020000004,20.95409682
1182,21.774228479999987,21.06143314
1183,21.753407120000002,21.056270060000006
1184,21.714105680000007,21.031772979999996
1185,21.814348399999993,20.8618495
1186,21.743143440000008,21.031269899999995
1187,21.76640644,21.157833479999994
1188,21.746630500000002,21.154490539999998
1189,21.719717019999997,21.138084119999995
1190,21.78339728000001,21.211349759999994
1191,21.74065386,21.2296687
1192,21.73375416,21.0215787
1193,21.81189356,21.0952882
1194,21.74247722,21.08959552
1195,21.763759800000003,21.07880706
1196,21.763669000000004,21.14811771999999
1197,21.833887960000002,21.095172440000002
1198,21.710474399999995,21.20850462
1199,21.770929180000007,21.112386380000004
1200,21.760607120000003,21.034866199999993
1201,21.769197979999998,21.143814519999992
1202,21.721678940000007,21.042827140000004
1203,21.78603346,21.07181408
1204,21.776453640000003,21.065218839999996
1205,21.72276994,21.009995399999998
1206,21.84976812,21.0173655
1207,21.759675180000002,21.057501820000002
1208,21.76778016,21.06620594
1209,21.697357200000003,21.170438040000004
1210,21.772908440000002,21.059598720000004
1211,21.704911499999998,20.932905939999998
1212,21.800015700000003,21.080098219999996
1213,21.739728940000006,21.103825559999997
1214,21.789846400000002,21.032358879999993
1215,21.812267300000002,21.082282259999992
1216,21.794692759999997,21.110952260000005
1217,21.826027120000003,21.145517959999996
1218,21.737000939999998,21.0584537
1219,21.739884899999996,21.13013094
1220,21.727951200000003,21.14643162
1221,21.72679468,21.096091979999997
1222,21.785937519999997,21.031995259999995
1223,21.718888100000004,20.835110000000004
1224,21.71357684,21.03834393999999
1225,21.75647978000001,21.118064999999987
1226,21.72448720000001,21.217337180000005
1227,21.751440380000005,21.020118860000004
1228,21.816406320000006,21.0506903
1229,21.764651519999997,21.11834264
1230,21.744862580000003,21.14498752
1231,21.75325756,21.149805300000004
1232,21.743772800000002,21.038024619999998
1233,21.727148160000002,21.012275680000002
1234,21.77079024,20.9032674
1235,21.83000838,21.04911882
1236,21.738454500000003,21.01703744
1237,21.830786479999993,21.04591498
1238,21.759231179999993,21.01459514
1239,21.847485780000007,21.083599959999997
1240,21.8498824,21.018324139999994
1241,21.772238,21.09993556
1242,21.731218839999997,20.985152839999998
1243,21.735471300000004,21.087672079999994
1244,21.715080860000008,21.10701936
1245,21.785423780000002,21.219208120000005
1246,21.713941660000003,21.002494379999995
1247,21.75073028,21.11849350000001
1248,21.827627040000003,21.27786802
1249,21.745525880000006,21.04838448
1250,21.8138846,21.03003136
1251,21.83148472,21.188782059999998
1252,21.720533120000006,21.12716256
1253,21.76702018,21.133213160000004
1254,21.698352399999997,21.097246159999994
1255,21.7518086,20.981159299999995
1256,21.729589819999998,21.0583501
1257,21.646996079999997,21.034096379999998
1258,21.733065400000005,21.12897832
1259,21.779757099999998,20.97308866
1260,21.775363379999995,20.931220600000003
1261,21.730664259999994,21.083871979999998
1262,21.86046606,21.09780722
1263,21.730377039999993,20.995584880000003
1264,21.76649618000001,21.028032
1265,21.787236600000007,21.154873180000003
1266,21.73138394000001,20.992185319999997
1267,21.7615201,21.05442167999999
1268,21.7090764,21.264927459999996
1269,21.73623564,21.084149880000005
1270,21.75240992000001,20.83906602
1271,21.723764480000003,21.030514419999996
1272,21.77185152,21.01291494000001
1273,21.792833740000003,20.97746064
1274,21.750349279999995,21.076652360000004
1275,21.721925759999994,21.051563319999996
1276,21.792823840000004,21.147331859999998
1277,21.91513067999999,21.23129316
1278,21.725750440000002,21.097757459999997
1279,21.851485200000003,20.990338160000007
1280,21.731473920000003,21.083450519999996
1281,21.737070680000002,21.16778586
1282,21.79423508,21.069814320000006
1283,21.806643019999996,21.117695160000004
1284,21.749985319999997,21.06990084
1285,21.738604379999998,21.241532160000002
1286,21.806042360000003,21.07352434000001
1287,21.778445639999994,21.049217360000004
1288,21.760932159999992,20.982219920000002
1289,21.832810759999997,21.104200800000005
1290,21.774879040000002,20.99833516
1291,21.82719904,20.98710708
1292,21.74522494,21.0245601
1293,21.776814860000005,21.195304039999996
1294,21.796698220000003,21.115800520000004
1295,21.841960760000006,20.97779532000001
1296,21.839550720000002,20.91247668
1297,21.792059260000002,21.029725179999993
1298,21.697991439999992,21.087824639999997
1299,21.788427259999995,21.051854460000005
1300,21.68751026,21.035006099999997
1301,21.721821399999996,20.877172880000003
1302,21.70899852,21.061401259999997
1303,21.73737182,21.08465032
1304,21.857343580000002,21.093670860000003
1305,21.781009100000002,21.221782100000006
1306,21.770190699999997,20.965479220000002
1307,21.764434560000005,21.125537799999996
1308,21.814081479999995,21.1241996
1309,21.834589879999996,21.22988398
1310,21.711869320000005,20.960738259999992
1311,21.798349679999998,21.011544960000005
1312,21.775998019999996,20.97551698
1313,21.7338115,21.0249501
1314,21.807541099999995,21.101415619999997
1315,21.71471712,21.0180978
1316,21.8219103,20.990254500000006
1317,21.73526492000001,21.02252724
1318,21.75436086,20.977543920000002
1319,21.788469880000008,21.1021814
1320,21.79471828,21.018972580000003
1321,21.755565279999995,21.09585818
1322,21.739035340000004,21.16649962
1323,21.752551859999997,20.956231960000004
1324,21.749376439999992,20.964667120000005
1325,21.6902841,21.052407119999998
1326,21.760772599999996,21.033001520000003
1327,21.812972079999994,21.013768
1328,21.770089919999997,21.103010160000004
1329,21.826921699999993,21.203929740000007
1330,21.83287098,21.1490935
1331,21.803326220000002,21.001599779999996
1332,21.802298239999992,21.130616899999993
1333,21.739066779999998,21.203312179999998
1334,21.73497904,20.97891572
1335,21.782119520000006,21.03037356
1336,21.790732119999998,21.19611777999999
1337,21.85077146,21.005141520000006
1338,21.774553339999997,21.087526079999996
1339,21.77587202,21.20453552
1340,21.8161498,20.94808548
1341,21.786497900000004,21.114819400000005
1342,21.815914399999993,21.031559340000005
1343,21.832106760000002,21.098913759999995
1344,21.815156079999998,21.1147624
1345,21.87503306,21.043830959999994
1346,21.78137076,21.13032108
1347,21.769765999999994,20.948953359999997
1348,21.76519018,21.018403299999996
1349,21.723431979999997,21.16986492
1350,21.7230827,21.043708240000004
1351,21.808021640000007,21.155339859999998
1352,21.77975504,21.095536859999996
1353,21.77879714,21.0915039
1354,21.757792139999996,21.0012338
1355,21.78367244,21.086321100000006
1356,21.793581159999995,21.04302736
1357,21.76507742,21.09143336
1358,21.77642309999999,21.129305719999998
1359,21.818961599999998,21.229153140000005
1360,21.808202359999996,20.9802062
1361,21.828055419999995,21.0879961
1362,21.810012799999996,21.06776888
1363,21.774778619999996,21.066405439999997
1364,21.818867859999997,20.998491320000003
1365,21.754994819999997,20.986322060000003
1366,21.817906400000002,21.16347064
1367,21.752976619999995,21.071320199999995
1368,21.783309739999996,20.98854502
1369,21.773179300000002,20.934760179999998
1370,21.7264214,21.10277696
1371,21.84126534,20.953637419999996
1372,21.775912299999995,21.11697347999999
1373,21.756375079999998,21.141889520000003
1374,21.80173584000001,21.132741359999986
1375,21.72433408,21.179778979999995
1376,21.796678780000008,21.097718299999997
1377,21.795819460000004,21.06150306
1378,21.717163720000002,20.982475580000006
1379,21.75126206,21.1240644
1380,21.7498848,21.112381119999995
1381,21.807707,21.169234579999998
1382,21.774385660000004,21.124286360000006
1383,21.74228628,21.152465539999994
1384,21.799643559999996,21.16729275999999
1385,21.815316359999997,21.111325479999994
1386,21.734274000000006,20.922372460000002
1387,21.755407800000004,21.088278179999996
1388,21.787365759999997,21.044393000000003
1389,21.7736702,21.059848820000003
1390,21.77916052,21.098473140000007
1391,21.859513900000003,21.059144959999994
1392,21.764804339999998,21.144445119999997
1393,21.73558556,21.157906439999998
1394,21.739485460000004,21.03252684
1395,21.780134780000008,21.04077608
1396,21.841449439999998,21.149311280000003
1397,21.821254800000002,21.022670779999995
1398,21.78724774,21.081645999999996
1399,21.783010799999996,21.155296079999992
1400,21.823909019999995,21.066584159999998
1401,21.768281479999995,21.18605208
1402,21.792656379999997,21.127476259999998
1403,21.790329800000006,21.100924000000006
1404,21.801420659999998,21.027681019999996
1405,21.77496684,21.157217720000002
1406,21.825640379999996,21.018204700000002
1407,21.769055099999996,21.1868871
1408,21.770179179999996,21.004422979999994
1409,21.826474320000003,21.235039560000004
1410,21.780176219999994,21.047348880000005
1411,21.785544559999998,21.084296280000007
1412,21.83738906,21.05158206
1413,21.78455012,20.96823324
1414,21.835846,21.226291259999993
1415,21.77438946,21.20889988
1416,21.777766059999998,21.042446739999995
1417,21.735737419999992,21.226186279999993
1418,21.765751440000003,21.168787880000004
1419,21.825021499999988,21.170095799999995
1420,21.760919459999997,21.204175059999997
1421,21.817482120000005,21.020065500000005
1422,21.771252739999994,21.25900305999999
1423,21.737528179999998,21.00864006000001
1424,21.746339620000004,20.97605952
1425,21.769628299999994,21.226230499999996
1426,21.765846760000002,21.10889562
1427,21.739032480000006,21.074765739999997
1428,21.75096574,21.15165246
1429,21.766507100000002,21.09900828
1430,21.769694660000006,21.122886559999998
1431,21.794008980000005,21.149006680000003
1432,21.81338647999999,21.009675520000002
1433,21.755949359999995,21.130743559999996
1434,21.838091199999997,21.05949162
1435,21.78304418,21.0555138
1436,21.779885960000012,21.32458501999999
1437,21.732735600000005,21.137822139999997
1438,21.751044620000002,21.231916579999996
1439,21.785878639999996,21.042021879999993
1440,21.869042119999996,20.94578982
1441,21.80419252,21.19288833999999
1442,21.751551359999997,21.09591387999999
1443,21.7922413,21.24829598
1444,21.739361420000005,21.1925472
1445,21.759087919999992,20.980342860000004
1446,21.792772179999996,20.964075359999992
1447,21.809141840000002,21.13135512
1448,21.782759840000004,20.95739792000001
1449,21.761466280000004,21.172029039999998
1450,21.86212596,21.238708559999996
1451,21.77475244,20.996972619999998
1452,21.772775860000007,21.1432649
1453,21.758794320000007,21.056033580000005
1454,21.740180959999996,21.1278897
1455,21.79952399999999,21.125627039999998
1456,21.81054393999999,21.121632199999993
1457,21.768523499999997,21.041299460000005
1458,21.719825180000008,21.05417698
1459,21.767468000000008,21.092891679999994
1460,21.780826199999996,21.060195839999988
1461,21.7572194,21.015937120000004
1462,21.84615819999999,21.08159982
1463,21.75614674,21.199807139999997
1464,21.761765179999998,21.107530599999997
1465,21.86337276,21.07149564
1466,21.7798012,21.072742360000003
1467,21.765391840000003,21.06562874
1468,21.713601980000004,21.18440567999999
1469,21.8257475,21.170919399999992
1470,21.830667300000005,21.15401896
1471,21.758242099999997,21.00955586
1472,21.752992119999995,21.01536624
1473,21.744803779999998,21.046104699999997
1474,21.784959040000004,21.043112439999994
1475,21.781535160000004,21.123157960000004
1476,21.833831759999995,21.211460740000003
1477,21.79022136000001,21.134267839999996
1478,21.846088220000002,21.036333860000003
1479,21.821223980000003,21.04995464
1480,21.767808600000002,21.16033144
1481,21.79474342000001,21.01630378
1482,21.784070960000005,21.084021919999994
