generation,avg_training_score,avg_validation_score
0,17.203549179999996,16.455152339999998
1,17.349025499999996,16.251071399999997
2,17.472949400000005,16.57736002
3,17.44105706,16.792681780000002
4,17.5672278,16.550254960000004
5,17.39288634,16.5387524
6,17.53257302,16.438450240000005
7,17.539726199999993,16.640651899999998
8,17.54885496,16.61109762
9,17.551465200000003,16.63030796
10,17.519182120000004,16.676087380000002
11,17.46140842,16.5226091
12,17.43961168,16.520984639999998
13,17.523364019999995,16.536570520000005
14,17.51327116,16.4914992
15,17.49662572,16.67158126
16,17.502554139999997,16.850540259999992
17,17.593080519999997,16.549972040000004
18,17.498411459999996,16.52235356
19,17.561916179999997,16.492696400000003
20,17.464758840000005,16.666607860000003
21,17.427417799999997,16.63672004
22,17.553053,16.64026572
23,17.501607480000004,16.594593819999996
24,17.4999513,16.786339400000003
25,17.461292819999997,16.846661660000002
26,17.58043114,16.5535985
27,17.626567079999994,16.58628138
28,17.521441760000005,16.716164880000004
29,17.501902419999993,16.7225954
30,17.474003399999994,16.616310799999997
31,17.519097379999998,16.57538898
32,17.447512459999995,16.701130100000004
33,17.49029804,16.5682581
34,17.44245582,16.563696419999996
35,17.48424678,16.74981988
36,17.522480139999995,16.60509052
37,17.530118099999996,16.50626838
38,17.4692324,16.50954822
39,17.492798500000003,16.453957959999997
40,17.6077909,16.71280944
41,17.52274303999999,16.63908784
42,17.550442399999994,16.61022606
43,17.517234939999998,16.7685585
44,17.44304556,16.424326920000002
45,17.63161576,16.668671840000005
46,17.480924840000004,16.581002080000005
47,17.5163868,16.481198
48,17.626352679999997,16.703148439999996
49,17.561462400000003,16.79560706
50,17.590958940000004,16.501441019999998
51,17.519998099999995,16.687908019999995
52,17.551705499999997,16.603883460000006
53,17.42858258,16.645411819999996
54,17.46989052,16.688830420000006
55,17.530019,16.645047879999996
56,17.590281840000003,16.5578234
57,17.53524044,16.65252036
58,17.477906139999995,16.654635459999998
59,17.488204820000004,16.61216578
60,17.546492179999998,16.7100783
61,17.62200646,16.564971999999994
62,17.549679400000002,16.526575519999998
63,17.490848819999997,16.56446432
64,17.58201062,16.803249379999997
65,17.512075760000005,16.610859059999992
66,17.492977699999997,16.784881659999996
67,17.61347372,17.098595620000005
68,17.52756472,16.708515220000002
69,17.49734042,16.670366299999998
70,17.533431439999998,16.84825638
71,17.541769500000008,16.737139559999992
72,17.44266098,16.46600946
73,17.58341666,16.68948222
74,17.463437,16.65067004
75,17.57657001999999,16.494717
76,17.479696379999996,16.488016959999996
77,17.54162078,16.58274574
78,17.49892466,16.708169100000003
79,17.647117699999995,16.910408440000005
80,17.490125139999996,16.64068874
81,17.405728319999994,16.6938608
82,17.530252079999997,16.6226207
83,17.5421794,16.581018320000002
84,17.4746509,16.523546819999996
85,17.560536419999995,16.56588752
86,17.537586000000005,16.47756392
87,17.611208480000002,16.69512836
88,17.457828120000002,16.72044348
89,17.518405140000006,16.60558664
90,17.541885319999995,16.64259992
91,17.558197559999996,16.733953760000002
92,17.44309514,16.71397522
93,17.49058218,16.5201682
94,17.53174826,16.538756040000003
95,17.439720219999995,16.763210780000005
96,17.44889526,16.65677358
97,17.45167219999999,16.704007240000006
98,17.54327794,16.444291400000004
99,17.540577959999997,16.627030539999996
100,17.43606896,16.612702440000007
101,17.49280048,16.711476279999996
102,17.564843679999996,16.639867839999997
103,17.60801026,16.563568740000004
104,17.45959276,16.702601519999998
105,17.504196899999993,16.629289160000003
106,17.49977128,16.54482758
107,17.427381779999997,16.69789742
108,17.5294262,16.658928179999997
109,17.49779274,16.898863679999998
110,17.52717228,16.70856062
111,17.482124019999993,16.82963578
112,17.512904419999998,16.554951740000003
113,17.582697960000004,16.751487359999995
114,17.516740560000006,16.55498032
115,17.553939919999994,16.73956644
116,17.506625260000007,16.579092499999998
117,17.50346264,16.69848564
118,17.494085799999997,16.822602819999997
119,17.54601182,16.59082126
120,17.467777200000004,16.84187696
121,17.49625584,16.53661962
122,17.4381061,16.63621658
123,17.505072499999997,16.400821259999997
124,17.4883497,16.68069968000001
125,17.527012839999998,16.831317819999995
126,17.53039514,16.615157760000002
127,17.638006439999998,16.69269648
128,17.45556918,16.763824699999997
129,17.552171079999997,16.524476360000005
130,17.52277248,16.63059698
131,17.650209339999993,16.73090564
132,17.395313619999996,16.807390580000003
133,17.581277739999997,16.727555640000002
134,17.54479916,16.6057193
135,17.611570299999997,16.69099247999999
136,17.59380712,16.567581640000004
137,17.551571739999996,16.57267572
138,17.540012359999995,16.574291319999997
139,17.421083700000008,16.847554779999996
140,17.518012899999995,16.688864640000002
141,17.503864899999993,16.62602316
142,17.601613039999993,16.64569732
143,17.6167607,16.511891239999994
144,17.5478351,16.44624452
145,17.505990060000002,16.578977279999993
146,17.496279539999993,16.580059519999992
147,17.53445772,16.54696988
148,17.49223454,16.644520819999997
149,17.545446139999996,16.82958432
150,17.511815279999997,16.70057782
151,17.501502539999997,16.640465759999998
152,17.461898460000004,16.66947822
153,17.567847260000004,16.488554340000007
154,17.39950682,16.842010660000007
155,17.581159979999995,16.484549360000003
156,17.46352262,16.512326719999997
157,17.40216286,16.613508940000003
158,17.488762559999987,16.784611019999996
159,17.56172524,16.69621284000001
160,17.4638562,16.528038340000002
161,17.488273600000003,16.59095822
162,17.492592099999996,16.70034636
163,17.42266546,16.47846144
164,17.489105800000008,16.684392880000004
165,17.5242781,16.556394339999994
166,17.525958319999994,16.487907200000006
167,17.52619166,16.720156480000004
168,17.48699326,16.56373688
169,17.485562199999993,16.626294239999996
170,17.507781180000002,16.582104800000003
171,17.5899522,16.380497919999996
172,17.484892479999996,16.64084366
173,17.619304319999998,16.648422540000002
174,17.719469260000004,17.058063820000005
175,17.631888059999998,17.00304998
176,17.848079800000008,16.921554219999997
177,17.977814439999996,17.132866859999996
178,18.676562420000003,17.440382200000002
179,18.668532159999994,17.837424399999996
180,19.283458619999994,18.315271060000004
181,19.97618648,18.93884214
182,20.038028479999998,18.759845459999998
183,20.37657713999999,18.863915000000002
184,20.569777419999994,19.22499608
185,20.65356468,19.663826199999995
186,20.62097142,20.00033802
187,20.612105819999996,19.77108782
188,20.782530060000003,19.748852060000004
189,20.718419280000006,20.0102805
190,20.69251978000001,20.05577806
191,20.83135894,20.017841860000004
192,20.808580899999995,20.0344196
193,20.87351124,19.85927166
194,20.85905326,19.769178580000002
195,20.815140060000004,20.1426752
196,20.792296180000005,20.079220840000005
197,20.897172659999992,20.12743176
198,20.819848160000003,20.2301384
199,20.818272580000002,19.96262694
200,20.86837958,20.141263040000002
201,20.870835340000003,20.256899759999996
202,20.8797853,19.934118599999998
203,20.875073360000002,19.780237899999996
204,20.90748709999999,19.830164919999994
205,20.793665259999997,20.112015659999994
206,20.909340019999995,20.06819202
207,20.816910820000004,20.219362579999995
208,20.798665780000007,19.7870405
209,20.86685576,19.61618204
210,20.828322719999992,20.18431212
211,20.83482264,20.094149519999995
212,20.941963500000007,19.836166520000003
213,20.884343000000005,19.950943959999996
214,20.85716128,19.830913300000006
215,20.867974759999996,20.056993220000003
216,20.839345900000012,19.930806540000003
217,20.917079500000003,20.173176440000002
218,20.876493279999995,20.2574671
219,20.8739103,20.146530280000004
220,20.879777860000004,20.077693319999995
221,20.85030606000001,20.072332739999997
222,20.88149856,20.200297520000003
223,20.85713596,20.13324902
224,20.93134282,19.797937319999996
225,20.872958799999996,20.165239100000004
226,20.866553779999993,19.97792798
227,20.92350852,20.07956535999999
228,20.905371059999997,20.18611584
229,20.90684122,19.99376792
230,20.90298946,20.29594978
231,20.871644740000008,20.13666112
232,20.844509579999993,20.143597820000004
233,20.89379428,20.172705499999996
234,20.973814620000002,20.048841139999997
235,20.937014059999996,20.225106540000002
236,20.917197100000003,20.287035220000003
237,20.924127199999994,20.303036000000006
238,20.915721799999996,20.107643500000005
239,20.983569420000002,20.224123679999995
240,20.846802940000003,20.078462939999994
241,20.869594340000006,20.24802198
242,20.864904739999997,20.19979356
243,20.960307739999998,20.09011392
244,20.938546539999997,20.11784332
245,20.924171580000007,20.129096419999993
246,20.880540220000007,20.181796959999996
247,20.919737400000002,20.22029638
248,20.918608160000005,20.285678320000002
249,20.903617799999996,20.335014039999997
250,20.83266976,20.27277938
251,20.94646917999999,20.19687612
252,20.98276008,20.204859940000002
253,21.024879579999993,20.27478868
254,20.934834460000005,20.0975236
255,20.9098445,20.09209832
256,20.911608319999996,20.180861200000006
257,20.92535654,20.044605219999998
258,20.93816986,20.106229099999997
259,20.865883980000003,20.303461660000004
260,20.881191939999997,20.146391940000008
261,20.950666580000004,20.11523454
262,20.88150032,20.07121614
263,20.872203680000002,20.05897332
264,20.89779094,20.134872240000004
265,20.93432646,19.99850784
266,20.92910018,20.17484296
267,20.96509478,20.19192898
268,20.85885982,20.172512620000006
269,20.9622229,19.853675080000002
270,20.90582692,20.303619139999995
271,20.931781179999998,20.281834740000004
272,20.951876560000006,20.156552859999998
273,20.933893119999997,20.185870679999997
274,20.920745880000005,19.949626139999996
275,20.99187191999999,20.026391760000003
276,20.906980880000006,20.22428852
277,20.909113559999994,20.048917519999993
278,20.956282160000004,20.328333560000004
279,20.900869300000004,20.13692962
280,20.880982459999995,20.30680358
281,20.90258038,20.202624379999996
282,20.988698019999998,20.2218307
283,21.004480380000004,20.170382000000004
284,20.95854188,20.229594379999995
285,20.926313260000008,20.104636999999997
286,20.901009539999997,20.21320534
287,20.902176,20.317271480000002
288,20.9033923,20.167299800000002
289,20.88895712,20.221134380000002
290,20.957297080000004,20.2355846
291,20.903785459999998,20.1171406
292,20.911002919999998,20.17822324
293,20.905313859999996,20.278569399999995
294,20.948746519999997,20.112081419999996
295,20.9095932,20.193800760000002
296,20.914012500000002,20.179684159999997
297,20.934812519999994,20.07575548
298,20.954274199999997,20.218541260000006
299,20.86220614,20.06564906000001
300,20.905895800000003,20.209197840000005
301,20.921301920000005,20.210920620000003
302,20.9396774,20.20717868000001
303,20.854056400000005,20.19939292
304,20.8825774,20.247385359999996
305,21.02557588,20.392981260000003
306,20.93637386,20.050683940000003
307,20.879210000000004,20.195863519999996
308,20.95102008,20.214996579999998
309,20.886480819999992,20.252130299999994
310,20.923029920000005,20.179585360000004
311,20.918408259999996,20.288180540000003
312,20.90427147999999,20.148890339999994
313,20.902660259999994,20.22550344
314,20.938363259999996,20.137277519999994
315,20.864822900000004,20.096392159999997
316,20.863414439999993,20.156267
317,20.941589679999996,20.215255699999997
318,20.87221126,20.233613679999998
319,20.904938239999996,20.22361272
320,20.952353159999998,20.368200339999998
321,20.970485959999998,20.13589526
322,20.9407253,20.245958159999997
323,20.961585280000005,20.166390059999998
324,20.95186886,20.16915404
325,20.968808140000007,20.317426939999997
326,20.92693612,20.159782500000002
327,21.03564678,20.224724900000002
328,20.94622204,20.097713900000002
329,20.889920060000005,20.217556539999997
330,20.932570100000003,20.1137337
331,20.89964486,20.14401276
332,20.999112959999998,20.11792943999999
333,20.842114340000002,20.134875200000003
334,20.92422452,20.220317200000004
335,20.944469820000005,20.168456300000006
336,20.9435098,20.197509340000003
337,20.898170379999996,20.2267008
338,20.98413318,20.13085468
339,20.956626439999994,20.116409499999996
340,20.956600199999997,20.360374459999992
341,20.977223759999998,20.235536980000003
342,20.902751280000007,20.154657479999997
343,20.92810998,20.23383532
344,20.90517086,20.173023260000008
345,20.942693659999996,20.23171842
346,20.945995760000002,20.231734459999995
347,20.910679920000003,20.220828499999993
348,20.980255480000004,20.154290800000005
349,20.994905559999992,20.12533074
350,20.917683899999997,20.271244960000004
351,20.930391599999997,20.23045616
352,20.978865060000004,20.12841982
353,20.942131540000002,20.17154936
354,20.90626224,20.318568739999993
355,20.945448720000005,20.233551420000005
356,20.954748759999998,20.250761459999993
357,20.894613099999997,20.246004959999997
358,20.881430479999995,20.115199399999998
359,20.944561080000003,20.222718599999997
360,20.965771080000003,20.230274700000002
361,20.942498419999993,20.16281556
362,20.998508979999997,20.261603899999997
363,20.888525120000004,20.08782545999999
364,20.889537579999995,20.26127838
365,20.946715800000003,20.334518759999998
366,20.915532639999995,20.122150079999994
367,20.96839246,20.32287952
368,20.961191760000002,20.077123040000004
369,20.917607840000006,20.227074339999998
370,20.91709054,20.203248000000002
371,20.91780102,20.06289228
372,20.937121519999994,20.133873979999997
373,20.926065659999995,20.287681959999993
374,20.878368499999997,20.1988274
375,20.9308668,20.285074060000003
376,20.88089912,20.1248268
377,20.924482160000007,20.11559848
378,20.996833979999998,20.206883320000003
379,20.9163225,20.316734740000005
380,20.988408919999998,20.173109480000004
381,21.07740982,20.185605619999993
382,20.954314359999998,20.020879580000006
383,20.921657360000005,20.140362700000004
384,20.967640160000002,20.23106802
385,20.90542576,20.217885680000002
386,20.98724678,20.3269019
387,21.0406471,20.216267240000008
388,20.980656859999996,20.12059232
389,20.904772199999993,20.315608540000007
390,20.97062788,20.163197980000003
391,20.942904579999993,20.22715128
392,21.03357492,20.29174015999999
393,20.894570499999997,20.198835539999994
394,20.959233759999993,20.294300199999995
395,20.950196719999994,20.346608200000002
396,20.992842059999994,20.050743379999997
397,20.897278019999995,20.1574831
398,21.010701899999994,20.195756719999995
399,20.96226492,20.14052560000001
400,20.951022599999998,20.248902540000003
401,21.005094540000005,20.236952379999995
402,20.945573160000002,20.293431539999997
403,20.885042,20.18700446
404,20.890505139999995,20.33957048
405,20.915940980000006,20.19788738
406,20.897816499999998,20.29957992
407,20.899040899999996,20.254540679999998
408,20.946540659999997,20.11796176
409,20.896023,20.2434663
410,20.91870983999999,20.073447880000003
411,20.9316121,20.058411959999997
412,20.912661920000005,20.20834778
413,20.90317846,20.29636906
414,20.94029182,20.1582702
415,20.894689640000003,20.23961336
416,20.931839839999995,20.27406168
417,20.927454280000006,20.210725739999997
418,20.935944959999997,20.212770759999998
419,20.97484892000001,20.29780858
420,20.92751092,20.198832639999996
421,20.904565400000003,20.16792408
422,20.992478439999992,20.155491379999997
423,20.921470620000008,20.298721839999995
424,20.97247218,20.208836079999998
425,20.934496040000003,20.22850052
426,20.921687920000007,20.273798239999998
427,20.964445139999995,20.102837939999993
428,20.95168002000001,20.1496814
429,20.928801659999994,20.079339319999995
430,20.929360660000007,20.180080259999997
431,20.957382260000003,20.22370398
432,20.905812080000004,20.0528101
433,20.942414319999994,20.2691024
434,20.972556720000004,20.279678939999997
435,20.925480379999996,20.27725402
436,20.915839820000002,20.12047948
437,20.966410680000003,20.27328202
438,20.92995372,20.219454339999995
439,20.989883539999997,20.24918006000001
440,20.89496362,20.18383125999999
441,20.891824019999998,20.109775280000004
442,20.956382779999995,20.199379580000002
443,20.913689700000006,20.22241366
444,20.93472996,20.179999119999998
445,20.90552813999999,20.296088259999998
446,20.98986491999999,20.17097514
447,20.966568699999996,20.1918355
448,20.99116776,20.239188279999993
449,20.920397620000003,20.26408904
450,21.024816379999997,20.35986218
451,20.911558239999994,20.10173868
452,20.91865698,20.12237574
453,20.93011392,20.215970079999998
454,20.917340139999997,20.286049899999995
455,20.923260679999995,20.204653399999998
456,20.969261260000003,20.280107199999996
457,20.959469719999998,20.27399
458,20.958381019999997,20.18810254
459,20.86929202,20.157156079999996
460,20.981525419999997,20.325528560000002
461,20.944527099999995,20.226356860000006
462,20.919081820000006,20.18309492
463,20.996341419999993,20.109971819999995
464,20.938857879999997,20.30289018
465,20.92359594,20.20877218
466,20.958486999999995,20.213602279999996
467,21.000980939999998,20.13248694
468,20.90788254,20.285170179999998
469,20.884822480000004,20.183108180000005
470,20.961023160000003,20.284822079999994
471,20.9211374,20.274958079999998
472,21.031445779999995,20.267456019999997
473,20.962873979999994,20.25248922
474,20.919506339999998,20.273746519999996
475,20.924302360000002,20.14410534
476,20.963955000000002,20.26196917999999
477,20.954022220000002,20.133788579999997
478,20.955351600000004,20.30247578
479,20.887988680000003,20.2593776
480,20.982939540000004,20.341478599999995
481,20.884200320000005,20.127861699999997
482,20.96995148,20.289146620000004
483,20.96374184,20.16824118
484,21.01951112,20.150040600000004
485,20.957143080000005,20.193684839999996
486,20.95475108,20.061932040000002
487,21.023538440000003,20.1810066
488,20.871523399999997,20.115822140000006
489,20.930191220000005,20.00574448
490,20.935036360000005,20.13687144
491,20.94298685999999,20.3258872
492,20.892572480000002,20.248621819999997
493,20.912078860000005,20.1447759
494,20.928906219999995,20.142795220000004
495,21.07757994,20.20172018
496,21.008088980000004,20.177818079999998
497,20.90634166,20.385485000000003
498,20.99006354,20.3486803
499,20.968186019999997,20.35032122
500,20.90815997999999,20.10375972
501,21.016054139999998,20.14657418
502,20.90722246,20.12448026
503,20.943213480000004,20.12095398
504,20.92964272,20.205069179999995
505,20.968080299999997,20.18937254
506,21.021371059999996,20.35222356
507,20.911324999999998,20.24159452
508,20.897456980000005,20.273347859999998
509,20.93295192,20.099017980000006
510,20.913836900000007,20.105663639999992
511,20.950152019999997,20.16463271999999
512,20.9090768,20.1544696
513,20.974725999999997,20.222271420000006
514,20.967067879999995,20.142493719999997
515,20.8979113,20.142755299999997
516,20.882805079999997,20.090180279999995
517,20.946864419999997,20.1947221
518,20.886302439999994,20.17659008
519,20.969156359999996,20.123203919999998
520,20.913470979999996,20.2715184
521,20.954909559999997,20.18144882
522,20.93682516,20.180253039999997
523,20.9008868,20.27058712
524,20.93391364000001,20.255195260000004
525,21.037728179999995,20.224758880000003
526,20.989081780000003,20.109744600000003
527,20.896272880000005,20.226542219999995
528,20.941461699999994,20.19060432
529,20.951326079999994,20.22834336
530,20.921778080000003,20.22562358
531,20.911940919999996,20.3324418
532,20.914059180000002,20.08021395999999
533,21.007067619999997,20.185050559999993
534,20.959730739999994,20.36241932
535,20.931392320000008,20.278243160000002
536,20.8988324,20.15171692
537,20.9084978,20.147413219999997
538,20.969779480000007,20.07224252
539,20.968259859999993,20.286075540000002
540,20.904530020000003,20.231091659999997
541,20.953791379999995,20.23651192
542,20.92197106,20.19460754
543,20.908685379999998,20.308538119999998
544,20.963684959999995,20.207690559999996
545,20.954074240000004,20.326227559999996
546,20.91450294,20.1639598
547,20.914755500000005,20.119255099999997
548,20.926810959999997,20.130630339999996
549,20.955985979999994,20.262734540000004
550,20.891067319999994,20.20216076
551,20.92529114,20.28187256
552,20.96992244,20.203836900000002
553,20.906084779999997,20.1910949
554,20.929702579999997,20.156424020000003
555,21.01909928,20.151700279999996
556,20.956276799999998,20.264979800000006
557,20.944771560000003,20.124380619999997
558,20.929494899999998,20.221710700000003
559,20.958947260000006,20.33347578
560,20.891598700000003,20.24008924
561,20.939875960000006,20.129157740000004
562,20.9403052,20.158882200000004
563,20.899513219999996,20.175497219999993
564,20.898997039999998,20.293463480000003
565,20.96610878,20.33538706
566,20.873453540000003,20.232746839999997
567,20.90490606,20.085280160000003
568,20.994228599999992,20.232049540000002
569,20.921599399999995,20.148675019999995
570,20.920278020000005,20.07186184
571,20.9554166,20.050661379999998
572,20.893566579999998,20.16843024
573,20.960098899999995,20.136880939999998
574,20.988174599999994,20.22571278
575,20.89248172,20.200401219999996
576,20.92702933999999,20.052360399999994
577,20.973741899999997,20.276612260000007
578,20.88849014,20.277509639999998
579,20.948175020000004,20.095779039999996
580,20.966967240000002,20.2658004
581,20.959839639999995,20.352182759999998
582,20.884486619999997,20.238574
583,20.94026502,20.178232379999994
584,20.962231899999995,20.20798032
585,20.950533359999998,20.295193320000006
586,20.952261100000005,20.182484540000004
587,20.941007159999995,20.197854779999997
588,20.917443519999996,20.088933679999997
589,20.912589060000006,20.21978218
590,20.863216179999995,20.23705598
591,20.93090544,19.95941928
592,20.921918880000003,20.20879218
593,20.90831164,20.248770639999993
594,20.974081920000007,20.1850511
595,20.925999520000005,20.2013922
596,20.901562699999996,20.1803572
597,20.932999960000004,20.32737392
598,20.946461319999997,20.41073586
599,20.905530700000003,20.18094056
600,21.01719894,20.236788620000002
601,20.966764199999997,20.191070479999993
602,20.88972674,20.252257399999998
603,21.049782439999998,20.205526499999998
604,20.987960079999997,20.19063372
605,20.95137882,20.266152860000005
606,20.967139000000003,20.241232019999995
607,20.92938032000001,20.350672920000004
608,20.88997051999999,20.268622479999998
609,20.90918072,20.169557719999997
610,20.985355200000008,20.195095199999994
611,20.95265639999999,20.242874119999996
612,20.948563259999993,20.147755919999998
613,20.955121180000006,20.269093199999997
614,20.994875860000008,20.353802760000004
615,20.946126359999997,20.252585319999998
616,20.919372299999996,20.044082080000003
617,20.908505200000004,20.11743676
618,20.96497898,20.12688615999999
619,20.906710280000002,20.18212228
620,20.935006060000006,20.23440164
621,20.96296456,20.3171889
622,20.99408541999999,20.242884980000003
623,20.989724619999997,20.085130539999998
624,20.922398200000003,20.16628316
625,20.938852079999997,20.15040454
626,20.90210266,20.11068374
627,20.942907919999996,20.08243688
628,20.984020520000005,20.18424488
629,20.916542939999996,20.270731679999997
630,20.977274460000004,20.2920286
631,20.935609740000004,20.294134780000004
632,20.967483859999994,20.21730552
633,20.977434400000003,20.25561088
634,20.959098159999993,20.18811002
635,20.934091660000004,20.07607852
636,20.948586179999992,20.079661239999997
637,20.940703139999997,20.228063440000003
638,20.901425159999995,20.108385860000002
639,20.964899999999997,20.166215559999998
640,20.875166379999996,20.322787800000004
641,20.91481138,20.313240600000004
642,20.960127500000002,20.15979826
643,20.911370760000004,20.21584098
644,20.923944400000003,20.163135380000003
645,20.889156,20.218355040000002
646,20.905167240000004,20.10554256
647,20.939952619999996,20.35373364
648,20.93367464,20.19846166
649,20.88539338,20.298425539999997
650,20.964958680000006,20.075410520000002
651,20.932130639999997,20.17059336
652,20.927024499999998,20.301188479999997
653,20.9684638,20.275104960000004
654,20.958268920000005,20.2532439
655,20.923504859999998,20.18254532
656,20.91915684,20.39257566
657,20.991774220000003,20.312771399999995
658,20.916995739999994,20.2322328
659,20.97196348,20.1347027
660,20.95250198,20.247802019999998
661,20.935375499999996,19.971380499999995
662,21.001763139999998,20.36258934
663,20.896938059999993,20.148071819999995
664,20.981052220000002,20.21819276
665,20.954751400000006,20.204913119999997
666,20.916854779999998,20.287487780000006
667,20.920386779999998,20.209978719999995
668,20.966955379999998,20.28670054
669,20.923581260000002,20.168283159999998
670,20.942398560000004,20.153604880000003
671,20.9396766,20.1723837
672,21.045213700000005,20.18246322
673,20.958062799999997,20.189474500000003
674,20.907237839999997,20.161297679999997
675,20.94142156000001,20.12805534
676,20.928002040000003,20.03594758
677,20.933816979999992,20.21278742
678,20.94418748,20.217755299999997
679,20.991971359999997,20.281525799999994
680,20.94012178,20.108560700000005
681,21.02831284,20.24823004
682,21.089627619999998,20.032372919999997
683,20.95767128,20.23459146
684,21.024545720000003,20.33229642
685,20.94364662,20.136185639999997
686,20.94198471999999,20.31202518
687,20.99435836,20.29151706
688,20.987009899999997,20.20058248
689,20.96978094,20.2533602
690,20.954128299999997,20.30724898
691,20.883471019999998,20.206094139999994
692,20.937334420000006,20.070044879999998
693,21.002581,20.227309219999995
694,20.971139220000005,20.255789339999993
695,20.947062839999997,20.34255132
696,20.91900704,20.2270036
697,20.95792252,20.094780239999995
698,20.93853408,20.174074559999994
699,20.937217980000003,20.13630084
700,20.9309258,20.222445259999997
701,20.969859520000004,20.239674640000004
702,20.960211679999997,20.0680672
703,20.942862699999992,20.061668499999996
704,20.91312374,20.19283266
705,20.938483620000003,20.16093189999999
706,20.887836200000002,20.25749762
707,20.94908868,20.188695640000002
708,20.92353756000001,20.240402819999996
709,20.95078553999999,20.13854798
710,21.005313219999998,19.990298059999997
711,20.952312599999996,20.12742799999999
712,20.902025159999997,20.214393379999997
713,20.926895100000003,20.161002779999997
714,20.880878960000004,20.145086460000005
715,20.90586032,20.169237639999995
716,21.013753440000002,20.16884014
717,20.927759900000005,20.310076640000005
718,20.91997278,20.077982539999994
719,20.973738800000007,20.212009839999997
720,20.911378980000006,20.14633492
721,20.948172400000004,20.13911892
722,21.001739640000004,20.289098400000007
723,20.924980899999994,20.084966479999995
724,20.920263699999996,20.215971879999998
725,20.919754700000002,20.226482680000004
726,20.932367279999983,20.282654320000002
727,20.9410085,20.3657481
728,21.03599346,19.983319379999998
729,20.947023619999996,20.196376739999994
730,20.98197014,20.307072299999998
731,21.058284659999995,20.12046939999999
732,20.93943886,20.195507160000002
733,20.86645984,20.26839371999999
734,20.92800209999999,20.146977240000005
735,20.94274553999999,20.11108504
736,20.98300832,20.225627939999992
737,20.899629060000002,20.215284219999997
738,20.884615559999997,20.18227741999999
739,20.925715659999995,20.416825020000005
740,21.045913380000002,20.206582479999998
741,20.9385651,20.167383140000005
742,20.91144306,20.33115648
743,20.953187760000002,20.327512260000006
744,20.8857698,20.198293640000003
745,20.897381100000004,20.264315079999996
746,20.941912140000003,20.289698899999994
747,20.985201219999993,20.256818699999997
748,20.915563639999988,20.249606940000007
749,20.892283720000002,20.125550240000003
750,20.96978294,20.150878579999997
751,20.979731460000004,20.226685500000006
752,20.9186357,20.03065528
753,20.96213188,20.201335180000004
754,20.998557179999988,20.12565843999999
755,20.91439934,20.1574084
756,21.01098173999999,20.16278969999999
757,20.927390919999997,20.082214739999998
758,20.933163240000003,20.07307348
759,20.9311416,20.302707759999997
760,20.956084880000002,20.232758179999994
761,20.928956020000005,20.25721418
762,20.916678099999995,20.241034340000002
763,20.973339479999996,20.1853556
764,20.948839239999998,20.186182840000004
765,20.999285519999997,20.193869480000004
766,20.957471800000004,20.2635804
767,20.952448100000005,20.062143640000006
768,20.93332686,20.25508008
769,21.026476860000006,20.222756840000002
770,20.90996828,20.376756400000005
771,20.980416679999998,20.194311359999997
772,20.93865342,20.300605760000003
773,20.934891799999995,20.1000554
774,20.969344420000002,20.19997846
775,20.912369660000003,20.031093519999995
776,20.93691768,20.219658639999995
777,20.927708799999994,20.252694619999993
778,20.95154524,20.2351299
779,20.924904519999995,20.159330160000003
780,20.957709320000003,20.257343940000002
781,20.92975014,20.235147899999994
782,20.8983463,20.2188287
783,20.883956419999993,20.293134360000007
784,20.963728999999997,20.271959799999994
785,20.92149138,20.26383058
786,20.96977706,20.27697048
787,20.895391880000002,20.260187159999997
788,20.930067740000005,20.361282720000002
789,20.948192439999993,20.148135359999994
790,20.986367259999998,20.213271119999995
791,20.944234820000002,20.16626146
792,20.990830080000006,20.2766076
793,20.875550080000004,20.049405580000006
794,20.95851274,20.306906919999996
795,20.919783519999996,20.33978192
796,20.94684342,20.243175899999997
797,20.968137019999993,20.22832938
798,20.91940336,20.341246019999993
799,20.919955920000003,20.257902419999997
800,20.93570754,20.2468145
801,20.92249266,20.177195539999996
802,20.960229699999996,20.1778344
803,20.902663159999996,20.30328498
804,20.948551599999995,20.277743879999992
805,20.980974719999995,20.134320579999997
806,20.9601891,20.22694208
807,20.943113760000003,20.20009468
808,20.897330139999998,20.243396779999998
809,20.93160292,20.37935792
810,20.984537019999998,20.259528420000002
811,21.001669360000005,20.25607358
812,20.91573782,20.1928011
813,20.957470079999997,20.150577339999998
814,20.91733186,20.19781748000001
815,20.992273639999997,20.35863842
816,20.9554066,20.27865034000001
817,20.9249315,20.21754396
818,20.896124439999994,20.22042998
819,20.977238059999994,20.19926524
820,20.9554637,20.29317844
821,20.947380140000003,20.15246966
822,20.948790879999997,20.080893239999998
823,21.006575580000003,20.10057118
824,20.915002539999996,20.15777254
825,20.89603988,20.158844820000002
826,20.97899096,20.166377220000005
827,20.939019419999994,20.289000699999992
828,20.92260474,20.1727512
829,21.014935800000003,20.271251119999995
830,20.99164406,20.094674300000005
831,20.938050240000006,20.167304139999995
832,20.937740680000005,20.187287459999997
833,20.946332719999997,20.086200019999996
834,20.859885000000006,20.187399940000006
835,20.982610440000002,20.089311480000003
836,20.88607272,20.18778936
837,20.938487579999997,20.109411799999997
838,21.015270920000003,20.1436107
839,20.96268544,20.135076019999996
840,20.90901329999999,20.27047504
841,20.927702840000002,20.236027479999997
842,20.9152352,20.084492459999996
843,20.993747319999997,20.312126680000006
844,20.8843175,20.100695039999994
845,20.952181340000003,20.217428379999998
846,20.91204241999999,20.182080699999997
847,20.928288600000002,20.234194600000002
848,20.90046084,20.341824800000005
849,20.980151019999997,20.09835274
850,20.951301360000002,20.11995906
851,20.934170700000003,20.247317139999996
852,20.9310634,20.027883160000002
853,20.9079691,20.20865118
854,20.871160639999992,20.242593319999997
855,20.87155146,20.183007800000002
856,20.96291786,20.245505939999997
857,20.97705476,20.242391519999998
858,20.882044880000002,20.06918856
859,20.9964613,20.16176266
860,20.896835260000003,20.163307760000006
861,20.96413334,20.173542380000004
862,20.9077214,20.0860919
863,20.887881680000007,20.203563999999997
864,20.937017639999993,20.29615656
865,20.913641380000005,20.202311379999998
866,20.99410006,20.22295148
867,20.93245774,20.11163684
868,20.897190920000003,20.128366600000003
869,20.887288419999994,20.019766859999997
870,20.93682208,20.187013120000003
871,20.932590599999997,20.212012740000002
872,20.953286040000002,20.063463080000002
873,20.92023134,20.0827874
874,20.919870079999995,20.121638819999998
875,20.984738639999996,20.24749348
876,20.92448112,20.20778930000001
877,20.88937414,20.29228254
878,20.936307340000006,20.14533738
879,20.91179124,20.178632059999998
880,20.961552979999997,20.012711860000003
881,20.964986479999997,20.270498759999995
882,20.905593079999996,20.180565520000002
883,20.97962006,20.289898719999993
884,20.969405459999997,20.21065296
885,20.8908608,20.134924859999995
886,21.01125376,20.295160600000003
887,21.018158300000003,20.206517939999998
888,20.948873879999997,20.087607559999995
889,20.928775520000002,20.188913999999997
890,20.961086839999993,20.248503060000004
891,20.9315256,20.21046926
892,20.9555354,20.291906219999998
893,20.9047797,20.225583079999996
894,20.88162996,20.226251299999998
895,20.925594259999997,20.1770345
896,20.959505639999993,20.14402898
897,20.903518240000004,20.26035242
898,20.95169264,20.239457639999998
899,20.95334566,20.207477059999995
900,20.97931066000001,20.215383920000004
901,21.005684559999995,20.17250392
902,20.976870219999995,20.31557342
903,20.948702580000003,20.26261962
904,20.975304459999997,20.320591099999998
905,21.093946419999998,20.222317460000003
906,21.0411993,20.265344479999996
907,20.994094699999994,20.319534000000004
908,21.01357254,20.2617047
909,21.12378348,20.212399319999996
910,21.112173400000003,20.213713539999997
911,21.06388274,20.494320480000003
912,21.20772806,20.548262840000003
913,21.244539400000008,20.672507899999996
914,21.21020714,20.596526759999996
915,21.3913651,20.815023999999998
916,21.429327819999997,20.8211812
917,21.65576708,20.85140867999999
918,21.714268439999998,20.865066619999997
919,21.614908699999997,21.0401841
920,21.591237959999997,21.031401579999997
921,21.571852579999995,20.90127264
922,21.708568879999994,20.96489596
923,21.611655920000008,20.813747900000003
924,21.67128066,20.86246312
925,21.646992360000002,20.9064897
926,21.64869644,21.123002080000003
927,21.70491656,20.9642909
928,21.695401700000005,20.95638772
929,21.708764260000006,20.964136119999992
930,21.660181960000003,20.990403559999994
931,21.63821824,20.92486662
932,21.694430499999996,21.020482260000005
933,21.636020000000002,21.029828099999996
934,21.689024840000002,20.99431467999999
935,21.606674159999997,21.066614840000003
936,21.635288320000004,20.906992759999998
937,21.675705859999994,20.906467120000002
938,21.61912848,21.068988299999997
939,21.706487680000006,21.00722648
940,21.7127838,20.853047200000002
941,21.815796680000002,20.908321199999996
942,21.668371660000002,20.981471160000005
943,21.65538854,20.820396319999986
944,21.68774156,20.983994980000002
945,21.658960119999996,20.928334380000003
946,21.74207598,21.017034879999997
947,21.70844958,20.927857819999996
948,21.6900479,21.017269900000006
949,21.660388299999994,20.982078700000002
950,21.724205620000003,21.015006859999993
951,21.743068340000004,20.926479200000006
952,21.685705900000002,20.911755000000003
953,21.68576478,20.966803579999997
954,21.66502234,21.060526359999997
955,21.70373182,20.996146579999994
956,21.69791242,20.974135979999996
957,21.6666536,20.92387966
958,21.662886099999994,20.943586359999998
959,21.65384558,21.03322142
960,21.65976382,20.931054739999993
961,21.738090459999995,21.018292579999997
962,21.705650939999995,20.933046940000004
963,21.681355680000003,21.03770004
964,21.672387940000004,21.01763176
965,21.645484020000005,21.00169624
966,21.66552815999999,21.005560819999992
967,21.691986540000002,21.096687839999994
968,21.71989294,20.892957039999995
969,21.705749099999988,20.959346540000002
970,21.670399819999997,21.06804387999999
971,21.647931240000002,21.031121019999997
972,21.666831820000002,21.049527940000004
973,21.621541979999996,21.089132640000003
974,21.727221280000002,20.915921580000003
975,21.676837319999994,20.90829886
976,21.68940238,20.893482859999995
977,21.6237389,21.175673919999994
978,21.71749912,20.781805819999995
979,21.645632020000004,20.91276698
980,21.651109500000004,20.98956934
981,21.64314872,20.942926120000003
982,21.677435640000002,20.963702120000004
983,21.639891959999996,20.93260558
984,21.680850340000003,20.949533899999995
985,21.67042206,20.974617879999997
986,21.66273145999999,21.02995504
987,21.700592999999998,20.993370059999993
988,21.72236876,21.004290299999997
989,21.679462320000003,20.94063394
990,21.67549429999999,21.14125952
991,21.64671592,20.997224340000006
992,21.643941639999994,21.054775279999998
993,21.66816010000001,20.910853579999994
994,21.66562044,21.02832154
995,21.67876552,20.975958919999997
996,21.714487580000004,20.795620519999996
997,21.649390779999994,21.117945379999995
998,21.71776002000001,21.148988340000002
999,21.72923672,20.872054139999996
1000,21.592321480000006,20.98382052
1001,21.726699740000004,20.998867720000003
1002,21.67882812,20.94148092
1003,21.647735319999995,21.047152159999996
1004,21.66559938,20.964234879999996
1005,21.705727859999996,20.955741180000004
1006,21.7261148,21.048075960000002
1007,21.739412039999998,20.90736832000001
1008,21.662240399999995,20.88627582
1009,21.680892559999993,21.02075358
1010,21.716715640000004,20.959691539999998
1011,21.6683697,20.87638868
1012,21.73849096,21.088579259999992
1013,21.663640719999993,20.900239719999995
1014,21.663399820000006,20.97786352000001
1015,21.639001519999997,20.972573619999995
1016,21.659760000000002,20.967289899999997
1017,21.7502205,20.873975580000007
1018,21.759152759999996,20.966097679999997
1019,21.665951460000006,21.052038439999997
1020,21.710372779999993,21.02988132
1021,21.66774966000001,20.774990399999997
1022,21.642430039999994,20.964146579999998
1023,21.71747856,20.90451926
1024,21.647334419999996,21.06181954
1025,21.713696919999997,20.9934133
1026,21.696350080000006,21.0751053
1027,21.689248479999996,20.990670280000003
1028,21.69673084,20.981240140000008
1029,21.666348400000008,21.010713799999998
1030,21.703083299999992,20.67176934
1031,21.635377660000003,20.97011012
1032,21.742039059999996,20.991749060000004
1033,21.671854599999996,20.891948820000003
1034,21.679961340000006,20.965915619999997
1035,21.75802112,21.072601819999996
1036,21.685148159999997,20.966275819999996
1037,21.672881359999998,21.08342746
1038,21.635502260000003,21.01408544
1039,21.704130540000005,20.936932340000002
1040,21.61386564,20.923260019999997
1041,21.71485862,20.870573299999997
1042,21.715401460000006,21.020150960000002
1043,21.69189034,20.971283140000004
1044,21.63721412,20.88280116
1045,21.746242400000007,20.918508839999994
1046,21.780952740000004,21.082582079999998
1047,21.708311400000003,20.872901020000004
1048,21.70754514,21.037256359999997
1049,21.63609106,20.964321559999995
1050,21.69201572,20.932789080000003
1051,21.719444399999993,20.904771720000003
1052,21.695639680000014,21.0217406
1053,21.70387716,21.034360579999998
1054,21.68539554,21.0470397
1055,21.68506724,20.817855659999992
1056,21.682437520000008,20.936727780000002
1057,21.665271980000007,21.123112820000006
1058,21.633034860000006,21.033324299999993
1059,21.66150756,21.005671739999993
1060,21.67143896,21.09951015999999
1061,21.63736738,20.91065118000001
1062,21.675238,20.980709440000005
1063,21.7341939,20.981476660000002
1064,21.6778937,20.942374060000002
1065,21.677039760000003,20.998399019999997
1066,21.72685078,20.858712360000006
1067,21.675899779999998,20.754989099999992
1068,21.6356916,20.983996939999997
1069,21.673792200000012,21.161096299999993
1070,21.71773476,21.0785747
1071,21.675057739999993,20.92022956
1072,21.70411822,20.97242018
1073,21.65888003999999,21.058305900000004
1074,21.659402219999997,20.94197194
1075,21.64484139999999,20.978842200000003
1076,21.732833919999994,20.892857260000007
1077,21.694602399999997,21.07055676
1078,21.667481880000004,20.93388667999999
1079,21.671506259999997,20.922276619999998
1080,21.794821380000002,21.03801867999999
1081,21.71245294,20.983440419999997
1082,21.680996880000002,20.879603719999995
1083,21.67918116,20.98138454
1084,21.685778440000004,20.980373520000008
1085,21.62733096,21.08915344
1086,21.690937440000003,20.91182162
1087,21.665592899999996,21.102060140000003
1088,21.70870952,21.049554939999997
1089,21.755158100000003,20.804363979999998
1090,21.67290222,20.83298615999999
1091,21.65482636,21.04136004
1092,21.698590620000004,20.981753320000003
1093,21.695562240000005,21.05060316
1094,21.675201099999995,21.048003040000005
1095,21.652590819999997,20.83842678
1096,21.708977280000003,21.00501798
1097,21.659881580000004,20.9458706
1098,21.683602160000007,20.888111339999995
1099,21.65153526,20.984944679999998
1100,21.69294436,20.936836059999987
1101,21.652864,20.909969680000003
1102,21.665193560000002,21.031712000000002
1103,21.67356058,20.87352436
1104,21.693196860000008,20.952844499999998
1105,21.711758859999996,21.05620984
1106,21.696137359999994,20.914868439999996
1107,21.65979848,21.03665008
1108,21.708368059999998,21.081091039999997
1109,21.69239927999999,20.998160079999998
1110,21.78755296,21.044647599999994
1111,21.725282980000003,21.036247719999995
1112,21.678529279999992,20.899426939999998
1113,21.72358192,20.95374032
1114,21.664924420000002,20.97734074
1115,21.669361539999997,20.919088359999993
1116,21.72213134,21.0065837
1117,21.723690620000003,20.956146439999998
1118,21.684796699999993,21.162614679999997
1119,21.74942638,20.916755439999996
1120,21.705691479999995,21.03895548
1121,21.66159065999999,20.998804580000005
1122,21.703435959999997,21.109910060000008
1123,21.735649379999995,20.859675319999997
1124,21.63758652,21.0426401
1125,21.707245120000003,20.964931260000004
1126,21.675323979999998,20.9474502
1127,21.679767139999996,20.98207056
1128,21.720312679999996,20.933201600000007
1129,21.661471880000004,21.040156739999993
1130,21.752567520000003,21.004703980000002
1131,21.66678712,20.96541614
1132,21.721726860000004,21.041948
1133,21.731751079999995,20.991417240000004
1134,21.693268099999997,21.02474118
1135,21.64957892,20.957014100000006
1136,21.687535419999996,21.042650599999998
1137,21.70746616,20.86103078
1138,21.67891366,21.025072979999994
1139,21.66142634,20.94067386
1140,21.677430940000004,20.946849200000003
1141,21.694961460000012,20.932697060000006
1142,21.69642438,20.974296539999997
1143,21.72307474,20.964173180000003
1144,21.64327917999999,21.017493540000004
1145,21.66646002,21.086301759999998
1146,21.672525999999998,21.025441419999996
1147,21.71594822,20.882438999999994
1148,21.712777819999996,20.98741652
1149,21.71066294,21.003550299999997
1150,21.677930139999997,20.90023798
1151,21.725337720000002,20.945666319999997
1152,21.670459440000005,20.965420819999995
1153,21.73948998,20.898890259999998
1154,21.673004779999996,20.86028574
1155,21.719322559999995,20.9725451
1156,21.677600340000005,20.99225506
1157,21.6962908,20.9274038
1158,21.64824878,20.929124059999996
1159,21.66177306,21.02507312
1160,21.657823899999997,20.921683560000005
1161,21.694706340000003,20.978319499999998
1162,21.668094640000003,20.933994799999997
1163,21.703370340000003,20.987585520000003
1164,21.650215039999992,20.946654100000003
1165,21.6720818,20.96380074
1166,21.643434579999997,20.979803160000003
1167,21.65983194,20.98883023999999
1168,21.67912047999999,21.05635153999999
1169,21.751342240000007,21.07393255999999
1170,21.665912739999996,20.838224059999998
1171,21.669490440000004,21.005669740000002
1172,21.655049620000003,21.021596559999992
1173,21.768925,21.093458639999998
1174,21.709739059999993,20.98653408
1175,21.701097700000002,20.95615500000001
1176,21.69159331999999,21.111248519999993
1177,21.6647159,21.021715500000006
1178,21.666307340000003,20.919118859999994
1179,21.6949048,21.07567068
1180,21.691016180000005,21.068132820000002
1181,21.770522680000003,20.92343161999999
1182,21.710237779999996,21.023041720000005
1183,21.708305940000006,20.989859779999996
1184,21.662093479999996,21.107917900000004
1185,21.720591279999997,21.038567039999993
1186,21.655140239999994,21.077085400000005
1187,21.666192800000005,20.942672099999996
1188,21.697925140000002,21.011850279999997
1189,21.71263242,20.912067099999998
1190,21.627402580000002,20.96317488
1191,21.707334180000004,21.06777314
1192,21.646140999999993,21.008540359999998
1193,21.699314600000008,20.93993022
1194,21.664352559999994,20.97611756
1195,21.72280828000001,20.999596380000003
1196,21.705117640000005,21.016796720000002
1197,21.67080616,21.0771687
1198,21.63230128,21.0575255
1199,21.6794267,20.94139358
1200,21.651630580000003,21.037417120000004
1201,21.646090379999997,21.1102982
1202,21.728554460000005,21.0543152
1203,21.676831499999995,21.09028706
1204,21.70673498,21.031559700000003
1205,21.695902819999997,21.014195600000004
1206,21.645489319999996,21.10756212
1207,21.703242440000004,21.097587879999995
1208,21.68577582,21.058019999999996
1209,21.663921099999996,21.00885762
1210,21.659351920000002,21.024728599999992
1211,21.788891679999995,20.985206919999996
1212,21.68590648,21.026883140000006
1213,21.6800521,21.00585536
1214,21.675389759999995,21.03326502
1215,21.75397182,20.967457800000002
1216,21.70951672,21.00010148000001
1217,21.70815524,20.921339479999997
1218,21.768951679999997,20.9633511
1219,21.62729846,20.950553260000003
1220,21.664305680000002,21.02817876
1221,21.677148840000005,20.992662340000003
1222,21.790397239999997,20.92931932
1223,21.684777800000003,20.97390946
1224,21.686171419999997,20.91868398
1225,21.667351280000002,20.910947900000007
1226,21.65077972,21.07157618
1227,21.65218554,20.9752546
1228,21.738481639999996,20.870690540000002
1229,21.612600120000003,21.006597900000003
1230,21.73687978,21.008612600000003
1231,21.67088578,20.87321296
1232,21.703740200000002,21.0019673
1233,21.72078982,20.96075564
1234,21.660474559999997,20.90613152000001
1235,21.693313460000002,20.909431480000002
1236,21.702073699999996,21.03399524
1237,21.69273074,20.996339999999996
1238,21.7140469,20.79534766
1239,21.659119759999996,20.961641500000006
1240,21.72941326,20.96649374
1241,21.665240439999998,20.968591299999993
1242,21.68932582,20.988270140000004
1243,21.658303079999996,20.92878726
1244,21.680160280000006,20.950530059999995
1245,21.713240960000004,21.021299879999997
1246,21.7157614,21.013062720000004
1247,21.67077668,20.94490376
1248,21.694392679999996,20.7524753
1249,21.659328739999996,21.164986760000005
1250,21.72226812,21.00950526
1251,21.705205359999994,20.881124
1252,21.697959899999997,21.022462180000005
1253,21.670817160000002,21.00711292
1254,21.712069839999998,21.06519936
1255,21.671995060000004,21.112219239999995
1256,21.643346339999997,20.923517479999997
1257,21.6641074,20.825270299999996
1258,21.686756600000002,21.038236420000004
1259,21.693788880000007,20.924987379999997
1260,21.728311939999998,21.01388888
1261,21.678131699999998,21.065508579999996
1262,21.674610640000004,21.015422079999997
1263,21.643767759999996,20.874247380000007
1264,21.68593368,20.98898576000001
1265,21.745877979999996,20.959937980000003
1266,21.70796172,21.010934359999997
1267,21.651028840000002,21.04673538
1268,21.722504939999993,20.9532936
1269,21.633498579999994,20.943894120000003
1270,21.682097879999997,20.89761724
1271,21.699982360000003,21.0244732
1272,21.728699040000002,21.023396260000005
1273,21.61840174,21.0095687
1274,21.72816264,21.04031368
1275,21.672817920000007,20.853344919999994
1276,21.682853239999996,20.863512059999998
1277,21.643197440000005,21.057897899999997
1278,21.708286620000003,20.98836446
1279,21.64303194,21.091378240000004
1280,21.660234099999993,21.027903020000004
1281,21.65875904,21.14061756
1282,21.665764199999995,21.026810219999998
1283,21.665016620000006,21.009292660000007
1284,21.7655434,20.915197539999994
1285,21.677218819999997,20.99352092
1286,21.64221316,21.07376244000001
1287,21.652871840000003,20.973735259999994
1288,21.707526319999992,21.006884839999994
1289,21.650227179999987,21.05404818
1290,21.66463538,20.9594953
1291,21.67963897999999,21.000058819999996
1292,21.6551653,20.986724179999996
1293,21.660399280000007,21.039923320000003
1294,21.78328352,20.94550576
1295,21.6580923,20.930183980000006
1296,21.7057834,20.93601780000001
1297,21.68057296,20.990034659999996
1298,21.737044519999998,20.995487660000002
1299,21.647467080000002,20.99067552
1300,21.6407626,20.916997120000005
1301,21.710147879999994,20.98042762
1302,21.731270019999997,21.046775320000005
1303,21.659366340000002,21.068727699999997
1304,21.679838240000002,20.93818024
1305,21.74121012,20.926150699999994
1306,21.620226,21.00153938
1307,21.733870839999994,21.108238279999995
1308,21.69013368,21.01457516
1309,21.704486939999995,20.914419079999995
1310,21.637640180000002,20.986415819999998
1311,21.685000580000004,20.954232499999993
1312,21.654304179999993,21.0400661
1313,21.65695302,21.036002239999995
1314,21.68463266,20.988067079999993
1315,21.721434299999995,21.072256539999998
1316,21.668923179999993,21.03104424
1317,21.672479639999995,20.962156580000002
1318,21.69579314,20.91250314000001
1319,21.704446039999997,20.973464760000002
1320,21.641987519999997,20.889863880000004
1321,21.67598538,21.05870308
1322,21.678897459999998,21.032441160000005
1323,21.70036286,21.092591380000002
1324,21.678466379999996,20.963628239999995
1325,21.648239139999998,20.913666419999995
1326,21.657819219999997,20.95312220000001
1327,21.63543664,20.995506740000007
1328,21.730719499999996,21.016524439999998
1329,21.677342839999998,20.963715140000005
1330,21.710862959999996,21.07229026
1331,21.650013020000003,20.970447559999997
1332,21.651549259999992,20.89085022
1333,21.671212440000005,20.9283871
1334,21.677465319999996,20.978480259999998
1335,21.661278379999995,21.069140179999998
1336,21.738346920000005,20.956136779999998
1337,21.77236754,21.006869479999995
1338,21.6572857,20.971092139999993
1339,21.71143903999999,20.98040324
1340,21.72117074,20.8751975
1341,21.744993840000003,21.018651219999995
1342,21.71932294,21.04155916
1343,21.646035079999997,20.939098939999994
1344,21.707984920000005,20.929644140000004
1345,21.67610976,20.965383899999996
1346,21.649709960000006,21.116557160000006
1347,21.657587940000003,21.178443400000003
1348,21.700399760000003,21.10004466
1349,21.72544518,20.959687240000004
1350,21.684181520000003,20.98999866
1351,21.687903499999994,20.92379132
1352,21.665356399999997,20.89849918
1353,21.70670218,21.00526279999999
1354,21.675371499999994,21.05847574
1355,21.679247919999998,20.89505596
1356,21.660255740000004,21.115116899999997
1357,21.68276144,20.947626159999995
1358,21.69305177999999,21.074996060000004
1359,21.69261646,21.033795639999997
1360,21.66690726,20.963901879999998
1361,21.657765759999997,21.04116332
1362,21.710215760000004,21.050652120000006
1363,21.663537859999998,20.990097539999997
1364,21.678794220000007,20.891466039999997
1365,21.645222739999994,21.033721220000004
1366,21.655023279999995,20.96211738
1367,21.78577714,20.93527483999999
1368,21.740087560000003,21.089689880000005
1369,21.71379276,20.970787519999995
1370,21.68158478,21.084626780000004
1371,21.61648022,20.94410774
1372,21.701489660000004,21.128839239999998
1373,21.658154699999997,21.128368899999995
1374,21.714023319999995,20.97661244
1375,21.663585119999993,20.949414019999995
1376,21.674637120000007,21.05608672
1377,21.660212780000002,20.95139834
1378,21.646005439999996,20.9316339
1379,21.714365320000002,20.92725394
1380,21.679925579999995,20.900685199999998
1381,21.6313544,20.900460080000002
1382,21.695877919999997,21.0639771
1383,21.65212248,21.030404439999998
1384,21.645694660000007,20.86855674
1385,21.680946839999997,20.983142620000002
1386,21.652614060000005,20.963407519999997
1387,21.706801719999998,20.994677099999993
1388,21.709702459999995,21.000829139999997
1389,21.696462279999995,20.974242280000002
1390,21.673537,20.999904199999996
1391,21.6470165,21.09354084
1392,21.6447551,20.995967199999996
1393,21.71659442,20.99044468000001
1394,21.747975739999998,21.00975528
1395,21.7496994,21.026512899999997
1396,21.71802780000001,20.96264907999999
1397,21.720101520000004,21.0248748
1398,21.68228916,21.012118819999998
1399,21.69008594,20.92074238
1400,21.733347279999997,20.98728062
1401,21.656046279999995,20.871443659999997
1402,21.703107019999997,21.09621508
1403,21.6732981,20.948781080000003
1404,21.65195712,20.906020240000004
1405,21.667697939999996,20.9328964
1406,21.692741220000002,21.02966944
1407,21.644868300000002,21.034725219999995
1408,21.75784392,20.91513756
1409,21.628608460000006,21.044542160000006
1410,21.680944199999995,21.041208340000004
1411,21.68795166,21.06158968
1412,21.755641219999998,21.023706820000008
1413,21.71341876,21.00210454
1414,21.71977962,20.98095668
1415,21.71406188,21.024345040000004
1416,21.765615320000002,21.0372919
1417,21.68235824,20.954282560000003
1418,21.66343566,21.10838436
1419,21.675656439999997,20.99898828
1420,21.712676599999995,21.18568676
1421,21.656131159999994,20.90549426
1422,21.671230700000002,21.03732957999999
1423,21.638157980000003,21.077531279999995
1424,21.649473679999996,20.937797380000003
1425,21.6901804,20.926953760000007
1426,21.726287960000004,21.07934446
1427,21.661119940000003,21.043983219999994
1428,21.68822168,20.96528286
1429,21.73081642,21.053760099999998
1430,21.690969780000003,21.008715940000005
1431,21.642351480000002,20.970193120000005
1432,21.598753699999993,20.893128060000002
1433,21.627616059999994,21.0695709
1434,21.720330920000002,20.84672743999999
1435,21.70425894,20.99651364
1436,21.687647779999992,21.17136524
1437,21.702115120000002,21.05206446
1438,21.649446140000006,20.833521540000003
1439,21.696991900000004,20.977599419999997
1440,21.68477576,21.01508632
1441,21.730795740000005,20.990804160000003
1442,21.750021319999995,20.945613400000003
1443,21.66352086,20.98534366000001
1444,21.74949442,21.137075340000003
1445,21.66181162,20.922926059999998
1446,21.701047360000004,21.028526300000003
1447,21.755337179999998,21.128542819999996
1448,21.67274114,20.973483419999997
1449,21.6511048,20.903417160000004
1450,21.677596039999994,20.88076238
1451,21.667425939999998,20.886586479999995
1452,21.70160762,21.009248339999996
1453,21.66325092,20.944745839999996
1454,21.666185940000005,21.055982999999998
1455,21.707535599999996,21.03944074
1456,21.63278842,20.964000820000006
1457,21.6452447,20.95113298
1458,21.65691832,20.98169774
1459,21.666168519999996,20.986125899999998
1460,21.6736861,20.864804120000002
1461,21.685813800000002,21.028347319999998
1462,21.65394864,20.944829659999996
1463,21.608186119999996,20.980131959999998
1464,21.713689740000003,21.02193395999999
1465,21.72344828,20.833616940000002
1466,21.67859018,20.946663619999995
1467,21.668584559999996,20.996341079999997
1468,21.705937160000005,21.00212258000001
1469,21.746273579999997,21.13390832
1470,21.683728840000004,20.90212934
1471,21.707771459999993,20.94578646
1472,21.655478420000005,20.973098980000003
1473,21.66934606,21.089002920000002
1474,21.67446943999999,20.99025902
1475,21.63169626,20.9697451
1476,21.721336979999997,20.97509436
1477,21.734033259999997,20.939040260000002
1478,21.67246424,21.048929899999997
