generation,avg_training_score,avg_validation_score
0,18.5566881,18.2598293
1,20.750618579999994,19.97973018
2,20.861730199999997,20.166808060000005
3,20.923095560000007,20.088919739999998
4,21.25157138,20.566422519999996
5,21.25025378,20.33529884
6,21.5201245,20.629436440000003
7,21.61897759999999,20.738972759999996
8,21.630558780000005,20.796582139999995
9,21.65263093999999,20.98835856
10,21.72397214,20.88830758
11,21.666752479999996,20.749311
12,21.643157939999995,20.84984078
13,21.741982360000005,20.925743879999995
14,21.662304280000004,21.02149194
15,21.702938059999997,20.967114879999993
16,21.58235396,20.99390806
17,21.68069862,20.893021740000005
18,21.597946780000008,21.0828724
19,21.60381762,20.891849139999998
20,21.691753320000007,20.882817260000003
21,21.623502339999995,20.927211120000003
22,21.64060668,20.93220476
23,21.67672836,20.97650376000001
24,21.680933839999998,21.102967259999996
25,21.705957879999996,20.815540799999997
26,21.721698139999997,20.958832819999998
27,21.66829486000001,20.933275119999994
28,21.68057478,21.016623940000002
29,21.716983420000002,20.909309100000005
30,21.6431741,20.85532734
31,21.639182740000003,20.90435478
32,21.706180439999997,20.935022779999994
33,21.62901656,20.869402479999998
34,21.712066580000002,21.092492939999993
35,21.665961959999994,21.016720220000003
36,21.679390100000006,20.944906819999996
37,21.6470865,21.045285959999998
38,21.630397859999988,20.8234895
39,21.716601620000006,21.003860380000003
40,21.646036859999995,21.007795740000002
41,21.645866620000003,20.985195779999998
42,21.64608948,20.909004480000004
43,21.715925419999998,20.938528540000004
44,21.666438380000002,21.060923960000004
45,21.628761760000003,20.978286900000004
46,21.64813732,21.12697356
47,21.62736198,20.98297122
48,21.677644560000005,21.049916040000003
49,21.738949419999997,21.083367259999996
50,21.61831118,21.040070519999993
51,21.748982120000004,20.9351885
52,21.680556019999997,20.965735719999998
53,21.704636219999998,20.93443036
54,21.68612328,20.825576260000002
55,21.6911731,21.07986482
56,21.64295858,20.960134880000002
57,21.690860439999998,21.052048319999997
58,21.757606019999994,20.846366699999994
59,21.6715499,21.02527512
60,21.67654708,20.872687940000002
61,21.660241280000005,20.96228136
62,21.711127059999995,20.908634399999997
63,21.69959364,21.0189617
64,21.637718760000006,20.916278319999996
65,21.73057712,20.877704079999994
66,21.653477760000005,20.903966600000008
67,21.683452299999995,20.978057660000005
68,21.65635124,21.01844552
69,21.697718080000005,20.924715939999995
70,21.686531959999996,20.98320194
71,21.719254120000002,20.99293006
72,21.7106493,21.0377998
73,21.680163320000002,20.945008080000008
74,21.67224786,21.033285919999997
75,21.649416440000003,20.997560139999997
76,21.609100139999995,20.84411286
77,21.650235319999997,20.807101179999997
78,21.718888479999997,21.04669958
79,21.685291539999998,20.801694879999996
80,21.66192306,21.065602220000002
81,21.621484080000005,21.02432438
82,21.616345779999996,20.988145939999995
83,21.681721480000007,21.151445259999996
84,21.749721800000003,21.013712899999994
85,21.658356960000003,20.934460359999992
86,21.757808899999997,21.00785860000001
87,21.707101279999996,20.92081112
88,21.793445759999994,20.817954699999994
89,21.706414960000004,20.98729568
90,21.697379880000003,20.88473652
91,21.73030664,20.688388480000004
92,21.68911492,20.92624702
93,21.673759399999994,21.00805414
94,21.67955475999999,20.9342546
95,21.742337099999997,20.917292739999997
96,21.67942974,20.948622240000006
97,21.696205,20.972203460000006
98,21.63250448000001,21.042982379999998
99,21.675537159999998,20.947666520000002
100,21.66210762,20.916322679999993
101,21.70086884,20.955742259999994
102,21.64899492,20.985020039999995
103,21.70236652,21.069072860000002
104,21.64270442,20.900247359999998
105,21.687076039999997,20.937610460000005
106,21.688995079999998,20.98778498
107,21.73911399999999,20.938083699999996
108,21.680536940000003,21.041112240000004
109,21.650563280000007,20.89254144
110,21.682893420000006,20.963545580000005
111,21.712895160000002,20.87656832
112,21.673533360000008,20.90223186
113,21.620010719999996,21.02501344
114,21.746816440000003,20.848834179999997
115,21.683323820000002,21.03023650000001
116,21.66082212,20.924529779999997
117,21.66891176,20.9502769
118,21.680149320000005,20.978443439999996
119,21.654098520000005,21.045460300000006
120,21.743893479999993,20.945093180000004
121,21.664171560000003,21.07250188
122,21.836565259999997,21.04152472
123,21.693926500000003,21.05160568
124,21.713666859999993,21.112873880000002
125,21.730763799999995,20.942209319999996
126,21.655995759999996,20.86842903999999
127,21.710359459999996,20.953294259999996
128,21.72017597999999,20.94311676
129,21.74895878,21.012857779999994
130,21.69231318,21.09243198
131,21.673697179999994,20.993764080000002
132,21.676414859999994,20.93476332
133,21.648675480000005,21.010221439999995
134,21.68315834,20.99165532
135,21.67748566,21.010417900000007
136,21.6659889,21.04274991999999
137,21.781487740000003,20.96019125999999
138,21.663476020000004,20.874391599999996
139,21.648406299999998,20.972681419999994
140,21.69908394,20.849112699999992
141,21.691274720000003,21.03628373999999
142,21.707495560000005,21.03650836
143,21.637719999999998,21.0246134
144,21.688016660000002,20.948683799999998
145,21.652551659999993,20.9020066
146,21.707130200000005,20.927782200000003
147,21.65457992,20.986436500000003
148,21.700187860000007,21.05475312
149,21.724282680000005,20.86899095999999
150,21.678638840000005,21.185450139999993
151,21.6842277,21.085557019999996
152,21.660387800000002,20.924202699999995
153,21.663239839999996,20.983683679999995
154,21.727572799999994,20.97905486
155,21.64822191999999,20.925551260000002
156,21.72587736,20.996867660000003
157,21.73388238,21.043409279999995
158,21.693589319999997,20.957180900000008
159,21.692707960000003,20.917954359999996
160,21.6999061,21.049002819999995
161,21.674617220000005,20.97266834
162,21.693641479999997,20.932856360000002
163,21.638923399999996,20.96571471999999
164,21.659171439999994,20.997159199999995
165,21.64250732,20.91124114
166,21.74010882,21.0447521
167,21.674085740000006,21.04257894
168,21.694629600000003,20.92624448
169,21.739376199999995,20.899277
170,21.706451039999997,20.974752039999995
171,21.633161940000008,21.062939619999998
172,21.644626559999995,20.963982720000004
173,21.745672400000007,21.031575080000003
174,21.67695515999999,20.973279660000003
175,21.688709360000004,20.955783599999997
176,21.659206420000004,21.016441959999998
177,21.751707859999996,21.0343102
178,21.659064019999995,20.938249880000008
179,21.69004496000001,20.970485679999996
180,21.651515679999992,21.067692740000002
181,21.6675894,21.05907939999999
182,21.68169036,20.876405199999994
183,21.734760020000003,21.075958260000004
184,21.682404339999994,20.921124820000003
185,21.725137439999997,20.89206626
186,21.71205812,20.924511700000004
187,21.771910660000003,20.88684386
188,21.675245120000003,20.961611320000003
189,21.65577982,21.031725299999998
190,21.6469216,20.891925700000005
191,21.67259748,20.911232019999993
192,21.68144235999999,20.83879548
193,21.701932300000006,20.89118552
194,21.805312940000004,20.99473736
195,21.711642179999995,21.03946058
196,21.666691320000005,20.963241299999996
197,21.682263980000002,20.98749042
198,21.69040667999999,20.946577440000006
199,21.710230560000003,21.111399360000004
200,21.75490802,21.0128311
201,21.648698780000007,20.937562579999998
202,21.715529219999993,20.98169798
203,21.655627859999996,20.97344832
204,21.687374139999996,21.132151120000003
205,21.674596880000003,20.99281082
206,21.67004873999999,21.162751379999996
207,21.631520000000005,21.179565379999996
208,21.663183520000004,20.990075239999996
209,21.72574804,21.01403326
210,21.684623140000003,20.925810760000005
211,21.697433420000003,20.87882124
212,21.646393399999997,21.097977059999998
213,21.687639900000004,20.925144760000002
214,21.65860496,20.968229179999998
215,21.697210960000007,21.077677400000006
216,21.80204988,21.137614179999996
217,21.673092039999997,20.977680259999993
218,21.68056958,20.962623559999997
219,21.63884782000001,21.001069279999996
220,21.687379439999994,20.980696339999998
221,21.654683400000003,20.960106619999998
222,21.644671319999997,20.960791479999994
223,21.662135440000007,20.976370780000003
224,21.703292119999997,21.11999734
225,21.769317800000007,20.913968200000003
226,21.721333280000003,20.96995816
227,21.680760259999992,21.030025860000006
228,21.71628194,20.9838105
229,21.729799620000005,21.006073620000002
230,21.670517419999992,21.135043139999993
231,21.692374659999995,20.976727580000006
232,21.70867485999999,20.86613550000001
233,21.639997960000002,21.136297480000003
234,21.730224419999995,21.058740999999994
235,21.6685476,20.99630372
236,21.72320004,21.12071796
237,21.696418320000003,20.89675572
238,21.73856542,20.921651440000005
239,21.714038419999998,21.07936894
240,21.693470560000005,20.992183179999994
241,21.68687176,20.935033359999988
242,21.641448240000003,20.990452340000004
243,21.772513459999995,20.92791436
244,21.662733480000007,20.95317454
245,21.696343220000003,20.9072678
246,21.672818860000003,21.068553259999998
247,21.700553179999996,20.894505219999992
248,21.68902870000001,20.946526360000004
249,21.670269919999992,20.904893780000002
250,21.652436220000006,21.074163480000003
251,21.72034333999999,20.966185420000002
252,21.670377360000003,21.07701552
253,21.713278320000004,20.945556919999998
254,21.665230559999994,20.999202620000002
255,21.63240418,20.87654914
256,21.6935883,20.795984060000002
257,21.68539674,21.040421880000007
258,21.693867599999997,20.91563674000001
259,21.731561860000003,21.03914276
260,21.701128139999994,20.87701408
261,21.66538262,20.414913279999997
262,21.68230744,20.994410299999995
263,21.711051480000005,20.949934819999996
264,21.647092279999995,20.997997840000004
265,21.694838900000004,20.900438060000006
266,21.699259420000004,21.013496800000002
267,21.776208280000002,21.047121479999998
268,21.71939752000001,21.08269959999999
269,21.678465720000005,20.881189300000003
270,21.670419780000003,21.01036102
271,21.659446640000002,21.05826808
272,21.658608759999993,20.926559200000007
273,21.687641520000003,20.985516079999993
274,21.683943179999996,21.022980940000004
275,21.640347680000005,21.061718739999996
276,21.64363604,20.93618208
277,21.672036400000003,20.973256020000004
278,21.66873942,20.968132579999992
279,21.716158319999995,20.930886499999996
280,21.73079714,20.96117568
281,21.691845719999996,20.978622659999996
282,21.674772979999997,20.96665556
283,21.62525366,21.00502984
284,21.683063920000006,20.975550279999997
285,21.66123962,20.9751052
286,21.691471520000004,21.047341380000002
287,21.690653039999997,21.04922788
288,21.69824242,21.06148582000001
289,21.651615619999998,20.92331252
290,21.69817818000001,20.965333219999994
291,21.658965539999993,20.95338972
292,21.62883808,20.990189519999998
293,21.685704239999996,21.087217140000003
294,21.70565124,20.928100539999996
295,21.67953516,21.02721708
296,21.655901800000006,20.827771900000002
297,21.66280702,20.970153179999997
298,21.677924379999993,21.028929299999994
299,21.727857439999998,21.069182499999997
300,21.70734386,21.05233774
301,21.677360340000003,20.87922004
302,21.67069701999999,20.847948480000003
303,21.66839524,20.97837482
304,21.693529839999993,20.839075519999998
305,21.64399737999999,20.926755040000003
306,21.659268199999996,21.00598698
307,21.653189759999997,20.962596219999995
308,21.64390014,20.970797580000003
309,21.665284080000006,20.943819140000002
310,21.68609682,21.071702839999997
311,21.651596379999997,21.044336099999995
312,21.672285779999996,21.022308839999997
313,21.633890600000004,20.968364620000006
314,21.698271579999997,21.086107639999994
315,21.679707540000003,21.008652979999997
316,21.64411462,20.91797147999999
317,21.68151602,21.12858706
318,21.688260380000006,20.991843120000002
319,21.678348239999995,21.029240459999997
320,21.668805599999995,20.878309999999995
321,21.67855186,21.01462434
322,21.62703404,20.96960282
323,21.67807928,21.092618239999993
324,21.686643480000008,20.952806799999998
325,21.669306299999995,21.0043231
326,21.69594536,20.9464215
327,21.66269628,20.90087866
328,21.616924519999998,20.98037156
329,21.715756759999994,20.819883659999995
330,21.709186820000003,20.84487794
331,21.65796632,20.910338319999997
332,21.63407282,21.04076674
333,21.713981439999998,20.930077600000004
334,21.728187440000003,21.020162340000002
335,21.73295944,20.975601760000004
336,21.675767700000005,21.121600120000004
337,21.682206239999996,20.97732048
338,21.67344004,20.96231192
339,21.67574072,20.944582279999995
340,21.688891799999993,20.99244022
341,21.669060320000003,20.99172968
342,21.662432660000004,21.034331
343,21.65094398,20.7557989
344,21.707925499999998,21.085473140000005
345,21.700382059999995,20.831534899999998
346,21.692607239999997,21.01800266
347,21.676469340000004,20.993196659999995
348,21.68364016,20.939006079999995
349,21.6453949,21.01217942
350,21.6644476,21.03132928
351,21.68018735999999,21.066690839999993
352,21.645354500000007,21.013955960000004
353,21.686341359999997,20.969277220000002
354,21.67025744,20.993635519999994
355,21.731157540000005,21.022321660000003
356,21.7148154,20.940760000000004
357,21.74807756,20.927325819999997
358,21.66328954,21.025065499999997
359,21.661372259999997,21.04213248
360,21.717821579999995,20.92128708
361,21.664767020000003,20.92424828
362,21.657591999999994,20.9991663
363,21.67834427999999,20.865217019999996
364,21.613778780000004,21.08722933999999
365,21.70397626,21.087749
366,21.688797040000004,21.024015979999998
367,21.608550479999998,21.108417439999997
368,21.72790482,20.976912119999998
369,21.73151096,20.912109060000002
370,21.68305078,21.029321919999994
371,21.702268640000007,20.97493646
372,21.66704576000001,20.987417459999996
373,21.646910880000004,20.945384780000012
374,21.68139072,20.962399219999998
375,21.693011619999996,20.863662940000005
376,21.627686739999998,20.959851399999998
377,21.722056880000004,20.942096199999995
378,21.73646436,21.003551279999996
379,21.71728592,21.0754846
380,21.754175840000002,20.986208979999997
381,21.707218299999994,20.863085620000003
382,21.703552179999996,20.947629699999997
383,21.65026626,20.86795174
384,21.743131459999994,20.9280798
385,21.6892324,21.006123819999992
386,21.681143820000003,21.002865679999996
387,21.679304820000002,21.14845932
388,21.62894134,21.01731792
389,21.684150440000003,20.95039344
390,21.710683499999995,21.0160162
391,21.674383139999996,21.06891064
392,21.707317980000003,20.94125336
393,21.7369808,20.9858731
394,21.68097782,21.019159179999992
395,21.76161691999999,20.962273680000003
396,21.685113620000003,21.03371156
397,21.67203496,21.015669579999997
398,21.637276839999995,21.029448000000002
399,21.68379822,21.038924299999994
400,21.648051539999997,21.15232848
401,21.658987259999993,21.16524978
402,21.65274766,20.98343
403,21.68196621999999,20.926853180000002
404,21.757239960000007,21.04542764
405,21.624564460000002,20.981342780000006
406,21.650129180000004,20.897838920000005
407,21.72459682,20.940195480000003
408,21.70332772,20.990699520000003
409,21.669371660000003,21.029345519999996
410,21.70520636,20.91424303999999
411,21.699570900000005,21.158628180000004
412,21.735996439999997,20.99496034
413,21.634535560000003,21.08145472
414,21.653991060000003,20.993861720000005
415,21.6224202,20.909572799999996
416,21.622123739999996,20.962770240000005
417,21.74535878,20.91453706
418,21.6998229,20.997980420000005
419,21.70067552,21.061796599999997
420,21.69282868,20.899856460000002
421,21.688635660000003,20.99559682
422,21.672781120000003,21.00446394
423,21.65936658,20.972648
424,21.691861500000005,21.010496980000003
425,21.684133640000006,20.9384168
426,21.676230620000005,21.059961419999993
427,21.625234039999995,20.974667680000003
428,21.66639142,20.9733258
429,21.721578440000002,21.0259736
430,21.636810500000003,20.969370199999993
431,21.722097759999997,21.00102096
432,21.6361821,20.97574572
433,21.67932028000001,21.17742058
434,21.709728020000007,20.95679984000001
435,21.713585099999996,20.958049860000003
436,21.702059699999996,20.9280659
437,21.699111879999997,21.0182186
438,21.724567239999995,21.104375559999998
439,21.638328740000002,20.952778679999998
440,21.686330199999997,20.992015699999993
441,21.687911120000003,20.916966920000004
442,21.71406878,20.938872800000002
443,21.649925579999998,21.02789806
444,21.702050399999997,20.947353440000008
445,21.718809020000002,20.995595779999995
446,21.675496419999998,20.944266279999997
447,21.72506898,21.00523758
448,21.674195599999997,20.943940119999997
449,21.67710314,20.86867338
450,21.717969859999993,20.927062140000004
451,21.622195319999996,21.019369859999998
452,21.665213180000002,20.959634259999998
453,21.640600799999998,20.95008018
454,21.663449199999995,20.907003359999997
455,21.688742259999998,21.070360519999998
456,21.69866171999999,21.09246942
457,21.688770539999997,21.009467020000002
458,21.6994792,20.982564039999993
459,21.687820720000005,20.997410180000006
460,21.724484119999996,21.05849244
461,21.69694326,20.957494179999998
462,21.685700680000004,21.069314600000002
463,21.672593579999994,21.003046360000003
464,21.629020479999994,20.85210158
465,21.691669879999996,20.8035868
466,21.6623263,20.949718479999998
467,21.694335000000002,20.932343679999995
468,21.65213975999999,21.00620126
469,21.73837152,20.96358894
470,21.68009384000001,20.898397119999995
471,21.66319016000001,21.01893258
472,21.679753360000003,20.908412939999998
473,21.734137880000002,21.00558558
474,21.682975879999994,20.875018020000002
475,21.67155814,20.985108900000004
476,21.673178000000004,20.946225479999995
477,21.642043379999997,20.9908536
478,21.64422168,20.999698480000003
479,21.73519692,20.92757816
480,21.78149484,21.06166914
481,21.664904659999987,21.030684539999996
482,21.723161159999997,21.082805700000005
483,21.641400099999995,20.910965599999994
484,21.67137302,20.9582312
485,21.774772419999998,21.00866760000001
486,21.7462025,21.04413638
487,21.69391858,20.983323779999996
488,21.7239617,20.977044720000002
489,21.64872548,20.966617599999996
490,21.72283401999999,21.01653236
491,21.67118584,21.0368323
492,21.678201979999997,20.920351900000004
493,21.655095960000004,20.911625319999995
494,21.65654569999999,20.965805479999993
495,21.74316456,20.92988856
496,21.742513,21.07519906
497,21.688214499999994,20.940523680000002
498,21.662628800000004,21.1100213
499,21.66893476,21.006911220000003
500,21.68655518,20.93371412
501,21.694837040000003,21.02417536
502,21.697801039999998,20.883551759999996
503,21.7704169,21.0300704
504,21.733176020000002,21.142405519999997
505,21.768417539999994,21.068051660000002
506,21.690317140000005,20.993599459999995
507,21.65772808,20.99128764
508,21.636713819999997,20.87918218
509,21.675261560000003,20.968690539999997
510,21.66192152,21.096979419999997
511,21.693626459999997,21.0028916
512,21.63113939999999,20.948437279999993
513,21.657467720000003,21.029883499999997
514,21.65330062000001,20.894016520000005
515,21.662066499999995,20.9733315
516,21.6564272,20.90607422
517,21.713506900000006,20.895863979999998
518,21.723396500000003,20.92595166
519,21.696677499999996,21.05114104
520,21.674148500000005,20.992694259999993
521,21.6778839,20.979733200000005
522,21.66014084,20.975212360000004
523,21.728734320000004,20.98787812
524,21.659884899999998,20.992293700000005
525,21.704287720000004,21.055116859999995
526,21.683677519999996,20.968256300000004
527,21.681561540000004,20.917563639999997
528,21.618994400000002,20.985558760000004
529,21.656227599999998,21.043147320000003
530,21.652189820000004,20.86192348
531,21.64713046,20.992146500000004
532,21.646057879999994,20.96887882
533,21.657915300000003,20.993153919999994
534,21.630820720000003,21.051559600000004
535,21.67124568,21.01437788
536,21.69044694,21.181667580000003
537,21.705046300000003,20.99904544
538,21.687576419999992,20.940992880000003
539,21.65671036,20.980279839999998
540,21.66581524,21.073029939999998
541,21.766535039999997,21.1300164
542,21.676803179999993,21.05344504
543,21.634805260000004,21.096141379999995
544,21.65442358,20.990833600000006
545,21.62055796,20.93609018
546,21.69768494,21.019354959999998
547,21.712851459999996,21.011081400000002
548,21.655969179999996,20.95333855999999
549,21.7491033,20.988965219999997
550,21.6615044,20.96899226
551,21.68520564,20.976400359999992
552,21.68497958,20.967124799999997
553,21.641527779999997,20.91250182
554,21.716546080000004,21.011270819999996
555,21.712511100000008,20.901142280000002
556,21.670070179999993,20.983496840000008
557,21.665798480000003,21.010957839999996
558,21.725549480000005,21.044358499999998
559,21.62632622,21.050012099999993
560,21.706948559999997,20.9394661
561,21.672928140000003,20.97467916
562,21.656803059999994,20.919669699999996
563,21.65947192,20.936093159999995
564,21.637840419999996,20.869005479999995
565,21.676680859999998,21.01251902
566,21.723846839999997,21.00901486
567,21.66387654,20.78118308
568,21.675912900000004,21.00192142
569,21.65913027999999,20.96548992
570,21.662532039999995,20.926613500000002
571,21.759388780000005,21.0310437
572,21.68156018,20.995394399999995
573,21.71830838,21.086759039999997
574,21.634177519999994,21.0013322
575,21.816987399999995,20.884060899999998
576,21.66714173999999,20.956231780000003
577,21.671944859999993,20.76723496
578,21.669339599999997,21.077633559999995
579,21.691563719999998,21.007522339999994
580,21.6812961,20.944756199999997
581,21.680300439999996,20.925899060000003
582,21.710779439999996,21.016102999999994
583,21.737239300000006,20.91587022
584,21.67296654,20.951600080000002
585,21.676475219999993,20.996763880000007
586,21.755424199999997,21.008526959999994
587,21.68179859999999,21.01458986
588,21.705629560000002,21.07504134
589,21.66430814,20.62394768
590,21.645143599999997,21.013624279999995
591,21.6565276,20.762963059999997
592,21.636095280000003,21.03984088000001
593,21.642294979999996,20.90509626
594,21.71740746,20.969349119999997
595,21.667999939999994,20.992559500000002
596,21.69489392000001,20.944804899999998
597,21.734082639999997,21.021261360000004
598,21.688616160000006,21.03236316000001
599,21.62949907999999,20.91021098
600,21.665653719999995,20.980925359999993
601,21.662569559999998,21.01758618000001
602,21.699236159999995,21.0217344
603,21.664760580000003,21.095618560000002
604,21.671865859999997,20.791448140000004
605,21.687709020000003,21.03990541999999
606,21.666691259999993,20.90581058
607,21.669431760000002,20.95558114
608,21.652232400000003,20.9357023
609,21.680144020000004,20.96299258
610,21.631404439999997,20.98941036
611,21.709102039999998,20.86484394
612,21.6702677,20.96390374
613,21.6669851,21.04897439999999
614,21.661603400000008,21.027438380000003
615,21.619737240000003,21.028104680000002
616,21.701717979999994,21.139432239999998
617,21.644130700000005,20.8548758
618,21.67184678,20.933337339999998
619,21.637999459999996,21.045571819999996
620,21.694428539999993,21.021457920000003
621,21.678528059999998,20.934707499999995
622,21.700843839999994,21.113761640000003
623,21.73652232,20.99376958
624,21.78752664,20.845627040000004
625,21.67862318000001,20.984984259999997
626,21.657815099999997,20.97133632
627,21.77648056,20.93342435999999
628,21.6883941,21.023967420000005
629,21.65505056,21.0455839
630,21.662201340000006,21.035081879999996
631,21.674477659999997,20.901692099999995
632,21.66447322,20.80426148
633,21.76228444,21.047395400000006
634,21.714217000000005,21.0683262
635,21.653555600000004,20.945885479999998
636,21.708374420000006,21.119287299999996
637,21.696388940000002,20.96271372
638,21.795722239999996,20.82696982
639,21.6779595,20.614435439999998
640,21.705289120000007,20.993949399999998
641,21.67503916,21.05146804
642,21.763171119999996,20.932625740000002
643,21.711987719999996,20.964246900000003
644,21.649117779999997,21.092813139999997
645,21.68758932,21.028426380000006
646,21.719100219999994,20.57676386
647,21.655905979999996,21.010238959999995
648,21.696230179999997,20.950464260000007
649,21.661137340000003,21.025087099999997
650,21.645176879999994,20.905280440000006
651,21.754883600000003,21.00810862
652,21.71180014,21.016254379999996
653,21.667933119999994,20.96706554
654,21.674958719999996,20.901387480000004
655,21.705891239999996,20.894313319999995
656,21.753577299999996,21.000392279999996
657,21.703516599999997,21.093432040000003
658,21.69121374,20.972428619999995
659,21.710502100000003,20.912551020000002
660,21.694379099999995,21.12234638
661,21.651887840000004,20.706828520000002
662,21.688502,21.002153740000004
663,21.703369899999995,20.91130076
664,21.65890324,20.986581280000006
665,21.65098342,20.890492140000006
666,21.645135239999995,20.75565982
667,21.693349200000004,20.9914037
668,21.664567999999996,20.999655899999993
669,21.706010399999997,20.982213459999993
670,21.710521160000003,20.869488300000004
671,21.63562018,20.81505474
672,21.686166119999992,21.027925819999997
673,21.695640819999998,20.94145706
674,21.726551759999996,21.096120459999998
675,21.6592135,20.90350892
676,21.646745639999995,20.813106259999998
677,21.70256966000001,20.926492739999993
678,21.736335800000003,21.006776399999993
679,21.684195899999995,21.007136459999998
680,21.678104939999994,21.052683199999993
681,21.681479059999997,20.951998300000003
682,21.71438603999999,20.968512600000004
683,21.702048879999996,20.955895720000004
684,21.669568900000005,20.899599840000004
685,21.67685368,20.91386956
686,21.605192699999993,20.89130348
687,21.68686384,20.91463975999999
688,21.706616560000008,21.046144359999992
689,21.713988999999998,21.033466880000002
690,21.698102019999997,20.93531638
691,21.637594640000003,20.902086360000002
692,21.743520000000004,20.92485384
693,21.635253320000007,21.108646140000005
694,21.672688779999994,21.02622812
695,21.735425120000006,21.11366732
696,21.72032782,20.920278679999992
697,21.670598760000004,20.920770219999998
698,21.668452519999995,21.112897439999994
699,21.658350340000002,20.937320839999995
700,21.623861580000003,21.01207111999999
701,21.673746659999996,20.994219079999997
702,21.636789399999998,21.004960519999994
703,21.638912920000006,21.02576406
704,21.700970299999994,20.8769717
705,21.704860599999996,20.973939279999996
706,21.697734379999996,20.90208228
707,21.704813320000007,21.027367120000005
708,21.61556287999999,20.910585779999998
709,21.650295220000004,20.928491100000002
710,21.65790662,20.96919584000001
711,21.676774859999995,21.066083299999992
712,21.711574459999998,20.8851284
713,21.673666819999998,20.80983342
714,21.641598159999997,21.150599480000004
715,21.680427440000003,21.031042040000003
716,21.672405299999994,20.93365828
717,21.646771539999996,21.036311580000003
718,21.652631999999997,21.087096419999998
719,21.67127694,20.920154860000004
720,21.70860509999999,21.05574053999999
721,21.668115500000003,20.87169586
722,21.697994799999996,21.085675820000002
723,21.714604339999998,20.94413196
724,21.65322264,20.970799599999996
725,21.659419980000003,20.981190200000004
726,21.704085,20.995022900000002
727,21.701913140000002,21.121195699999994
728,21.694875519999997,20.94988588
729,21.645968240000002,21.042449299999998
730,21.72336373999999,21.004461579999997
731,21.66165344,21.06132318
732,21.706653899999996,20.984332739999996
733,21.66798292,21.03169548
734,21.72153948,20.969372539999995
735,21.747358159999997,21.07199824
736,21.633667340000002,21.078155860000003
737,21.76367730000001,20.992626780000002
738,21.679631900000004,20.97280736
739,21.64831014,21.02916716
740,21.66044048,20.9220957
741,21.717583120000004,20.965961600000004
742,21.661978319999992,21.04476702
743,21.741211499999995,20.9785936
744,21.654782819999994,21.073631279999994
745,21.698276900000007,20.93737554
746,21.687673339999993,21.01378336
747,21.73934284,21.015372619999997
748,21.654582280000003,21.099652040000002
749,21.703030699999996,20.98086982
750,21.725460780000002,21.024498079999997
751,21.69087706,21.00196972
752,21.69485142,21.05385818
753,21.654838639999994,21.03435894
754,21.640740519999994,21.06769346
755,21.749579060000002,20.989209819999996
756,21.672920779999995,20.95478044
757,21.67103992,20.91695066
758,21.662654739999997,21.077733399999996
759,21.663147919999993,21.06620124
760,21.701360640000004,20.965622580000005
761,21.73508322,20.967479660000002
762,21.6960891,21.024936240000002
763,21.634209019999993,21.174683220000002
764,21.6674794,20.91399216
765,21.65919718,21.07636994
766,21.649303500000002,21.01550268
767,21.693444139999997,20.9948286
768,21.644480920000007,20.899278619999997
769,21.676422919999997,20.933587700000004
770,21.700429180000004,21.097622079999997
771,21.725541599999996,21.0168764
772,21.694747559999993,20.986708759999996
773,21.673026379999996,20.905029899999995
774,21.647820599999996,21.03237692
775,21.643596020000004,21.134435559999993
776,21.693514179999998,21.000595959999995
777,21.649554259999995,21.00754872000001
778,21.707388840000004,20.88910948
779,21.674851020000006,21.028057919999995
780,21.667728519999997,20.9183984
781,21.653268719999996,20.964573399999995
782,21.72061538000001,20.91544568
783,21.67085104,21.079116280000008
784,21.750102020000003,21.037860280000004
785,21.719964640000004,21.071890079999992
786,21.64843432,20.879770179999994
787,21.70005163999999,20.957499179999996
788,21.76195897999999,20.947303059999996
789,21.730176220000004,20.930094399999994
790,21.672974399999994,20.957845340000002
791,21.701632359999998,21.005091779999994
792,21.76351654,20.998289259999996
793,21.746892279999997,20.989733839999996
794,21.73879338,20.979544299999997
795,21.70291292,20.978113799999996
796,21.688867020000004,20.908385340000006
797,21.69365046,20.899848919999997
798,21.663180859999994,21.063088019999995
799,21.69097218,20.98967264
800,21.691497679999998,20.977471920000003
801,21.668172339999998,20.995754740000002
802,21.641383600000005,20.922857099999998
803,21.690980460000002,20.9945523
804,21.65491978,21.068472059999994
805,21.698624919999997,20.832646439999994
806,21.67188348,21.035659280000004
807,21.697983100000002,20.927388320000006
808,21.757690719999992,20.989975619999996
809,21.712757060000005,20.997605059999998
810,21.70529747999999,21.05900344
811,21.72329648,21.0031494
812,21.6954457,20.933350339999997
813,21.748299860000003,21.04632894
814,21.64181914,20.98960708
815,21.73263920000001,20.990528840000003
816,21.701473699999998,21.014824959999995
817,21.658780959999998,20.9848833
818,21.651481480000008,20.976537339999997
819,21.716869519999996,20.983132240000003
820,21.673254979999996,21.039736299999994
821,21.69313006,20.985666540000008
822,21.676492340000003,20.96300362
823,21.666224599999993,21.026380560000003
824,21.657224619999997,20.95813024
825,21.674506819999998,21.018303020000005
826,21.71125016,21.112117099999995
827,21.709360339999993,21.036093939999997
828,21.659415520000003,21.143291520000005
829,21.72809999999999,20.99764834
830,21.705355699999995,21.022880739999994
831,21.66487561999999,20.98923224
832,21.680614879999997,20.88026176
833,21.66838912,20.86444265999999
834,21.667778079999994,21.0482136
835,21.66930176,21.0712628
836,21.66707382,20.93011866000001
837,21.655401560000005,21.01771518
838,21.664443859999995,20.907160680000008
839,21.666947419999996,20.866449120000002
840,21.689606139999995,21.027022319999997
841,21.6986291,20.987886539999995
842,21.702333999999997,20.912511839999997
843,21.676602180000003,21.01511468
844,21.73065198,20.962824160000004
845,21.69920264,21.10030652
846,21.687489239999994,20.930058240000008
847,21.724120740000004,21.012681980000007
848,21.69702012,20.82764142
849,21.69712880000001,20.92154948
850,21.6889216,20.983665659999996
851,21.696660740000006,20.998815980000003
852,21.641153759999995,21.131844299999997
853,21.733148120000006,20.941070040000003
854,21.68112046,20.95458354
855,21.680148859999996,20.86360830000001
856,21.659228420000005,20.93892358
857,21.65498025999999,20.89663382
858,21.63811274,20.838701700000005
859,21.670339959999996,20.937720119999998
860,21.705718479999994,21.013909699999996
861,21.653602140000004,20.884170539999996
862,21.675279279999998,20.968856960000004
863,21.682524059999995,20.983200560000004
864,21.6514478,20.950740919999998
865,21.630233539999992,21.050811940000003
866,21.708428719999997,20.94470202
867,21.69233024,20.96581976
868,21.7102019,20.99437562
869,21.63772396,20.97048896
870,21.668609439999997,20.840628700000007
871,21.694121399999993,21.046120900000002
872,21.65167194,21.003588819999994
873,21.678823379999994,20.96359259999999
874,21.7532418,20.872554279999996
875,21.682235400000003,20.87013769999999
876,21.76758582,21.03330566
877,21.79447692,20.82519688
878,21.66457606000001,20.84594062
879,21.68911764,20.97265500000001
880,21.683303579999997,21.113476939999995
881,21.665375020000003,21.013463539999996
882,21.667384500000004,20.889192279999996
883,21.669870040000006,20.944663399999996
884,21.70824936,21.042634140000004
885,21.68309948,20.997632659999994
886,21.69840612,21.05453886
887,21.719564820000006,20.9971966
888,21.697716999999997,20.853153459999994
889,21.69010495999999,21.061307980000006
890,21.628285840000004,20.885775700000003
891,21.760339280000004,20.90288286
892,21.68678798,20.921147919999996
893,21.65704972,20.937547479999992
894,21.650262340000005,20.874164820000004
895,21.64911493999999,20.889361979999993
896,21.671201119999996,20.96305071999999
897,21.643587840000006,20.901161740000003
898,21.74344502,21.03797048
899,21.646402019999996,21.060961660000004
900,21.683080560000004,21.08843162
901,21.619646720000002,20.884384479999998
902,21.695824419999997,20.995628140000004
903,21.6545677,20.968290079999996
904,21.70686146,20.93373378
905,21.6873754,21.00717394000001
906,21.689067059999992,20.9853477
907,21.68451074,20.964798419999994
908,21.681238240000006,21.092752699999995
909,21.834069419999995,21.089996019999994
910,21.67366378,21.168055799999994
911,21.636800939999997,20.892348419999998
912,21.644185359999998,20.96818518
913,21.699691199999993,21.01675906
914,21.703439499999995,21.033904899999996
915,21.669206119999995,20.89602038
916,21.64384362,21.039687720000007
917,21.709071179999995,20.923867600000005
918,21.64440192,21.024268779999993
919,21.62058618,20.908104859999998
920,21.69652956000001,20.934322520000002
921,21.669819000000007,21.04930112
922,21.64467968,21.075959500000003
923,21.670324240000003,20.929007580000004
924,21.671248779999992,20.97059996
925,21.66284508,21.089442740000003
926,21.764682580000002,21.034203139999992
927,21.74868456,21.040303220000002
928,21.678456379999997,20.933388800000003
929,21.69037108,21.015778979999997
930,21.65387276,21.08985969999999
931,21.683601679999995,21.075320060000003
932,21.752024839999994,20.98155212
933,21.685456419999994,21.097621200000003
934,21.652052919999996,20.81554726
935,21.70338038,20.956280839999998
936,21.650726019999997,20.930829600000006
937,21.710930080000004,21.056388620000007
938,21.706963100000003,20.986128760000007
939,21.702013179999998,20.863478040000004
940,21.640145379999993,21.029650079999993
941,21.695845980000005,20.975398020000004
942,21.68557468,21.04579816
943,21.695388659999995,20.963773959999997
944,21.69122332,20.957587000000004
945,21.67739447999999,21.132035440000003
946,21.69253334,20.99727083999999
947,21.6351844,21.06513542
948,21.68944335999999,21.00308310000001
949,21.68946812,20.893729299999997
950,21.692766700000007,20.98851806
951,21.695562439999993,20.99976624
952,21.66395806,20.86235308
953,21.672456219999994,20.966354979999995
954,21.7299699,20.934819499999993
955,21.670546200000004,20.969870179999997
956,21.690277260000002,21.04821876
957,21.65103444,21.01770696
958,21.673171980000006,21.064975719999996
959,21.737317719999997,21.10363802
960,21.706351859999998,21.067728499999998
961,21.702093719999997,21.073177599999998
962,21.67124082,20.897786559999997
963,21.62421646,21.020308720000003
964,21.65966944,21.006281480000002
965,21.74603674,21.027628700000008
966,21.732868499999995,20.97462724
967,21.677365199999993,20.985684579999997
968,21.65395172,20.86273746
969,21.722643920000007,20.868645039999997
970,21.61717128,20.947327240000003
971,21.704640900000005,20.99081172
972,21.651955339999994,20.93392668
973,21.688132580000005,21.009767060000005
974,21.6874679,20.861436199999993
975,21.719089160000003,20.963748740000007
976,21.621495939999996,21.079826160000003
977,21.710220460000002,21.000606239999993
978,21.720565420000003,21.00569482
979,21.70585658,20.939479579999997
980,21.717589939999996,20.965939780000003
981,21.69914312,20.96662648
982,21.719491379999994,20.938028640000002
983,21.63534733999999,20.92284754
984,21.688266840000004,20.965376619999997
985,21.628969119999994,21.042458120000006
986,21.7470588,21.05396064
987,21.64544356,20.9939853
988,21.694399279999992,20.878935999999996
989,21.754288359999997,20.94554728
990,21.675490379999996,20.9856095
991,21.682943759999997,20.92128302
992,21.677006459999994,20.935276720000005
993,21.703136600000004,20.9640556
994,21.702776600000007,20.777671079999994
995,21.66389122,21.114472739999997
996,21.700050800000007,21.141676980000003
997,21.71701398,20.958816620000004
998,21.688134979999994,20.92878856
999,21.739993499999997,21.036574700000003
1000,21.718455979999998,20.981036440000004
1001,21.74941546,20.974300920000005
1002,21.65130246,21.04467558
1003,21.74142252,20.895180200000006
1004,21.67619422,21.035426439999995
1005,21.663327,20.960517199999998
1006,21.641637059999997,20.919371320000003
1007,21.67181245999999,20.981106080000004
1008,21.722196080000003,20.982069420000002
1009,21.697587979999994,21.01592382
1010,21.6867221,20.935340279999995
1011,21.657002479999996,21.00378552
1012,21.664306699999997,21.00895502
1013,21.735437,20.959990800000003
1014,21.7046353,20.961301199999998
1015,21.707887299999996,20.913378540000004
1016,21.666755059999996,20.98299694
1017,21.661609560000002,20.8831475
1018,21.692530399999992,20.959636479999993
1019,21.696481859999995,20.990568120000002
1020,21.736046700000003,20.942485360000006
1021,21.625137100000003,20.906250179999997
1022,21.73904462,21.023717199999993
1023,21.659514539999996,21.03416062
1024,21.676865060000004,21.05799001999999
1025,21.751614360000005,21.11269036
1026,21.71512648000001,20.9495907
1027,21.68331548000001,21.0743204
1028,21.653472320000006,20.937769719999995
1029,21.754388059999997,20.937285640000006
1030,21.679288079999992,20.879776440000004
1031,21.64347236,20.901048000000007
1032,21.675079959999998,20.861844880000003
1033,21.69619172,21.156671059999997
1034,21.648927779999998,20.9292211
1035,21.699853200000003,21.04462036
1036,21.6490238,20.99198732
1037,21.693205159999998,20.944858359999998
1038,21.693213800000002,21.069266700000004
1039,21.630950419999998,20.91216922
1040,21.665823419999995,21.1182787
1041,21.60870844,20.944628200000007
1042,21.706954359999994,21.05359808
1043,21.6653294,21.06274394
1044,21.743307400000003,20.981160999999997
1045,21.71544398,21.036817799999998
1046,21.655405339999998,20.962606259999998
1047,21.71777636,20.947673319999993
1048,21.68776938,20.95134554
1049,21.672060200000004,20.91332098000001
1050,21.70450316000001,20.954362799999995
1051,21.646051739999994,21.102650840000003
1052,21.633371820000008,20.925610259999996
1053,21.7321562,20.973355
1054,21.6394478,20.813438280000003
1055,21.735115099999998,21.106117700000006
1056,21.681722419999993,21.003145339999996
1057,21.74808282,20.882447580000004
1058,21.706943000000003,20.96208862
1059,21.700724219999994,20.92953362
1060,21.697791819999992,20.96952348
1061,21.61435994,21.05291092000001
1062,21.589218519999996,20.995193659999998
1063,21.673563519999995,20.957669799999994
1064,21.66941267999999,20.875081700000006
1065,21.666659359999997,20.99835164
1066,21.691226460000003,20.936179660000004
1067,21.677698320000005,21.011376220000006
1068,21.638525319999996,20.964617399999998
1069,21.672376479999997,20.903242759999994
1070,21.649181100000007,20.962011979999996
1071,21.723193139999992,21.016142799999997
1072,21.65295498,21.064490499999998
1073,21.688831359999995,21.015339499999996
1074,21.716502559999995,20.882234439999998
1075,21.70218532,20.98241832
1076,21.673474679999998,20.9306423
1077,21.642513100000006,21.035068759999994
1078,21.71945254,21.0543345
1079,21.684127259999997,21.08401454
1080,21.71274212,20.907407299999996
1081,21.62547152,20.94583278
1082,21.725635979999996,20.887905079999996
1083,21.6769875,20.98698558
1084,21.668172119999998,20.814853259999996
1085,21.71642982,21.084479599999995
1086,21.76537784,20.97576428
1087,21.655222199999997,20.889613699999995
1088,21.767533779999997,21.067122559999987
1089,21.686208280000002,20.996877659999996
1090,21.631686560000002,20.86514752
1091,21.714686940000007,21.029011219999997
1092,21.691396260000012,20.982707959999992
1093,21.73965321999999,21.002958660000004
1094,21.729319740000005,21.016883020000005
1095,21.660047160000005,21.09860358
1096,21.780155319999995,21.0281839
1097,21.679787560000005,20.981114720000004
1098,21.67772022,20.94856776
1099,21.63937618,20.906904679999997
1100,21.645718419999994,20.943498239999993
1101,21.70994902,20.98065518
1102,21.66957358,21.077954939999998
1103,21.71316802,20.97240394
1104,21.696712419999994,20.965635400000007
1105,21.68273907999999,20.929867759999997
1106,21.669908999999997,21.06701874
1107,21.689092799999983,21.11781782
1108,21.693620539999998,21.11269694
1109,21.689878399999998,21.0356147
1110,21.72509272,21.021006379999996
1111,21.791069940000003,20.969568779999996
1112,21.64824486,21.052072700000004
1113,21.674079779999996,21.037220320000003
1114,21.65002344,20.880110079999998
1115,21.71259768,20.90953218
1116,21.71023504,20.986450459999997
1117,21.66027364,21.000708559999993
1118,21.685096520000002,20.92253771999999
1119,21.66322364,21.154317800000005
1120,21.65041614,20.910958979999997
1121,21.718399920000003,20.988364859999997
1122,21.685595640000003,20.995105919999997
1123,21.70897378,20.94549266
1124,21.667590199999996,20.916238160000002
1125,21.640764259999997,21.048079500000004
1126,21.659990660000002,20.928815559999997
1127,21.695118160000007,20.89606604
1128,21.728047940000007,21.04726618
1129,21.677101699999994,20.920061199999992
1130,21.74933965999999,21.062706900000002
1131,21.706344059999996,20.908104880000007
1132,21.678428980000003,21.057008879999998
1133,21.658216160000006,21.026424500000005
1134,21.6703391,21.05323958
1135,21.701270460000003,21.007992440000002
1136,21.69367684,21.023031
1137,21.71750876,21.089760999999996
1138,21.795212499999995,21.04312316
1139,21.6566088,21.014565819999994
1140,21.6611349,20.91983505999999
1141,21.74862312,20.95381344000001
1142,21.675983340000002,20.898342760000002
1143,21.715968520000004,21.014543619999998
1144,21.71123138,20.86223122
1145,21.637227839999994,21.06533594
1146,21.699116519999997,21.09037975999999
1147,21.7038223,21.062148319999988
1148,21.648627980000004,20.824244779999994
1149,21.609989939999995,20.959169320000004
1150,21.643368639999995,21.056991340000003
1151,21.68637982,20.972712840000003
1152,21.72302982,20.989166200000003
1153,21.71022268,21.041470199999996
1154,21.651110740000004,20.94334246
1155,21.659874559999995,20.9336208
1156,21.638503819999997,21.018773100000008
1157,21.636256779999993,21.006045959999998
1158,21.711060400000004,21.04416362
1159,21.63346662,20.953836459999998
1160,21.683399779999995,20.93056035999999
1161,21.648101179999998,20.543037100000003
1162,21.650574019999993,20.919227279999994
1163,21.710053760000005,20.9232141
1164,21.63702918,20.930625219999996
1165,21.662441179999995,20.992542639999996
1166,21.740261399999998,21.001179680000003
1167,21.693153780000003,21.04495308
1168,21.677123920000003,21.01920642
1169,21.640863680000002,21.07120932
1170,21.710054219999996,20.972853859999997
1171,21.655181680000005,21.035928340000005
1172,21.698672319999996,20.93738182
1173,21.65765452,20.716912580000002
1174,21.686528059999997,21.061048180000004
1175,21.72097196,20.941688219999996
1176,21.644159320000004,21.06874902
1177,21.74266686,21.003419599999994
1178,21.69016090000001,21.05990501999999
1179,21.699815559999994,20.981032699999997
1180,21.64269528,20.936683359999996
1181,21.679878,21.0714531
1182,21.681331719999992,20.914066460000004
1183,21.6655563,20.91466744
1184,21.647298160000002,20.989612939999997
1185,21.66478522000001,20.802200279999997
1186,21.694483799999997,20.985339519999997
1187,21.67248514,20.874663619999996
1188,21.6768435,20.966304699999995
1189,21.652264500000005,21.033112180000003
1190,21.705761700000004,20.968155720000006
1191,21.648214080000002,21.04893554
1192,21.68823246,20.791399379999998
1193,21.668336639999996,21.03499138
1194,21.749679420000003,21.03593624000001
1195,21.729427140000006,20.963763339999996
1196,21.67385946,20.973134180000002
1197,21.678894639999996,21.025738920000002
1198,21.61869566,21.017195820000005
1199,21.64152413999999,21.077438620000002
1200,21.674201179999997,20.9898056
1201,21.664345799999992,20.9949912
1202,21.66584368,21.039391599999995
1203,21.722506740000007,20.974002599999995
1204,21.6558062,21.03358672
1205,21.662801879999996,20.872868559999997
1206,21.65582198,20.929498320000004
1207,21.72840946000001,20.972742639999996
1208,21.703605380000003,20.997799520000008
1209,21.6265956,20.98201868
1210,21.654768400000002,20.98936601999999
1211,21.73830796,20.900322000000003
1212,21.706389699999995,21.008771939999995
1213,21.725379880000006,21.089230339999993
1214,21.641800280000002,21.009895039999996
1215,21.691248459999997,21.015412519999995
1216,21.676235820000002,20.92581044000001
1217,21.66894196,21.1595016
1218,21.69346496,21.04417232000001
1219,21.690013020000002,20.916236159999997
1220,21.651639099999997,20.995651080000002
1221,21.677839860000002,20.93002678
1222,21.644631340000004,20.91273842
1223,21.705403740000005,20.92548596
1224,21.643705219999998,20.979008779999994
1225,21.666805880000002,21.08095016
1226,21.637223019999997,21.070165780000004
1227,21.673097680000005,21.043539620000004
1228,21.66496262,21.035703979999997
1229,21.653196480000002,20.88261856
1230,21.66009882,20.902390959999995
1231,21.682528020000003,20.9899407
1232,21.66044746,20.948165679999992
1233,21.800164699999996,21.086772019999998
1234,21.747873719999998,21.03719948000001
1235,21.70544630000001,21.036379960000005
1236,21.679253179999996,21.14474178
1237,21.77471809999999,20.899568179999996
1238,21.692321520000004,21.011544860000004
1239,21.67971142,20.948700579999993
1240,21.62092966,21.085667799999992
1241,21.69579462,20.8070046
1242,21.65381374,21.026300620000008
1243,21.712305779999994,20.996994439999998
1244,21.695259859999993,20.85330904
1245,21.7862448,21.025157640000003
1246,21.6550637,21.156994619999995
1247,21.670815320000003,20.89092298
1248,21.674940160000002,20.93596376
1249,21.646244579999998,20.897231460000004
1250,21.667181960000008,21.087307899999995
1251,21.707186899999996,20.99266192
1252,21.775755900000004,21.00946358
1253,21.6697907,20.953167800000003
1254,21.63579068,21.000447599999994
1255,21.734700959999994,20.910247360000003
1256,21.72949302,20.83906552
1257,21.675423120000005,21.004625419999993
1258,21.67747896,21.035751660000003
1259,21.660588400000005,20.94646456
1260,21.701454440000003,21.033094000000002
1261,21.62262788,20.83793532
1262,21.691794880000003,20.985912559999996
1263,21.635101680000002,21.040100580000004
1264,21.750433900000008,20.962147880000007
1265,21.660981640000003,21.065868379999998
1266,21.677065080000002,21.111994440000004
1267,21.6510455,20.960420739999996
1268,21.640889199999997,20.935564400000004
1269,21.74969932,21.030247199999998
1270,21.73170139999999,21.047169339999996
1271,21.697432839999998,20.89189726
1272,21.70992964,20.990631459999996
1273,21.667716800000004,20.73730298
1274,21.615978020000004,21.008105299999997
1275,21.650182680000004,21.070394720000003
1276,21.656580300000005,20.921363460000002
1277,21.724581420000003,20.973773979999997
1278,21.70083071999999,20.983226580000004
1279,21.723364739999994,21.06350566
1280,21.648602779999997,20.861224840000006
1281,21.70044969999999,20.90904012
1282,21.707386099999997,20.958818360000006
1283,21.6493289,20.952607880000006
1284,21.608788320000002,20.851328340000006
1285,21.666949000000002,20.936421039999995
1286,21.678116200000005,20.867906079999997
1287,21.67839906,20.90926094
1288,21.698945120000005,20.942217180000004
1289,21.65679317999999,21.004584719999997
1290,21.635911359999994,20.88536212
1291,21.68118386,20.95489842
1292,21.757727459999998,21.048296840000003
1293,21.700613079999997,20.966421540000002
1294,21.7685942,21.030007879999992
1295,21.654341380000005,21.0463474
1296,21.63176412,21.034182
1297,21.698393980000002,20.91028664
1298,21.7213585,21.062525520000005
1299,21.68182943999999,21.051179899999998
1300,21.622345220000003,20.784717160000003
1301,21.727487939999996,21.009191839999993
1302,21.72906712,20.971198359999995
1303,21.70975808,20.88828282
1304,21.686482559999995,21.049781579999998
1305,21.68787472,20.791486379999995
1306,21.6883752,20.930252980000006
1307,21.7519655,21.049096999999996
1308,21.716995179999994,21.062194839999997
1309,21.682498719999995,21.24189358
1310,21.733268260000003,20.946994740000004
1311,21.689322160000007,20.90214822
1312,21.72781864,20.991970940000005
1313,21.677748080000004,21.000203819999992
1314,21.675086399999994,21.011196459999997
1315,21.73097538,21.0075015
1316,21.735482220000005,20.979149539999998
1317,21.6556579,20.89206964
1318,21.692566340000003,20.94847387999999
1319,21.693343140000003,21.025797139999998
1320,21.679236200000005,20.908710479999996
1321,21.618347399999998,21.002267639999996
1322,21.62865686,20.896355599999996
1323,21.66067056,21.04953202
1324,21.70312662,20.9737513
1325,21.65114528,21.02882832
1326,21.700823460000002,20.83452088
1327,21.70670656,21.124771139999996
1328,21.66946695999999,20.981371
1329,21.68601924,21.0699613
1330,21.722843679999997,21.01215052
1331,21.66156363999999,21.058331459999998
1332,21.732061239999997,20.922175819999993
1333,21.814852300000005,21.039150720000006
1334,21.620837379999998,20.86614898
1335,21.688272499999997,21.309234060000005
1336,21.698036400000007,21.0668869
1337,21.702558299999996,20.98021714
1338,21.660474019999995,20.966467239999997
1339,21.6631448,21.018799820000005
1340,21.727846399999997,20.930522219999997
1341,21.67532896,20.99748954
1342,21.69330864,20.971435459999988
1343,21.67211035999999,20.966964240000006
1344,21.71500686,20.875378920000003
1345,21.646821260000003,21.011958919999998
1346,21.647049840000005,20.885907640000006
1347,21.692413360000003,20.914280799999997
1348,21.702206260000008,20.87595012
1349,21.676402340000003,20.871282159999993
1350,21.656708360000003,20.890976940000005
1351,21.66867732,21.00169634
1352,21.66810696,20.80434306
1353,21.66721114,20.99258584
1354,21.7016795,20.99012404
1355,21.689988339999992,21.06128994
1356,21.735593119999994,20.932244319999995
1357,21.660059720000003,20.991311619999998
1358,21.78517721999999,21.01900566000001
1359,21.673244959999998,21.056186079999996
1360,21.707206960000008,21.0219412
1361,21.705251900000007,20.933142039999996
1362,21.668255719999994,21.098352019999997
1363,21.668883980000004,20.845746380000005
1364,21.676161180000005,21.04540290000001
1365,21.69511674,20.9436008
1366,21.6482687,20.887177960000002
1367,21.765387440000005,20.889977079999998
1368,21.687475879999997,21.06118018
1369,21.679464720000006,20.84339224
1370,21.698244520000006,20.884443379999993
1371,21.66145286,20.827237560000004
1372,21.762911939999995,20.867596560000003
1373,21.72353858,21.035136160000008
1374,21.671784199999994,20.952120679999997
1375,21.661026039999996,20.9994325
1376,21.669839319999998,20.82946478
1377,21.67155822,20.79808218
1378,21.722031619999992,20.856207800000004
1379,21.638067899999996,21.007424999999998
1380,21.648863419999998,20.849380240000002
1381,21.69581494,20.716472659999994
1382,21.70837164,20.840553140000008
1383,21.682234920000006,20.980891059999994
1384,21.70677935999999,20.993015460000002
1385,21.643854559999994,20.99102136
1386,21.741536519999997,20.97996585999999
1387,21.6393909,20.924465740000002
1388,21.680836359999997,21.10763331999999
1389,21.672467299999994,20.89967006
1390,21.609963719999996,21.033420640000003
1391,21.73297232,20.929128319999997
1392,21.649945579999994,20.928997760000005
1393,21.67893124000001,21.051593360000002
1394,21.64860782,20.57893626
1395,21.681695,21.061662459999997
1396,21.736259399999998,20.857434720000004
1397,21.73628508,20.967738559999997
1398,21.658488579999993,21.0259139
1399,21.70066082,20.648394600000003
1400,21.670708079999994,20.933624540000004
1401,21.624332280000004,20.989186800000002
1402,21.683808420000002,21.016222499999998
1403,21.69483716,21.10995774
1404,21.735892980000003,20.9172787
1405,21.712443819999994,20.955720140000004
1406,21.65275328,20.913370400000005
1407,21.73752378,20.95578012
1408,21.65886182,20.938950919999996
1409,21.64574575999999,20.918782800000002
1410,21.63844474,20.993812319999996
1411,21.67011034,20.87476204000001
1412,21.68065584,21.075578099999998
1413,21.63619276,20.869606140000002
1414,21.63806742,21.030769499999987
1415,21.687416760000005,21.097905879999995
1416,21.705848059999997,20.984151179999994
1417,21.65986502,21.047026999999993
1418,21.653832739999995,20.945526120000004
1419,21.667070859999995,20.958660020000003
1420,21.627368239999996,21.008251859999994
1421,21.642992500000002,20.908634779999996
1422,21.649522259999998,20.989249499999993
1423,21.728179739999995,21.059566160000003
1424,21.694963520000005,21.03862886
1425,21.71817256,20.912542019999997
1426,21.703398719999996,21.016133199999995
1427,21.673616320000004,20.97226622
1428,21.696379280000006,21.03541434
1429,21.685751160000006,21.15199266
1430,21.70460292,21.0296188
1431,21.650215999999997,21.000980980000005
1432,21.69574652000001,20.935260120000002
1433,21.67854307999999,21.033712759999993
1434,21.65370444,20.981217020000003
1435,21.679220660000006,21.01076634
1436,21.7266222,20.951251220000003
1437,21.65928674,21.013913520000003
1438,21.75897576,20.943706799999994
1439,21.670148140000002,20.81298654
1440,21.640352599999996,21.09826678
1441,21.73852282,20.897757439999996
1442,21.68344974,20.923535220000005
1443,21.67859504,20.990226619999998
1444,21.693551799999995,21.082340580000004
1445,21.758092819999998,20.96261322
1446,21.66426732,20.98916716
1447,21.765346479999998,21.103670400000002
1448,21.7297053,20.942059320000002
1449,21.682572099999994,20.890586459999994
1450,21.66500281999999,20.945845939999995
1451,21.709811319999993,20.92398074
1452,21.715182320000007,20.827817239999998
1453,21.702163779999992,21.096630599999997
1454,21.661177960000003,21.025231679999997
1455,21.65089536,20.840937119999992
1456,21.69330937999999,20.99733532
1457,21.619640900000004,20.945880179999996
1458,21.707148900000004,20.833687919999992
1459,21.665215580000005,20.9993489
1460,21.687417999999997,20.974515880000002
1461,21.70517672,20.96557102
1462,21.646039680000005,20.9535033
1463,21.646378960000007,20.94565851999999
1464,21.710631959999997,20.94348005999999
1465,21.686511879999998,20.947767620000008
1466,21.642115700000005,21.062084340000006
1467,21.627273740000007,20.940478540000004
1468,21.641496980000003,21.06745889999999
1469,21.673408119999994,21.072382260000005
1470,21.71375372,21.096919579999998
1471,21.667180560000006,21.005315979999995
1472,21.705927640000006,20.90224537999999
1473,21.688288659999998,21.067161659999996
1474,21.670519279999997,21.067008199999997
1475,21.65840778,21.04884116
1476,21.76408108,21.14438752
1477,21.63429071999999,20.957382080000002
1478,21.66490552,20.921377379999996
1479,21.660336199999996,20.916703499999997
1480,21.69320318,20.8799714
1481,21.652984619999998,20.957131339999997
1482,21.69767790000001,20.912423740000005
1483,21.77432516,21.047646559999997
1484,21.676921899999993,20.86524272
1485,21.708484139999996,20.7632648
1486,21.66149978,21.0262581
1487,21.688787419999993,20.93519948
1488,21.666895599999997,21.003772039999998
1489,21.690664220000002,20.87293128
1490,21.668871139999997,20.95861848000001
1491,21.68888728,20.995392539999997
1492,21.64749408,21.072741159999996
1493,21.651735059999996,20.89330848
1494,21.780094999999996,20.839702539999998
1495,21.682155099999992,20.905444019999994
1496,21.698016980000002,21.004777000000004
1497,21.70686636,21.0942358
1498,21.67370904,21.003317999999993
1499,21.667570080000004,20.84538606
1500,21.69127058,21.06735598
1501,21.70163198,21.033333759999987
1502,21.6956639,20.969186900000008
1503,21.72733688,20.882338920000002
1504,21.781749360000003,21.03126588
1505,21.643326200000004,20.894728099999995
1506,21.6859562,21.057108940000003
1507,21.648970359999993,20.980035759999993
1508,21.724483680000002,20.872146239999996
1509,21.705615079999998,20.92339554
1510,21.69121802,20.931555479999997
1511,21.64086916,20.934556360000002
1512,21.66028342,21.102272980000002
1513,21.756818260000003,20.920822500000003
1514,21.684126000000006,21.015023539999998
1515,21.660816960000002,21.013588900000006
1516,21.703571939999996,20.90039334
1517,21.71967264,21.029776580000004
1518,21.6544863,20.968706839999996
1519,21.713939019999994,20.941494399999996
1520,21.656746159999997,20.869960699999996
1521,21.657968840000002,21.05589692
1522,21.673964639999998,20.956978659999994
1523,21.647976679999996,21.079118359999992
1524,21.704480779999994,21.050215400000003
1525,21.754829079999993,20.910492080000004
1526,21.71679915999999,21.04317106
1527,21.708936799999996,20.96846202
1528,21.66710166,21.008526579999998
1529,21.673909,20.9499031
1530,21.662100080000002,20.94474506
1531,21.726237679999993,20.820377739999998
1532,21.731710379999992,20.98679684
1533,21.665323859999994,20.966527899999996
1534,21.672406260000002,20.949661039999995
1535,21.65119148,21.098328640000005
1536,21.686901919999997,21.0481375
1537,21.686114840000002,21.048330680000003
1538,21.706850440000004,20.96851308
1539,21.741863440000003,20.88548829999999
1540,21.67899601999999,21.07247762
1541,21.662975420000002,21.030970659999998
1542,21.63271181999999,20.958654839999998
1543,21.66849314,20.847999599999998
1544,21.676512200000005,21.05165217999999
1545,21.635724100000008,21.001798939999993
1546,21.685630179999997,20.88394098
1547,21.65237458,20.97087452
1548,21.615198500000005,20.975153179999992
1549,21.699263799999997,21.020568899999994
1550,21.670520699999997,20.923101759999998
1551,21.699962279999994,20.911294880000003
1552,21.641776080000003,20.963272260000007
1553,21.682533680000002,20.981798180000002
1554,21.69473244,20.952133399999994
1555,21.664220819999997,21.006065539999998
1556,21.639239579999995,20.923905280000007
1557,21.70538878,20.963993900000006
1558,21.71597114,20.827337599999993
