128 4
0
17
67
76
115
1
20
50
92
117
2
3
25
28
41
3
10
23
77
99
4
37
40
79
94
5
17
63
109
111
5
6
66
72
117
7
90
107
115
126
8
23
55
65
96
9
62
113
115
117
7
10
71
76
116
4
11
39
59
61
11
12
13
43
88
13
18
35
51
115
14
84
92
98
124
15
33
44
84
86
11
16
45
75
90
17
52
87
89
121
18
38
47
91
118
19
34
43
49
114
3
15
20
48
56
21
24
105
111
125
3
22
66
84
107
23
47
67
109
119
24
35
81
84
88
25
85
89
110
127
23
26
69
114
126
9
27
80
84
110
10
28
36
67
125
29
36
43
48
79
11
12
30
71
95
19
31
47
57
103
23
32
72
78
116
33
38
98
111
126
6
34
74
90
98
21
35
72
82
87
13
36
41
77
110
13
28
37
101
102
28
38
67
100
122
9
39
73
112
127
35
40
70
85
93
15
17
41
49
65
31
42
52
80
84
0
3
43
45
112
14
30
44
69
115
31
32
45
48
77
0
41
46
106
110
39
45
47
61
71
5
48
49
59
103
20
49
51
55
84
50
68
98
108
127
23
27
51
110
119
33
51
52
76
112
6
53
64
67
70
2
39
54
70
90
4
8
55
94
105
14
35
37
56
73
34
39
57
97
127
27
58
73
117
120
9
25
59
64
65
60
90
91
104
114
8
61
66
68
105
19
28
30
62
73
21
28
29
63
97
25
35
64
101
104
0
15
65
106
127
4
14
29
42
66
20
52
67
88
121
5
44
68
118
127
1
12
43
69
125
3
12
70
79
112
30
66
68
71
114
36
68
72
78
105
0
25
29
58
73
20
28
58
74
92
66
75
79
86
91
12
33
76
105
108
41
77
82
88
100
10
18
36
70
78
5
21
29
55
79
25
39
80
106
111
77
81
108
116
117
7
18
70
82
98
21
49
83
94
98
26
46
61
84
97
18
20
22
82
85
5
77
86
110
127
1
13
57
62
87
49
61
88
95
107
21
50
89
110
115
28
63
76
90
95
29
65
80
91
121
5
13
27
49
92
16
20
65
93
111
17
36
48
64
94
23
27
46
84
95
16
46
84
96
100
11
17
63
95
97
20
43
45
89
98
3
8
38
79
99
25
33
87
100
122
11
51
89
101
118
12
32
59
102
109
21
35
103
105
113
31
40
47
85
104
55
77
103
105
118
46
61
67
106
117
67
69
80
90
107
32
55
71
108
113
2
14
62
109
120
7
16
103
110
123
11
29
38
76
111
27
29
64
102
112
7
34
42
103
113
2
46
73
97
114
30
72
105
111
115
22
55
74
96
116
1
24
97
110
117
40
100
115
116
118
34
50
82
106
119
5
57
77
119
120
19
39
43
105
121
17
29
49
54
122
12
18
67
101
123
53
54
73
106
124
18
105
112
114
125
42
55
72
122
126
13
57
93
116
127
0.633245
0.927609
0.574481
0.628956
0.042292
0.292587
0.680351
0.232812
0.157581
0.738138
0.455413
0.703631
0.09173
0.644405
0.51909
0.569384
0.942103
0.274037
0.392167
0.597554
0.047144
0.575837
0.867751
0.977898
0.124258
0.432189
0.421333
0.065607
0.467113
0.979945
0.255971
0.157702
0.492108
0.219636
0.645945
0.14411
0.522727
0.198353
0.378716
0.980317
0.630574
0.666594
0.470359
0.832608
0.594903
0.385237
0.617806
0.523233
0.516349
0.989085
0.195153
0.91756
0.799928
0.874264
0.758994
0.214436
0.68241
0.652956
0.23277
0.653062
0.376312
0.351892
0.964574
0.974332
0.287332
0.099259
0.365409
0.118038
0.765903
0.756756
0.734017
0.410319
0.210273
0.898883
0.990142
0.735354
0.008582
0.904411
0.318883
0.318151
0.258985
0.391446
0.930327
0.302105
0.144715
0.038238
0.650808
0.966522
0.253548
0.921388
0.310668
0.956413
0.813125
0.131415
0.481207
0.255056
0.047283
0.476814
0.141112
0.77406
0.482753
0.008409
0.676122
0.178902
0.11896
0.421663
0.576347
0.848553
0.391235
0.178872
0.800457
0.110225
0.808497
0.147175
0.006919
0.932394
0.976844
0.227374
0.721941
0.264987
0.554241
0.108486
0.594015
0.455595
0.77519
0.933358
0.97895
0.395656
0.614193
0.060208
0.284215
0.329874
0.797204
0.147025
0.631268
0.405112
0.532715
0.153777
0.14843
0.093613
0.693099
0.587061
0.69291
0.870918
0.043667
0.439484
0.610347
0.433718
0.952084
0.355951
0.994493
0.636333
0.592282
0.971668
0.356161
0.821413
0.28377
0.483481
0.155765
0.576462
0.409559
0.454203
0.510599
0.693078
0.055736
0.657594
0.37171
0.85561
0.40787
0.774191
0.941472
0.272978
0.105373
0.9003
0.526413
0.788284
0.161536
0.784943
0.594096
0.091044
0.882977
0.511195
0.097083
0.84586
0.305925
0.45633
0.495615
0.801097
0.962499
0.795484
0.233977
0.486829
0.679612
0.246875
0.419858
0.120732
0.120302
0.507917
0.602565
0.791075
0.199084
0.341535
0.619174
0.589407
0.831201
0.661446
0.865137
0.709274
0.466433
0.330157
0.715785
0.257012
0.859588
0.067306
0.343474
0.438778
0.018412
0.202679
0.840684
0.303236
0.120296
0.729488
0.38266
0.011586
0.643795
0.853078
0.517953
0.678138
0.664912
0.649823
0.928457
0.197947
0.295991
0.871317
0.264664
0.362258
0.57844
0.420461
0.751976
0.399847
0.927871
0.724382
0.837244
0.983732
0.386729
0.443789
0.8258
0.459374
0.694382
0.814691
0.088251
0.38278
0.246053
0.27509
0.21389
0.409958
0.648604
0.159425
0.971096
0.539661
0.664699
0.024936
0.898643
0.795191
0.850061
0.064682
0.57269
0.65587
0.799648
0.257169
0.808131
0.75881
0.634297
0.4974
0.167023
0.457121
0.275845
0.249501
0.14101
0.492126
0.065527
0.364862
0.876836
0.974106
0.8092
0.406274
0.728625
0.236767
0.757686
0.252507
0.549436
0.101623
0.229479
0.130329
0.367225
0.639374
0.004378
0.86097
0.530772
0.890803
0.695934
0.950438
0.094425
0.296711
0.16398
0.77444
0.854006
0.780423
0.702709
0.322332
0.850819
0.146137
0.733393
0.140714
0.257872
0.453199
0.468331
0.66337
0.567557
0.737229
0.243594
0.646829
0.899012
0.998713
0.915971
0.199797
0.989997
0.367233
0.367121
0.556973
0.433261
0.724778
0.624014
0.001379
0.303656
0.987974
0.268626
0.560618
0.637238
0.23805
0.797857
0.805293
0.065091
0.587054
0.871246
0.407603
0.915781
0.453813
0.709811
0.485706
0.232212
0.654891
0.38364
0.714924
0.467193
0.307536
0.242067
0.023496
0.459687
0.312641
0.240284
0.200121
0.999117
0.615776
0.879264
0.010092
0.758808
0.159162
0.482819
0.392112
0.116798
0.983257
0.305385
0.252333
0.057902
0.464942
0.661015
0.216393
0.579109
0.360719
0.731126
0.808955
0.165118
0.76927
0.949224
0.942189
0.067322
0.255526
0.903934
0.994177
0.328851
0.070365
0.949541
0.928843
0.645244
0.775807
0.027612
0.536399
0.924979
0.536588
0.774551
0.182873
0.236975
0.689027
0.829824
0.94047
0.768097
0.130522
0.648728
0.207747
0.34486
0.14308
0.363519
0.255765
0.379634
0.363706
0.898977
0.531501
0.12848
0.61137
0.737937
0.727622
0.72081
0.317845
0.841876
0.044879
0.003722
0.224251
0.587658
0.653503
0.635585
0.280024
0.355085
0.645282
0.051148
0.262817
0.890767
0.242508
0.143659
0.590164
0.067171
0.166325
0.362411
0.680576
0.673495
0.707866
0.417707
0.683384
0.211259
0.457937
0.732145
0.656531
0.50612
0.994812
0.108153
0.342975
0.853461
0.60433
0.106554
0.534868
0.835206
0.989284
0.869697
0.687122
0.134639
0.715684
0.132588
0.902793
0.097959
0.218104
0.89733
0.556211
0.639426
0.754591
0.368935
0.340145
0.775315
0.075979
0.978329
0.546938
0.528714
0.318704
0.710077
0.516026
0.801273
0.499476
0.611514
0.214565
0.65736
0.033852
0.01808
0.832074
0.940636
0.659633
0.824379
0.737852
0.914404
0.057713
0.781297
0.145287
0.702754
0.79702
0.615985
0.702337
0.687763
0.734283
0.528043
0.900927
0.091976
0.436891
0.211101
0.521309
0.744495
0.585188
0.401056
0.46032
0.504723
0.187118
0.62811
0.649515
0.195265
0.875033
0.191159
0.9386
0.921557
0.728853
0.647988
0.772279
0.142047
0.112455
0.896035
0.571623
0.986603
0.527997
0.835683
0.503211
0.029369
0.316604
0.250097
0.059036
0.927631
0.936121
0.074177
0.315971
0.764279
0.314588
0.727111
0.119981
0.783758
0.904437
0.458554
0.388209
0.466062
0.750399
0.441772
0.955504
0.161027
0.152353
0.092124
0.298403
0.055149
0.96855
0.64723
0.01963
0.042385
0.574043
0.704592
0.769915
0.678874
0.783049
0.496962
0.21373
0.624838
0.99905
0.94979
0.177523
0.54002
0.480669
0.52011
0.077283
0.31995
0.575401
0.830508
0.209058
0.011244
0.931469
0.744963
0.771274
0.352632
0.18818
0.080615
0.772777
0.950641
0.515466
0.499583
0.076988
0.966046
0.612311
0.172204
0.591578
0.226548
0.173158
0.80643
0.155961
0.058373
0.948263
0.505194
0.628864
0.450788
0.683607
0.847736
0.669611
0.668084
0.826856
0.172871
0.705304
0.80435
0.897218
0.247444
0.235188
0.053804
0.39506
0.103164
0.083694
0.748105
0.058644
0.592057
0.832674
0.916837
0.698972
0.55484
0.440261
0.253413
0.714183
0.894888
0.029679
0.338833
0.973329
0.234775
0.26778
0.025167
0.55343
0.922653
0.912974
0.831606
0.484699
0.211553
0.502243
0.680996
0.186909
0.933748
0.517941
0.263432
0.243666
0.195538
0.450828
0.978604
0.075855
0.211329
0.176511
0.381925
0.970712
0.722698
0.062069
0.752275
0.002877
0.610468
0.660333
0.748288
0.868789
0.694367
0.774406
0.458111
0.996953
0.137682
0.424475
0.594304
0.829973
0.889536
0.221652
0.114523
0.748027
0.639946
0.209925
0.852037
0.429669
0.884306
0.469819
0.942173
0.511591
0.332342
0.285663
0.586905
0.82536
0.548191
0.928809
0.574761
0.265181
0.176688
0.551399
0.583338
0.734333
0.701933
0.969366
0.640635
0.452946
0.187956
0.449721
0.774728
0.301432
0.244934
0.73836
0.374095
0.423029
0.248713
0.893406
0.031651
0.443236
0.925168
0.198882
0.185739
0.336299
0.896268
0.261078
0.139416
0.577695
0.774581
0.430936
0.122023
0.724368
0.066647
0.063485
0.100276
0.498323
0.470145
0.951842
0.359998
0.642739
0.204744
0.257802
0.869365
0.635096
0.391858
0.402199
0.02823
0.571824
0.69429
0.915236
0.917665
0.301422
0.453085
0.306738
0.937664
0.175661
0.786334
0.285352
0.712523
0.730074
0.820467
0.475414
0.161325
0.7737
0.316816
0.207455
0.137348
0.008079
0.490212
0.881918
0.808016
0.975594
0.602175
0.741222
0.388885
0.024602
0.244861
0.655753
0.513519
0.694853
0.714906
0.803653
0.42235
0.429183
0.569176
0.865805
0.250766
0.983417
0.505862
0.247531
0.038067
0.827512
0.611649
0.815911
0.99863
0.349736
0.252864
0.942803
0.887535
0.228472
0.400174
0.153712
0.179323
0.666413
0.764186
0.642889
0.117873
0.326279
0.871005
0.636442
0.475591
0.473925
0.663045
0.675989
0.994134
0.478259
0.646188
0.226854
0.126827
0.612967
0.859053
0.974266
0.093061
0.098145
0.26012
0.429256
0.983948
0.265691
0.752284
0.791322
0.963158
0.341414
0.606617
0.293575
0.90057
0.49995
0.192375
0.551549
0.975704
0.483988
0.796865
0.341073
0.540282
0.438413
0.11216
0.234493
0.86259
0.450592
0.207543
0.241118
0.486621
0.184587
0.307648
0.742598
0.630924
0.93353
0.263537
0.788435
0.138407
0.59017
0.968151
0.74625
0.744387
0.899337
0.661879
0.16339
0.530789
0.735812
0.533366
0.045264
0.146709
0.972608
0.88701
0.909328
0.114591
0.143676
0.465567
0.224154
0.742152
0.091486
0.285412
0.823808
0.721474
0.441263
0.620369
0.009286
0.727506
0.317039
0.809095
0.189014
0.787123
0.571105
0.953827
0.464818
0.132603
0.142414
0.197188
0.292804
0.925255
0.185772
0.109169
0.56271
0.863922
0.934922
0.357777
0.989327
0.930888
0.813601
0.369192
0.820379
0.173503
0.388206
0.223032
0.534054
0.517641
0.954267
0.84541
0.222543
0.911097
0.218535
0.769258
0.758153
0.708191
0.258432
0.095157
0.819293
0.269933
0.310389
0.347714
0.340895
0.949918
0.711677
0.295092
0.290241
0.08627
0.134704
0.106098
0.114247
0.782977
0.854432
0.536553
0.696521
0.641205
0.705472
0.294833
0.808746
0.743902
0.026165
0.319222
0.444558
0.278531
0.152971
0.513499
0.096683
0.480402
0.210855
0.898867
0.636289
0.815487
0.405277
0.007605
0.868683
0.246509
0.405211
0.909279
0.542686
0.707175
0.015852
0.7341
0.48685
0.61173
0.641687
0.112764
0.542877
0.707295
0.068544
0.991559
0.284114
0.530422
0.678487
0.676478
0.081954
0.079731
0.461129
0.889441
0.178849
0.121038
0.251837
0.344161
0.70872
0.116758
0.907736
0.312683
0.597223
0.833593
0.530295
0.120225
0.959623
0.445726
0.406473
0.331071
0.479163
0.306815
0.895444
0.748088
0.237569
0.77596
0.627198
0.890722
0.536215
0.089606
0.129301
0.122248
0.732667
0.618494
0.385406
0.767655
0.602748
0.181889
0.984511
0.609877
0.874245
0.691859
0.229907
0.780112
0.888163
0.185662
0.021623
0.796871
0.64579
0.62688
0.173104
0.838474
0.052008
0.187855
0.850365
0.273699
0.484127
0.477009
0.27773
0.571611
0.361918
0.62259
0.832307
0.162451
0.845679
0.420331
0.810369
0.859985
0.1768
0.519442
0.102289
0.451826
0.073618
0.599655
0.331267
0.580191
0.738306
0.714216
0.89738
0.242256
0.975133
0.801435
0.809536
0.97389
0.556384
0.648057
0.645602
0.203656
0.228018
0.082179
0.567868
0.638751
0.832789
0.013739
0.135014
0.279124
0.085018
0.605279
0.624105
0.315633
0.027953
0.035624
0.943249
0.906674
0.725524
0.961986
0.0747
0.264675
0.44707
0.626704
0.484609
0.125389
0.048609
0.448108
0.87295
0.929183
0.891075
0.47899
0.59373
0.965818
0.326294
0.535047
0.110493
0.833337
0.396643
0.476492
0.239434
0.74263
0.205745
0.683932
0.20336
0.81205
0.367326
0.240487
0.267068
0.508052
0.940573
0.067065
0.225031
0.686852
0.712579
0.790257
0.792603
0.00581
0.223664
0.189828
0.333595
0.791576
0.141685
0.130616
0.996085
0.549715
0.328373
0.309697
0.934434
0.845185
0.132492
0.24597
0.847229
0.463234
0.207739
0.009602
0.223904
0.751733
0.814443
0.332713
0.771907
0.1781
0.25084
0.345456
0.287293
0.22569
0.736766
0.644286
0.115669
0.503642
0.657784
0.479181
0.519403
0.253409
0.27534
0.06154
0.49805
0.893571
0.392454
0.844764
0.685418
0.17603
0.53848
0.433781
0.045982
0.16953
0.41872
0.12092
0.604828
0.469927
0.58825
0.506848
0.616638
0.909454
0.24487
0.901487
0.552882
0.466915
0.500063
0.681771
0.358201
0.773269
0.367971
0.707501
0.053701
0.786768
0.905194
0.835544
0.452716
0.202831
0.746056
0.825446
0.610533
0.609504
0.476723
0.296452
0.045354
0.169404
0.044877
0.905313
0.265051
0.868141
0.859174
0.946747
0.525124
0.339658
0.708999
0.103295
0.766743
0.467901
0.16298
0.593716
0.216687
0.736896
0.992899
0.681907
0.177672
0.168813
0.220517
0.275067
0.937282
0.545759
0.832485
0.319358
0.878829
0.572586
0.347192
0.727504
0.673138
0.788427
0.959675
0.047094
0.840389
0.520785
0.509847
0.402319
0.133729
0.421333
0.606253
0.655308
0.971427
0.650816
0.300219
0.967037
0.688953
0.065235
0.290454
0.937958
0.336556
0.22164
0.660299
0.45687
0.416036
0.465942
0.283928
0.890055
0.398515
0.393863
0.542854
0.792721
0.469072
0.525939
0.049445
0.476516
0.803891
0.948914
0.36193
0.508683
0.141607
0.540048
0.244676
0.000517
0.311278
0.845606
0.695428
0.378593
0.070164
0.856809
0.115693
0.570353
0.935978
0.722304
0.850163
0.452667
0.311886
0.260825
0.298494
0.318394
0.008634
0.865165
0.304787
0.390316
0.851141
0.382488
0.395084
0.805341
0.900439
0.834382
0.626031
0.850944
0.426346
0.541717
0.430149
0.019741
0.184132
0.588375
0.435223
0.083411
0.258504
0.019438
0.373373
0.102782
0.258254
0.387643
0.54803
0.397963
0.351778
0.960908
0.808363
0.522472
0.488699
0.83477
0.123283
0.855311
0.962427
0.835743
0.278937
0.440871
0.409415
0.273394
0.000652
0.725154
0.846976
0.038862
0.258412
0.1127
0.67096
0.577058
0.609576
0.63745
0.773857
0.974449
0.387372
0.936717
0.791543
0.605371
0.276646
0.233451
0.896428
0.370939
0.114978
0.645503
0.387145
0.426094
0.208945
0.760536
0.410868
0.419303
0.776887
0.741485
0.450272
0.40368
0.284371
0.787525
0.285043
0.545395
0.924879
0.860477
0.748129
0.087761
0.062457
0.426118
0.706404
0.052585
0.993761
0.444754
0.503065
0.500666
0.04574
0.58775
0.53916
0.407178
0.602854
0.578553
0.960784
0.512919
0.508277
0.554857
0.519633
0.570236
0.758927
0.881251
0.383332
0.27189
0.669824
0.826494
0.416332
0.869818
0.684186
0.901305
0.309833
0.070566
0.670697
0.071969
0.560853
0.159195
0.296136
0.749799
0.416516
0.006488
0.027529
0.174796
0.686082
0.029397
0.025292
0.697701
0.361077
0.431795
0.246488
0.861109
0.317848
0.087522
0.271801
0.562626
0.081231
0.091636
0.993187
0.75247
0.014508
0.403619
0.838084
0.124732
0.228487
0.241413
0.841692
0.681108
0.912925
0.498132
0.094433
0.670139
0.934284
0.834218
0.357129
0.444927
0.048811
0.623005
0.744255
0.49097
0.867612
0.575585
0.860432
0.427679
0.198293
0.265589
0.160682
0.130822
0.283035
0.521161
0.348309
0.854006
0.891942
0.646811
0.888613
0.275114
0.210447
0.969285
0.191658
0.85689
0.392462
0.5499
0.071205
0.127651
0.407936
0.13289
0.332745
0.525919
0.442772
0.970208
0.915966
0.341021
0.95739
0.778917
0.863955
0.513041
0.532329
0.897543
0.7647
0.117386
0.437062
0.405987
0.04149
0.070341
0.837384
0.242579
0.94485
0.07836
0.088693
0.864844
0.784309
0.863536
0.359245
0.290517
0.904563
0.589299
0.404878
0.730003
0.051671
0.715387
0.446007
0.448744
0.292144
0.545012
0.087873
0.430242
0.867384
0.019087
0.155977
0.071601
0.509443
0.430555
0.734634
0.316655
0.970492
0.696315
0.709405
0.178595
0.682275
0.662511
0.439123
0.749815
0.580714
0.217291
0.019893
0.314124
0.234712
0.037211
0.617699
0.087975
0.117668
0.215222
0.83343
0.351281
0.471999
0.636219
0.331437
0.821524
0.48606
0.705394
0.352586
0.259045
0.316637
0.446627
0.714293
0.538957
0.587209
0.176913
0.684264
0.347732
0.89071
0.633568
0.870967
0.117147
0.446212
0.722369
0.142399
0.215533
0.099463
0.765734
0.015797
0.791862
0.259287
0.377443
0.462313
0.005941
0.970271
0.259463
0.411085
0.919996
0.506462
0.469152
0.899873
0.867211
0.248348
0.808616
0.035202
0.515129
0.797675
0.523739
0.190365
0.478184
0.591083
0.92622
0.870645
0.384064
0.307159
0.707173
0.744482
0.690077
0.0127
0.833189
0.895819
0.283111
0.143339
0.687515
0.327755
0.803266
0.083776
0.815563
0.227839
0.414397
0.031233
0.293974
0.441003
0.632459
0.332597
0.311531
0.284784
0.435595
0.288252
0.192634
0.847458
0.673356
0.401262
0.739838
0.329245
0.853105
0.9323
0.023691
0.70992
0.802266
0.137301
0.480161
0.044957
0.892483
0.419646
0.349505
0.506541
0.792876
0.092098
0.262392
0.021143
0.397589
0.480741
0.469761
0.928223
0.871596
0.5573
0.124981
0.312374
0.651708
0.297055
0.977296
0.782459
0.845051
0.206895
0.584463
0.588363
0.38248
0.227648
0.38584
0.814159
0.858479
0.532427
0.684405
0.713745
0.202282
0.784254
0.940266
0.573189
0.368746
0.722969
0.292909
0.123895
0.43486
0.175421
0.046896
0.733708
0.42614
0.263779
0.813981
0.972946
0.984567
0.224535
0.205963
0.672076
0.675248
0.049892
0.060071
0.840517
0.915593
0.511414
0.965906
0.387571
0.715095
0.023036
0.188456
0.675978
0.909209
0.002004
0.702225
0.178389
0.429744
0.899305
0.151801
0.165354
0.518933
0.577624
0.385361
0.963688
0.210276
0.209035
0.934641
0.827882
0.433345
0.484272
0.711362
0.384593
0.33019
0.812638
0.354556
0.336454
0.340794
0.379668
0.734807
0.486131
0.585667
0.24629
0.782373
0.137278
0.289289
0.330777
0.23326
0.962331
0.435769
0.564588
0.975607
0.168591
0.045171
0.764456
0.564329
0.343807
0.565097
0.38128
0.497434
0.298361
0.106024
0.013504
0.27226
0.506172
0.788528
0.156995
0.329726
0.733812
0.408582
0.234394
0.558045
0.815886
0.773921
0.107379
0.109819
0.075338
0.638194
0.379868
0.218216
0.429309
0.237161
0.411658
0.380276
0.074305
0.088835
0.053498
0.779555
0.585493
0.08157
0.707601
0.121664
0.917998
0.081746
0.061136
0.106886
0.271895
0.212414
0.887642
0.640725
0.815958
0.783034
0.458689
0.851457
0.877802
0.355284
0.727129
0.232472
0.165759
0.335061
0.129439
0.890284
0.279262
0.142976
0.728584
0.42209
0.032733
0.36002
0.151154
0.726012
0.441402
0.202822
0.990362
0.935235
0.471253
0.377414
0.553874
0.82038
0.444574
0.915254
0.815221
0.40427
0.713643
0.746419
0.112209
0.304789
0.680605
0.060717
0.877437
0.240043
0.198271
0.120955
0.846384
0.610461
0.248383
0.812568
0.84602
0.194904
0.958067
0.720564
0.654534
0.789695
0.494678
0.789974
0.060051
0.897408
0.654142
0.56387
0.432758
0.615564
0.344736
0.012069
0.541211
0.539195
0.013001
0.204073
0.147074
0.156888
0.158217
0.35967
0.106561
0.718989
0.127715
0.38343
0.383421
0.986685
0.84897
0.516975
0.629656
0.920165
0.971283
0.261006
0.773773
0.217057
0.729322
0.522613
0.009885
0.574084
0.292742
0.447357
0.093232
0.269387
0.509485
0.405055
0.325033
0.057995
0.130196
0.050481
0.204944
0.21587
0.05217
0.944581
0.329484
0.76323
0.441019
0.70972
0.484715
0.785565
0.675776
0.31001
0.002737
0.13311
0.705061
0.229201
0.052857
0.131367
0.982369
0.888038
0.603077
0.352656
0.324642
0.39908
0.266854
0.166963
0.677746
0.295742
0.763078
0.198683
0.605892
0.296074
0.633542
0.953274
0.627936
0.862503
0.492581
0.176061
0.687926
0.773372
0.94462
0.760347
0.510636
0.123761
0.024564
0.317406
0.042657
0.707522
0.385726
0.023992
0.870738
0.262013
0.705216
0.564265
0.348588
0.482898
0.954295
0.028247
0.660642
0.29878
0.083745
0.830309
0.998336
0.420754
0.480482
0.715631
0.125817
0.843588
0.590765
0.93936
0.940617
0.722779
0.048241
0.991677
0.753362
0.553977
0.535525
0.747049
0.16556
0.914823
0.480831
0.735949
0.84816
0.316035
0.550153
0.859394
0.419863
0.284819
0.824047
0.73727
0.077432
0.947029
0.729825
0.120471
0.877877
0.750305
0.26926
0.944217
0.724242
0.221333
0.948623
0.528379
0.804121
0.856315
0.313967
0.92901
0.75512
0.238086
0.779281
0.664433
0.452274
0.050471
0.856239
0.183794
0.065815
0.944254
0.896041
0.487096
0.188086
0.38048
0.060616
0.675933
0.193816
0.959812
0.222162
0.17505
0.945554
0.362829
0.878926
0.627933
0.422202
0.188113
0.007573
0.942087
0.676174
0.301045
0.508642
0.143598
0.151021
0.220898
0.984071
0.497169
0.807237
0.12568
0.374107
0.567839
0.162484
0.815872
0.63765
0.535537
0.023438
0.794462
0.938604
0.148572
0.886026
0.639606
0.280597
0.352424
0.351477
0.216965
0.286268
0.545522
0.263361
0.414985
0.538735
0.832243
0.765435
0.42575
0.598418
0.463554
0.760073
0.996142
0.383134
0.472818
0.258676
0.118952
0.537335
0.550416
0.175967
0.6248
0.801631
0.880979
0.88449
0.8174
0.800547
0.835421
0.841688
0.758531
0.191653
0.876309
0.831542
0.609053
0.336431
0.212483
0.627692
0.941722
0.176632
0.088139
0.893109
0.340763
0.300535
0.694344
0.094421
0.192265
0.578187
0.801789
0.710134
0.787477
0.780758
0.83608
0.884169
0.417126
0.139315
0.583361
0.844756
0.492651
0.813252
0.056354
0.260012
0.705586
0.075029
0.180269
0.376745
0.372628
0.181976
0.983002
0.145188
0.649362
0.225551
0.748604
0.176576
0.744724
0.645239
0.187723
0.852383
0.548341
0.776547
0.870587
0.163392
0.045411
0.41713
0.727625
0.658707
0.972606
0.568999
0.272812
0.676662
0.718132
0.157586
0.514339
0.101707
0.076449
0.727856
0.107645
0.473321
0.331453
0.894922
0.044462
0.387987
0.523951
0.701478
0.110922
0.643491
0.530257
0.508295
0.678113
0.70228
0.695
0.432685
0.024562
0.573251
0.603325
0.297882
0.544625
0.920862
0.272037
0.29
0.096892
0.820134
0.830645
0.916908
0.146491
0.174679
0.613424
0.859651
0.224533
0.966948
0.670775
0.356115
0.705305
0.200893
0.655685
0.575284
0.661389
0.513101
0.293211
0.058487
0.254387
0.893951
0.051337
0.224759
0.748737
0.123879
0.28878
0.566739
0.512801
0.721219
0.159054
0.988826
0.936604
0.524552
0.123532
0.984824
0.5944
0.161835
0.544907
0.980404
0.012446
0.377021
0.936292
0.228046
0.576271
0.272795
0.430806
0.120167
0.583278
0.32886
0.265893
0.229921
0.443242
0.843646
0.01877
0.224832
0.825693
0.006675
0.591584
0.71121
0.961235
0.497331
0.502112
0.177352
0.154973
0.125945
0.172992
0.372093
0.331056
0.286583
0.234391
0.838795
0.504088
0.975393
0.019716
0.358341
0.771964
0.495987
0.150504
0.148484
0.596098
0.768377
0.853127
0.535703
0.126587
0.326649
0.479787
0.78585
0.911041
0.36136
0.224941
0.090748
0.884984
0.516787
0.586477
0.657024
0.824881
0.046773
0.687407
0.408983
0.085525
0.218835
0.73128
0.035054
0.748559
0.934079
0.280453
0.832474
0.108126
0.468368
0.191861
0.282387
0.862654
0.282745
0.34628
0.039573
0.034861
0.860203
0.134632
0.214579
0.620775
0.70187
0.441987
0.796294
0.797517
0.077235
0.026695
0.326278
0.102919
0.171618
0.489139
0.88519
0.109147
0.938561
0.569663
0.522319
0.001385
0.430297
0.656536
0.708806
0.155775
0.528429
0.454277
0.753169
0.893695
0.522018
0.213817
0.447432
0.135742
0.5827
0.562859
0.315454
0.840726
0.659426
0.403014
0.279443
0.205468
0.569727
0.238391
0.425874
0.734159
0.017195
0.344974
0.351895
0.390185
0.418053
0.228868
0.665373
0.291265
0.216062
0.284307
0.525564
0.294802
0.550558
0.097302
0.617632
0.446503
0.889891
0.381626
0.18869
0.393551
0.359433
0.515353
0.030367
0.338113
0.846746
0.121144
0.78187
0.249063
0.825178
0.100456
0.595857
0.784995
0.444369
0.178004
0.650008
0.598784
0.700255
0.833718
0.887554
0.183869
0.337791
0.125625
0.962293
0.260172
0.653606
0.09513
0.223931
0.440847
0.616649
0.717745
0.855974
0.319801
0.03189
0.345132
0.517683
0.530627
0.491783
0.124842
0.700876
0.827259
0.883511
0.168159
0.907945
0.302003
0.711277
0.365901
0.283665
0.327666
0.427317
0.557321
0.842586
0.410137
0.326031
0.711503
0.562549
0.465846
0.571812
0.787062
0.310822
0.818255
0.691352
0.302663
0.040827
0.956473
0.853414
0.259234
0.581712
0.519837
0.841605
0.427703
0.14784
0.863291
0.160169
0.803162
0.982932
0.241016
0.459037
0.882455
0.783099
0.950827
0.663582
0.784383
0.267738
0.232568
0.889752
0.771965
0.957809
0.362982
0.776155
0.936353
0.655612
0.389815
0.809042
0.645326
0.306248
0.614733
0.194501
0.872343
0.375978
0.647094
0.866389
0.281921
0.344184
0.710081
0.664746
0.444043
0.239042
0.179317
0.562562
0.66849
0.587573
0.941003
0.408905
0.299955
0.221288
0.952007
0.145534
0.921328
0.2197
0.209929
0.55109
0.685387
0.840509
0.08445
0.993613
0.742884
0.561516
0.833792
0.89485
0.691176
0.676637
0.730974
0.125958
0.42184
0.311725
0.003622
0.250148
0.709759
0.356644
0.918512
0.818192
0.42189
0.222791
0.272954
0.820416
0.698505
0.433153
0.450826
0.869411
0.121852
0.964391
0.701552
0.070841
0.575191
0.547379
0.477317
0.690539
0.564882
0.63198
0.185261
0.592458
0.189757
0.55197
0.893951
0.088338
0.002829
0.691934
0.824863
0.888495
0.60535
0.309192
0.617254
0.899149
0.823686
0.097557
0.809954
0.354401
0.432658
0.743831
0.398301
0.800729
0.457958
0.801192
0.102822
0.451437
0.664639
0.53988
0.493641
0.692835
0.745465
0.140894
0.540149
0.562865
0.132369
0.979841
0.845072
0.766883
0.801919
0.678165
0.686114
0.222911
0.771451
0.439008
0.327755
0.668045
0.748822
0.286552
0.614251
0.041859
0.184538
0.597046
0.608911
0.267888
0.886614
0.005467
0.621347
0.439706
0.773231
0.271073
0.396598
0.41152
0.404548
0.309519
0.92833
0.193352
0.69843
0.33625
0.063011
0.79257
0.451114
0.203463
0.876078
0.957958
0.704018
0.996038
0.314469
0.575547
0.861438
0.068129
0.335632
0.330665
0.420849
0.649987
0.695251
0.286675
0.835667
0.322083
0.292547
0.61327
0.672981
0.865948
0.410027
0.167298
0.764748
0.126681
0.092856
0.803666
0.171152
0.050377
0.364662
0.455794
0.105728
0.430092
0.870418
0.4268
0.66867
0.077738
0.98612
0.96562
0.032415
0.152709
0.628868
0.917794
0.664413
0.069664
0.101859
0.768016
0.7882
0.13811
0.669531
0.104531
0.501455
0.257571
0.301939
0.406792
0.658144
0.81231
0.639303
0.599322
0.409751
0.4109
0.567141
0.967534
0.828436
0.466025
0.613143
0.731512
0.850162
0.311833
0.724481
0.266837
0.823025
0.683803
0.413605
0.906172
0.503863
0.026333
0.967249
0.24167
0.040286
0.552812
0.448098
0.455425
0.559859
0.35717
0.237448
0.279538
0.753036
0.972217
0.971719
0.449947
0.76457
0.181135
0.563063
0.016364
0.874978
0.338971
0.502863
0.775517
0.70325
0.400094
0.479508
0.012016
0.200777
0.911878
0.753118
0.35103
0.429784
0.71854
0.550876
0.279197
0.120121
0.334848
0.641935
0.168932
0.852498
0.07723
0.385708
0.137917
0.429971
0.374103
0.567079
0.701427
0.170085
0.729322
0.74633
0.277617
0.4892
0.146584
0.873438
0.572697
0.507055
0.524582
0.43039
0.882278
0.565255
0.819552
0.849223
0.948937
0.44335
0.115534
0.856472
0.905562
0.504843
0.395205
0.091777
0.893806
0.609047
0.757186
0.239082
0.675258
0.149341
0.40097
0.440929
0.350904
0.207269
0.763195
0.955995
0.589304
0.050714
0.80691
0.102456
0.846034
0.472886
0.462293
0.527396
0.494751
0.009387
0.599984
0.6418
0.556794
0.611305
0.811937
0.967619
0.804722
0.022638
0.785042
0.186731
0.365222
0.442961
0.895509
0.002523
0.001077
0.576461
0.839908
0.475182
0.220096
0.931543
0.138496
0.523015
0.801725
0.316665
0.390235
0.55987
0.468952
0.218736
0.172014
0.720379
0.439314
0.549264
0.530584
0.823969
0.674539
0.864361
0.119134
0.002621
0.744399
0.610671
0.881134
0.567903
0.985102
0.675253
0.302511
0.155545
0.867895
0.263457
0.597772
0.32007
0.800298
0.29421
0.65287
0.559389
0.65625
0.996278
0.66186
0.065442
0.458127
0.129342
0.204841
0.637666
0.06532
0.759941
0.079208
0.069921
0.753275
0.908454
0.777273
0.465044
0.906683
0.025529
0.024887
0.867543
0.329885
0.083248
0.118609
0.211171
0.124713
0.063709
0.120462
0.403206
0.025092
0.927779
0.223462
0.302307
0.115295
0.139246
0.558408
0.162439
0.637695
0.758369
0.610242
0.019786
0.265883
0.982927
0.477237
0.92988
0.082286
0.302194
0.393799
0.144244
0.143086
0.057565
0.525169
0.241575
0.658233
0.165348
0.68954
0.53354
0.147521
0.305903
0.629338
0.874636
0.655721
0.144736
0.14711
0.392808
0.081888
0.150044
0.982494
0.437618
0.385422
0.474765
0.385421
0.562056
0.86438
0.194975
0.403781
0.344005
0.581756
0.267843
0.188675
0.706813
0.328174
0.536224
0.038403
0.384453
0.302169
0.983318
0.96678
0.264127
0.346336
0.527043
0.554836
0.435207
0.156033
0.444813
0.854445
0.692798
0.809178
0.980884
0.702346
0.83649
0.789584
0.9316
0.194242
0.329781
0.236182
0.164452
0.999032
0.583867
0.046903
0.017362
0.292793
0.658407
0.664474
0.011123
0.70505
0.498219
0.695069
0.563836
0.260991
0.706853
0.261481
0.5688
0.329581
0.663179
0.944885
0.056154
0.396706
0.833241
0.163963
0.04639
0.432485
0.389076
0.389417
0.709528
0.425875
0.990421
0.34122
0.443337
0.793836
0.69461
0.508143
0.640271
0.995626
0.685082
0.42171
0.562672
0.945873
0.557855
0.567455
0.734379
0.698906
0.965287
0.447681
0.329436
0.480981
0.896298
0.543443
0.233994
0.810801
0.12538
0.354291
0.054017
0.869142
0.513031
0.57821
0.857706
0.920436
0.774239
0.367166
0.57818
0.907938
0.052772
0.765787
0.286017
0.049643
0.198676
0.195541
0.486794
0.756936
0.087868
0.130524
0.185345
0.070772
0.41521
0.185299
0.613495
0.472041
0.387473
0.804357
0.223731
0.153904
0.182524
0.98886
0.202798
0.551058
0.798373
0.197153
0.681178
0.252274
0.499583
0.621963
0.53488
0.444608
0.061205
0.607672
0.894992
0.965955
0.450907
0.809164
0.579087
0.068915
0.0549
0.09981
0.803469
3.7e-05
0.025982
0.051661
0.610767
0.497261
0.389846
0.532256
0.952514
0.564033
0.580989
0.00025
0.849006
0.413648
0.223264
0.462682
0.935688
0.14261
0.777625
0.499105
0.57996
0.374759
0.091566
0.426234
0.917909
0.521618
0.065328
0.75425
0.183457
0.990144
0.527196
0.844015
0.689949
0.003387
0.994598
0.193617
0.81555
0.331795
0.242598
0.936013
0.90345
0.677086
0.949187
0.31669
0.978097
0.704576
0.145981
0.948558
0.536287
0.352542
0.420136
0.881144
0.456725
0.264084
0.223497
0.851268
0.316433
0.410485
0.70396
0.079108
0.870787
0.981139
0.456038
0.713826
0.460045
0.219275
0.821762
0.457337
0.383428
0.728571
0.781123
0.762114
0.352038
0.182418
0.339849
0.915753
0.757598
0.225673
0.850229
0.815226
0.116858
0.811433
0.231017
0.731437
0.321004
0.407431
0.90444
0.994143
0.522046
0.171508
0.59358
0.144061
0.447298
0.04448
0.598923
0.325854
0.282074
0.376425
0.617109
0.741872
0.870507
0.595882
0.107027
0.69851
0.154469
0.54427
0.738294
0.097213
0.123272
0.680161
0.689864
0.988129
0.994537
0.110463
0.197953
0.166339
0.213021
0.81428
0.84839
0.75145
0.96384
0.19787
0.48885
0.128239
0.914253
0.799435
0.04749
0.188339
0.424404
0.74235
0.151895
0.343914
0.044029
0.001949
0.051291
0.760283
0.520563
0.021151
0.84401
0.728848
0.58796
0.05211
0.286725
0.752997
0.551751
0.815015
0.549181
0.377908
0.439002
0.677315
0.363305
0.486614
0.455384
0.856552
0.0272
0.674723
0.269695
0.326346
0.560768
0.599951
0.14828
0.535834
0.996775
0.457698
0.193085
0.491403
0.223818
0.6658
0.366709
0.259099
0.443033
0.525565
0.449269
0.566326
0.251853
0.831637
0.772744
0.582172
0.253795
0.236345
0.739458
0.659075
0.908844
0.35358
0.255129
0.883768
0.48565
0.71277
0.260184
0.135961
0.03531
0.825563
0.09119
0.962229
0.070455
0.433401
0.28108
0.310204
0.680691
0.765153
0.956919
0.228403
0.600107
0.118777
0.756023
0.294841
0.918475
0.63605
0.895132
0.374766
0.071914
0.147796
0.960952
0.581949
0.97557
0.999815
0.071576
0.59526
0.380698
0.148195
0.217194
0.03708
0.978418
0.653338
0.553573
0.503473
0.171725
0.180055
0.11099
0.77773
0.608085
0.40929
0.775738
0.277916
0.78193
0.236951
0.011212
0.693908
0.33969
0.776538
0.206373
0.395473
0.584179
0.449754
0.785642
0.866156
0.98936
0.856292
0.145818
0.599802
0.051463
0.309558
0.686575
0.611881
0.408144
0.413507
0.528386
0.662035
0.119055
0.174592
0.422257
0.481631
0.934872
0.967317
0.436706
0.090326
0.23752
0.950864
0.54138
0.892148
0.0419
0.780677
0.908258
0.498972
0.466713
0.896246
0.017802
0.095137
0.941068
0.33275
0.616126
0.532541
0.278649
0.685431
0.814168
0.69764
0.599473
0.673754
0.242598
0.406501
0.180366
0.423412
0.342304
0.650856
0.286169
0.362363
0.854892
0.409384
0.389412
0.441577
0.969641
0.615875
0.20619
0.284314
0.271349
0.627444
0.794332
0.821926
0.736707
0.246585
0.699617
0.661732
0.735769
0.62679
0.94677
0.656358
0.123022
0.470441
0.563717
0.457062
0.575193
0.569693
0.067222
0.257998
0.716553
0.690147
0.965565
0.599171
0.110591
0.344783
0.701896
0.133955
0.656777
0.452402
0.401535
0.961316
0.185417
0.373947
0.619785
0.762655
0.798113
0.831422
0.488728
0.250285
0.901787
0.086768
0.975288
0.221297
0.841931
0.685692
0.201513
0.534502
0.813113
0.263165
0.099501
0.600726
0.557762
0.639057
0.411769
0.861033
0.843789
0.463948
0.936511
0.717518
0.962001
0.360543
0.5235
0.784869
0.695755
0.296387
0.354979
0.458638
0.964082
0.696708
0.40347
0.175962
0.166494
0.959343
0.984703
0.185592
0.832043
0.645391
0.691703
0.33229
0.473334
0.626954
0.186206
0.495152
0.998289
0.43611
0.846319
0.450831
0.336776
0.96572
0.816197
0.361453
0.525444
0.08467
0.122073
0.566287
0.770426
0.829764
0.225343
0.250325
0.570402
0.780702
0.963657
0.082404
0.756665
0.934782
0.00073
0.555544
0.864234
0.8913
0.112675
0.286565
0.20744
0.488713
0.366216
0.027643
0.503698
0.197889
0.182592
0.183885
0.214191
0.098623
0.699532
0.115404
0.157004
0.921142
0.944132
0.53803
0.926187
0.763376
0.133649
0.504598
0.969569
0.90261
0.868779
0.665575
0.99119
0.617539
0.172851
0.956129
0.329075
0.868961
0.713094
0.394522
0.619497
0.689509
0.180046
0.255356
0.01562
0.138994
0.215907
0.70112
0.502447
0.610274
0.07627
0.426361
0.724961
0.521659
0.462638
0.490117
0.709313
0.755772
0.715607
0.774865
0.681452
0.073303
0.360371
0.438312
0.979088
0.901588
0.837563
0.118523
0.67505
0.449907
0.571544
0.30058
0.961588
0.681472
0.003046
0.697142
0.509548
0.166773
0.45272
0.417839
0.789411
0.683306
0.054187
0.302941
0.413215
0.849525
0.299119
0.59439
0.32269
0.12011
0.9308
0.151672
0.58371
0.497411
0.25315
0.956974
0.278008
0.840234
0.238126
0.301779
0.642944
0.832962
0.543276
0.372295
0.15868
0.294812
0.549918
0.831847
0.177345
0.401325
0.364396
0.630967
0.037321
0.513355
0.205156
0.001543
0.293939
0.74647
0.643843
0.395666
0.985948
0.719308
0.623645
0.691677
0.434513
0.776192
0.170573
0.077381
0.825824
0.64874
0.359208
0.623043
0.11806
0.878464
0.036908
0.016098
0.34601
0.109926
0.836979
0.568518
0.224146
0.215822
0.028027
0.063076
0.865279
0.247142
0.742551
0.296515
0.965903
0.203331
0.770189
0.185882
0.667297
0.147894
0.961492
0.037997
0.780101
0.617482
0.068326
0.020015
0.270402
0.5131
0.782763
0.739311
0.608964
0.296619
0.896937
0.382375
0.710005
0.952143
0.88934
0.999483
0.898024
0.943532
0.796135
0.279693
0.513074
0.369448
0.423324
0.554508
0.289325
0.55121
0.185096
0.546066
0.009106
0.712174
0.526067
0.302878
0.477832
0.386087
0.811976
0.114909
0.95561
0.142444
0.713124
0.624531
0.795479
0.629099
0.063493
0.219425
0.683823
0.307929
0.516902
0.870315
0.706462
0.706003
0.590797
0.346501
0.557486
0.159057
0.150489
0.882604
0.092587
0.217648
0.297106
0.719231
0.390712
0.033921
0.009127
0.119783
0.977657
0.376426
0.993405
0.696166
0.844938
0.866724
0.874642
0.577488
0.617011
0.194198
0.0633
0.73392
0.521479
0.822756
0.891479
0.846846
0.97689
0.383288
0.735223
0.498801
0.933403
0.424307
0.852509
0.155445
0.33912
0.331518
0.575027
0.844889
0.431158
0.125149
0.191881
0.366174
0.756562
0.545708
0.982097
0.679837
0.945047
0.957259
0.726252
0.569112
0.580431
0.286257
0.573063
0.678891
0.968413
0.594341
0.4891
0.640913
0.679097
0.5407
0.697682
0.448609
0.429519
0.515399
0.474669
0.771079
0.92041
0.28871
0.114564
0.040679
0.117677
0.679038
0.701079
0.329231
0.075231
0.035184
0.63573
0.455211
0.683334
0.321237
0.393137
0.990338
0.035694
0.389763
0.120052
0.471083
0.438035
0.896542
0.844416
0.176025
0.547537
0.490903
0.237621
0.97711
0.53055
0.3461
0.851597
0.391559
0.762465
0.424139
0.870258
0.139046
0.570217
0.937268
0.619555
0.72421
0.288516
0.960822
0.459016
0.203556
0.191057
0.43829
0.098645
0.074245
0.703801
0.425402
0.621863
0.716413
0.738913
0.868404
0.585088
0.918608
0.964082
0.66762
0.330823
0.020227
0.108685
0.191041
0.502819
0.301148
0.041771
0.209057
0.6947
0.665219
0.53344
0.888415
0.405396
0.874689
0.507782
0.092759
0.557827
0.198264
0.944661
0.463634
0.570171
0.188041
0.765531
0.927529
0.563137
0.184522
0.253143
0.706599
0.734302
0.279211
0.562729
0.82925
0.369336
0.656583
0.42019
0.010787
0.830838
0.535646
0.36644
0.655903
0.607426
0.789166
0.367473
0.949068
0.981474
0.703937
0.907505
0.233516
0.60013
0.873285
0.927515
0.76582
0.646921
0.618605
0.421388
0.217252
0.335724
0.140981
0.031184
0.352153
0.894497
0.182141
0.314069
0.974259
0.756463
0.174594
0.573143
0.375649
0.539892
0.321723
0.778112
0.677576
0.685844
0.098461
0.125364
0.772745
0.488746
0.643865
0.320793
0.511188
0.365398
0.564273
0.818602
0.202845
0.755144
0.101486
0.181367
0.45294
0.370105
0.985667
0.447493
0.843484
0.102355
0.162393
0.707748
0.563183
0.136912
0.244194
0.710704
0.084119
0.180776
0.762133
0.447859
0.509612
0.988218
0.574955
0.166698
0.340445
0.579427
0.802179
0.302812
0.653196
0.219223
0.546449
0.483999
0.583903
0.671838
0.63906
0.722155
0.514987
0.715814
0.078463
0.383813
0.501716
0.289846
0.593933
0.176058
0.63104
0.097869
0.251241
0.468564
0.76195
0.204819
0.901352
0.548758
0.523424
0.270789
0.928816
0.704201
0.229509
0.638884
0.398188
0.211736
0.85536
0.829422
0.499726
0.907652
0.727366
0.359278
0.822996
0.295539
0.463317
0.573551
0.944553
0.765185
0.43353
0.525888
0.779816
0.218077
0.273747
0.615314
0.151949
0.697627
0.193256
0.62815
0.266829
0.320548
0.74535
0.746677
0.607207
0.060892
0.787219
0.414055
0.082936
0.642497
0.413712
0.38979
0.327302
0.788966
0.43101
0.66166
0.246461
0.041654
0.735841
0.662189
0.378417
0.890594
0.82686
0.424665
0.298094
0.410334
0.635409
0.663665
0.554503
0.190576
0.867207
0.327727
0.313753
0.490368
0.073577
0.076774
0.529569
0.455078
0.589301
0.032947
0.424577
0.359602
0.175817
0.378753
0.114679
0.374179
0.210236
0.150433
0.913613
0.01335
0.390643
0.361981
0.185239
0.865866
0.570322
0.865206
0.610454
0.462743
0.425894
0.969776
0.924389
0.15923
0.028424
0.717648
0.004046
0.144862
0.835592
0.25951
0.85381
0.502486
0.865289
0.680237
0.042088
0.815749
0.462684
0.125844
0.11777
0.148138
0.703755
0.373141
0.326234
0.317178
0.642439
0.637406
0.430971
0.637276
0.733251
0.79845
0.755252
0.020333
0.965622
0.139389
0.216269
0.329574
0.134461
0.802927
0.743649
0.224232
0.066599
0.344452
0.572961
0.353664
0.86794
0.212597
0.523326
0.115126
0.348257
0.231402
0.465437
0.947972
0.039261
0.465109
0.013822
0.040822
0.325969
0.159985
0.971314
0.20007
0.124014
0.580565
0.230549
0.3413
0.068997
0.49487
0.396521
0.017201
0.843013
0.629625
0.393484
0.799407
0.458624
0.696739
0.784521
0.302913
0.79584
0.209588
0.609911
0.345697
0.103546
0.791272
0.915508
0.600699
0.304459
0.130662
0.263512
0.548439
0.870372
0.271029
0.217895
0.719771
0.060182
0.226018
0.447251
0.983641
0.010275
0.760101
0.385696
0.890176
0.640555
0.713478
0.952433
0.599894
0.944438
0.750095
0.2155
0.869417
0.807275
0.381697
0.743807
0.76442
0.46259
0.434092
0.229558
0.543685
0.736675
0.552087
0.073771
0.343086
0.866243