128 4
0
19
31
72
107
1
29
54
56
109
2
51
74
96
125
3
34
46
68
81
4
14
31
115
120
5
7
36
102
110
5
6
19
23
119
7
11
45
83
84
2
8
15
91
119
7
9
47
100
116
10
13
20
108
116
11
58
100
117
122
3
12
57
69
119
13
41
59
83
111
14
40
85
93
123
12
15
53
118
124
7
16
24
101
106
17
29
41
44
90
18
22
61
73
85
19
52
85
99
118
20
49
52
65
86
2
3
21
57
62
0
9
22
57
109
3
23
47
92
110
24
31
58
86
102
25
43
81
102
120
4
9
26
76
108
27
34
36
108
117
12
28
69
100
120
0
29
60
77
110
14
30
32
71
79
11
31
89
92
102
32
41
45
46
83
33
82
83
110
122
17
34
63
65
121
15
35
86
119
123
9
36
55
72
81
37
48
57
108
114
3
17
38
92
104
18
26
39
61
95
18
20
34
40
77
31
41
42
95
98
27
40
42
60
76
2
38
43
62
81
11
22
44
61
107
38
45
79
88
90
39
46
73
85
91
28
36
43
47
89
6
10
48
109
114
49
73
92
100
107
50
61
83
104
111
19
51
55
76
99
5
24
52
55
94
16
53
59
68
69
35
54
83
95
127
25
28
42
55
113
44
56
70
98
125
49
57
66
113
123
2
4
32
58
69
3
8
59
103
109
11
26
43
60
80
37
41
61
82
124
2
29
50
62
93
56
57
62
63
77
18
55
64
75
115
21
28
52
65
104
41
66
87
95
102
17
67
76
96
127
13
36
68
88
127
55
69
80
101
124
9
70
88
113
118
57
71
100
118
125
27
72
87
91
125
6
8
47
73
82
72
74
103
105
120
53
63
75
87
101
8
20
76
79
85
64
66
77
86
97
59
78
99
108
126
32
52
65
79
116
47
64
68
80
116
41
48
63
69
81
2
7
73
82
100
44
51
72
83
121
9
62
63
84
127
3
21
85
86
90
31
52
63
67
86
24
37
74
76
87
8
16
36
88
116
2
57
78
89
98
7
23
90
124
127
6
62
71
87
91
11
14
26
35
92
45
55
73
93
110
5
25
36
94
111
17
55
95
96
99
64
66
67
87
96
12
54
56
76
97
62
89
94
98
110
18
43
53
62
99
38
94
100
104
114
5
11
36
74
101
16
46
60
81
102
37
64
88
96
103
45
54
64
93
104
0
47
81
105
126
47
62
82
106
124
30
48
97
107
126
25
60
106
108
115
14
28
60
69
109
0
52
61
81
110
24
37
96
111
121
31
108
109
112
114
2
15
48
113
116
30
44
54
110
114
66
69
84
101
115
0
63
64
86
116
2
4
44
111
117
56
68
110
111
118
13
15
56
76
119
13
55
74
113
120
15
17
68
77
121
19
48
52
115
122
49
68
99
109
123
29
92
122
123
124
3
28
77
124
125
44
60
66
109
126
2
57
73
86
127
0.484323
0.786077
0.042445
0.044601
0.995471
0.976359
0.699328
0.062769
0.707959
0.243764
0.495822
0.645936
0.860656
0.805541
0.080913
0.183781
0.547795
0.120185
0.473542
0.263929
0.939742
0.544383
0.129548
0.06547
0.208525
0.255659
0.419733
0.486745
0.067555
0.059249
0.070205
0.615188
0.899795
0.046786
0.370943
0.311421
0.188379
0.728215
0.047218
0.26609
0.602334
0.20061
0.849721
0.353931
0.36043
0.903228
0.671178
0.275185
0.588891
0.946686
0.921255
0.733331
0.870386
0.246449
0.450996
0.028182
0.211266
0.90553
0.735923
0.160387
0.486023
0.663168
0.488203
0.501422
0.059282
0.512392
0.666888
0.621272
0.902231
0.086981
0.457809
0.492299
0.090082
0.67747
0.379574
0.262436
0.070856
0.646262
0.673556
0.794209
0.308428
0.979417
0.694704
0.987117
0.413387
0.101172
0.531413
0.229508
0.139883
0.1351
0.919087
0.127527
0.624702
0.893017
0.67869
0.87769
0.473637
0.266012
0.706257
0.027131
0.350968
0.199976
0.720544
0.030188
0.211079
0.904093
0.247246
0.478174
0.633567
0.349773
0.45542
0.948544
0.037989
0.034371
0.187695
0.073271
0.469097
0.853525
0.688011
0.135814
0.731173
0.833247
0.680018
0.503094
0.169509
0.056011
0.060341
0.689058
0.119056
0.233506
0.858779
0.783489
0.775908
0.484822
0.033382
0.124552
0.720606
0.709653
0.785463
0.251907
0.592066
0.607937
0.922465
0.189914
0.592186
0.728333
0.725305
0.275322
0.136556
0.530954
0.417525
0.700472
0.302722
0.781367
0.783335
0.847342
0.755179
0.219846
0.276308
0.238907
0.583971
0.253518
0.583611
0.546883
0.816915
0.332879
0.154343
0.532393
0.893189
0.183217
0.473882
0.500447
0.263346
0.165836
0.304132
0.933552
0.226718
0.347897
0.043439
0.108627
0.337968
0.958964
0.989877
0.854357
0.144307
0.908216
0.398663
0.825373
0.257264
0.322867
0.304276
0.63688
0.485505
0.383231
0.826216
0.95299
0.083367
0.374729
0.56718
0.495227
0.909857
0.019188
0.039084
0.762915
0.561037
0.474076
0.379154
0.649711
0.706981
0.235838
0.189363
0.313974
0.410595
0.478396
0.053769
0.703736
0.775195
0.349092
0.728392
0.735029
0.6849
0.318001
0.237419
0.650174
0.652249
0.374006
0.371338
0.853245
0.386207
0.373661
0.642482
0.252714
0.190733
0.518542
0.744399
0.87365
0.792328
0.316957
0.672975
0.605598
0.641505
0.907104
0.673982
0.847684
0.847054
0.02615
0.223816
0.284129
0.605053
0.633513
0.569644
0.255817
0.045911
0.121461
0.62891
0.264191
0.710888
0.381035
0.46109
0.531814
0.110967
0.880309
0.123749
0.124169
0.636799
0.169007
0.80446
0.999841
0.023387
0.440697
0.753491
0.375147
0.320166
0.020965
0.431982
0.154557
0.914397
0.139259
0.649003
0.313768
0.236048
0.922088
0.904265
0.673066
0.037079
0.570553
0.835421
0.067887
0.277285
0.092312
0.76088
0.317593
0.686411
0.197559
0.856863
0.07878
0.214297
0.476143
0.759633
0.818568
0.786047
0.063785
0.755191
0.472832
0.48921
0.651746
0.099702
0.611128
0.306408
0.307851
0.199719
0.832
0.212839
0.267467
0.359493
0.112053
0.966732
0.25892
0.161508
0.942698
0.620413
0.631008
0.563029
0.998701
0.116946
0.726903
0.928867
0.166926
0.224758
0.732666
0.979602
0.594877
0.104748
0.750918
0.244193
0.775235
0.051733
0.895304
0.425892
0.04432
0.821217
0.72613
0.519965
0.530658
0.584202
0.397778
0.715755
0.070722
0.493108
0.028082
0.219478
0.429463
0.648683
0.933518
0.994782
0.562859
0.432529
0.588395
0.563904
0.536178
0.979394
0.68764
0.899861
0.729585
0.742104
0.023508
0.056572
0.369083
0.012957
0.669256
0.749503
0.337347
0.821261
0.34091
0.341504
0.358002
0.038966
0.001064
0.451518
0.251372
0.731101
0.648326
0.669889
0.490811
0.65761
0.999751
0.032728
0.804678
0.590568
0.808897
0.243855
0.843692
0.776623
0.957431
0.744352
0.133694
0.957392
0.677982
0.484714
0.710948
0.279361
0.121712
0.354784
0.841481
0.906296
0.482215
0.614615
0.660737
0.054434
0.078013
0.855397
0.228614
0.395358
0.719784
0.997831
0.355176
0.971128
0.988934
0.170339
0.508498
0.991609
0.880253
0.719683
0.898321
0.029481
0.721257
0.500516
0.367663
0.277716
0.116993
0.004383
0.383509
0.943944
0.497027
0.712664
0.563402
0.770908
0.203232
0.357205
0.486843
0.566761
0.61243
0.566515
0.117889
0.425197
0.662316
0.247149
0.804116
0.404868
0.318947
0.904674
0.842781
0.959544
0.778472
0.6561
0.512913
0.183445
0.194569
0.4372
0.24091
0.954072
0.918008
0.598557
0.092546
0.120243
0.820391
0.483963
0.92133
0.63084
0.590017
0.881963
0.8715
0.330244
0.572195
0.642767
0.11409
0.786488
0.621728
0.382896
0.599362
0.976491
0.479607
0.206591
0.938331
0.877181
0.293387
0.907505
0.456881
0.750254
0.247482
0.929117
0.784375
0.340393
0.844196
0.871746
0.025259
0.509208
0.568677
0.289988
0.804507
0.754896
0.640537
0.046852
0.412042
0.142606
0.739264
0.616142
0.658245
0.047507
0.082367
0.350035
0.962474
0.685673
0.322824
2e-06
0.029954
0.341325
0.267018
0.857868
0.069548
0.626911
0.690692
0.828918
0.457369
0.029878
0.804432
0.459093
0.567373
0.334671
0.673326
0.524498
0.997791
0.03587
0.925989
0.562315
0.776869
0.6769
0.981363
0.85438
0.084458
0.598842
0.876258
0.789018
0.786077
0.935566
0.957807
0.618107
0.813183
0.945462
0.830197
0.198642
0.308865
0.0344
0.341017
0.258782
0.251715
0.2034
0.111968
0.940868
0.194513
0.415694
0.161986
0.071046
0.117527
0.255661
0.058824
0.213704
0.270238
0.419727
0.428844
0.443322
0.775473
0.485429
0.865537
0.49543
0.114875
0.998886
0.778652
0.13879
0.05641
0.609975
0.168756
0.1009
0.005843
0.665816
0.556718
0.667058
0.325858
0.214527
0.27844
0.083685
0.573603
0.470771
0.915
0.344399
0.866665
0.465542
0.045363
0.864491
0.543874
0.810449
0.261838
0.718509
0.505854
0.796161
0.394238
0.428305
0.358314
0.382657
0.236075
0.172363
0.395661
0.504947
0.857295
0.758361
0.208755
0.955882
0.712937
0.103185
0.16758
0.373408
0.749399
0.549545
0.050135
0.120016
0.798721
0.999959
0.673943
0.060972
0.85905
0.921691
0.821979
0.205974
0.378396
0.58178
0.812939
0.634074
0.675235
0.240099
0.769327
0.978593
0.906816
0.335207
0.307266
0.785754
0.015935
0.707047
0.888476
0.908854
0.862489
0.076233
0.880878
0.334295
0.441521
0.758884
0.898525
0.614587
0.06528
0.625177
0.961886
0.690343
0.441854
0.603051
0.207866
0.369179
0.309889
0.385199
0.006329
0.883438
0.508609
0.742342
0.522194
0.673288
0.568581
0.1569
0.665312
0.929264
0.184064
0.348581
0.238375
0.350265
0.464028
0.785647
0.468216
0.911654
0.249945
0.233501
0.773405
0.975637
0.84213
0.674478
0.55165
0.495984
0.053555
0.962686
0.016046
0.125869
0.525321
0.84335
0.822404
0.355353
0.262163
0.553207
0.380562
0.551152
0.670106
0.721182
0.336769
0.590227
0.419893
0.837943
0.239831
0.12581
0.017463
0.088411
0.659384
0.155522
0.884579
0.63839
0.25328
0.423239
0.2593
0.429784
0.874267
0.42917
0.022284
0.077844
0.242401
0.24541
0.246594
0.469249
0.703937
0.367801
0.53681
0.367622
0.610092
0.017946
0.451062
0.758455
0.420247
0.810345
0.021296
0.512117
0.145326
0.70583
0.934631
0.827779
0.785914
0.941658
0.024801
0.284922
0.250176
0.93998
0.019263
0.551441
0.400564
0.071544
0.833227
0.448996
0.256914
0.573293
0.963546
0.777551
0.887076
0.005533
0.547082
0.148621
0.687836
0.85105
0.109475
0.859281
0.625082
0.349255
0.616882
0.376267
0.367118
0.596057
0.203393
0.781707
0.45552
0.180879
0.890486
0.230746
0.214768
0.713371
0.377694
0.416936
0.307819
0.418298
0.766719
0.639745
0.682428
0.630583
0.737063
0.778376
0.811485
0.814023
0.468226
0.235039
0.293836
0.367666
0.173707
0.860877
0.747034
0.662039
0.905733
0.787097
0.192511
0.044523
0.285205
0.515116
0.277883
0.938425
0.201933
0.253895
0.392351
0.35666
0.490967
0.772585
0.07808
0.483159
0.377243
0.67097
0.69383
0.269548
0.089713
0.847982
0.248355
0.159719
0.361771
0.682455
0.565693
0.738973
0.24497
0.004514
0.530923
0.270141
0.187493
0.165642
0.716808
0.710601
0.32204
0.2668
0.336471
0.562378
0.851813
0.576836
0.559318
0.025059
0.399901
0.719708
0.562883
0.92564
0.298432
0.942698
0.363295
0.476113
0.703531
0.143192
0.828426
0.024854
0.634182
0.426778
0.667821
0.358485
0.642853
0.886631
0.383545
0.991901
0.610222
0.640433
0.124266
0.635914
0.70957
0.449179
0.057734
0.250903
0.594245
0.719723
0.89172
0.764416
0.148721
0.77744
0.005435
0.352308
0.763782
0.349321
0.236583
0.492487
0.823117
0.871929
0.712881
0.212668
0.20699
0.101371
0.03546
0.85948
0.835041
0.856555
0.864001
0.177307
0.464048
0.226881
0.011323
0.872587
0.601583
0.124984
0.709754
0.262244
0.982559
0.628334
0.351662
0.168763
0.006698
0.548904
0.205159
0.338076
0.399287
0.603344
0.115942
0.529604
0.549833
0.916618
0.268981
0.382192
0.888283
0.094374
0.631178
0.591408
0.517772
0.138799
0.845469
0.453468
0.367359
0.33975
0.46054
0.047617
0.164424
0.253357
0.194899
0.023412
0.10176
0.234634
0.48097
0.810016
0.01732
0.793391
0.564639
0.728586
0.623507
0.488647
0.583741
0.519139
0.164224
0.167123
0.905951
0.980629
0.800561
0.477783
0.14921
0.004043
0.78762
0.904657
0.470711
0.52853
0.364086
0.189538
0.451201
0.716529
0.091501
0.612889
0.4611
0.166687
0.708457
0.279779
0.992443
0.736639
0.373599
0.202827
0.102282
0.819947
0.398244
0.117972
0.637874
0.790631
0.109206
0.307372
0.957957
0.392238
0.737696
0.770881
0.109635
0.172645
0.110093
0.11201
0.372346
0.61881
0.29978
0.613064
0.369849
0.698506
0.533193
0.114663
0.784408
0.944963
0.999254
0.972572
0.294267
0.432376
0.861579
0.05179
0.933322
0.100119
0.411752
0.348212
0.54331
0.746226
0.833392
0.703532
0.980522
0.441751
0.090626
0.887151
0.21794
0.994767
0.747737
0.358651
0.056821
0.21336
0.246137
0.226178
0.759909
0.767936
0.149457
0.95889
0.207271
0.104795
0.654027
0.414413
0.827311
0.06762
0.312458
0.995217
0.178632
0.725299
0.10608
0.543452
0.735671
0.721996
0.486918
0.90323
0.995006
0.236828
0.491648
0.415719
0.819472
0.022318
0.325474
0.478694
0.173397
0.11086
0.607889
0.792029
0.76133
0.226071
0.260252
0.521691
0.350257
0.120535
0.729026
0.82524
0.846882
0.340436
0.804225
0.95337
0.394804
0.344902
0.171992
0.989289
0.566821
0.722441
0.686382
0.888769
0.411397
0.439492
0.745568
0.467075
0.35521
0.67487
0.317615
0.161716
0.660506
0.1342
0.797729
0.8304
0.795998
0.94589
0.531546
0.30332
0.516186
0.179528
0.431612
0.053464
0.953749
0.87698
0.488993
0.434085
0.634374
0.001879
0.702889
0.488005
0.536871
0.891465
0.437719
0.089523
0.337554
0.450615
0.979469
0.610871
0.320242
0.812894
0.853828
0.017662
0.033723
0.093701
0.031873
0.437739
0.531654
0.719959
0.147553
0.392944
0.426367
0.42693
0.245005
0.428547
0.943795
0.267978
0.48057
0.840106
0.089509
0.561727
0.99076
0.275009
0.580507
0.943875
0.101938
0.713993
0.637063
0.670113
0.046339
0.031328
0.254794
0.709363
0.358932
0.661087
0.755894
0.089736
0.879521
0.386294
0.282622
0.659481
0.842197
0.242674
0.75259
0.557625
0.723273
0.586476
0.066117
0.364725
0.863179
0.288817
0.058803
0.387889
0.448014
0.954106
0.597398
0.965463
0.965052
0.69719
0.258605
0.568617
0.777012
0.833924
0.623021
0.275339
0.702944
0.320282
0.107885
0.502891
0.418769
0.228605
0.477572
0.158918
0.183269
0.778952
0.594881
0.929502
0.301055
0.061492
0.653352
0.346682
0.019588
0.598605
0.544307
0.084489
0.947803
0.421002
0.622616
0.867381
0.282286
0.562431
0.163962
0.641688
0.89441
0.93712
0.289585
0.201456
0.996713
0.223956
0.780143
0.121817
0.402809
0.840861
0.976291
0.538381
0.0431
0.163746
0.125393
0.717628
0.606615
0.877711
0.568289
0.163551
0.932736
0.982977
0.036465
0.041323
0.662625
0.032214
0.469617
0.419754
0.52488
0.800834
0.772302
0.11471
0.779678
0.913177
0.956823
0.480579
0.751122
0.109452
0.414163
0.61298
0.534268
0.861362
0.923676
0.752194
0.870351
0.045379
0.230872
0.249521
0.653954
0.0981
0.505691
0.194599
0.845471
0.339085
0.792763
0.088471
0.432387
0.170534
0.179449
0.323975
0.761336
0.03824
0.242552
0.607889
0.008109
0.565401
0.886085
0.441462
0.298206
0.042671
0.902015
0.90298
0.509765
0.213071
0.34783
0.578807
0.097612
0.445527
0.733
0.767492
0.214653
0.350651
0.228249
0.501383
0.352543
0.362149
0.076928
0.974095
0.681285
0.289924
0.491226
0.86751
0.934301
0.744976
0.945144
0.772292
0.560179
0.993074
0.010103
0.540904
0.005089
0.466289
0.163564
0.590346
0.467808
0.759339
0.309079
0.136728
0.949622
0.697556
0.636419
0.827304
0.634062
0.152801
0.284536
0.926799
0.106263
0.215039
0.03649
0.119576
0.450004
0.416741
0.90668
0.9782
0.144511
0.333785
0.176669
0.682688
0.805348
0.442578
0.991152
0.319441
0.583677
0.36192
0.606256
0.910457
0.216999
0.384303
0.606314
0.353011
0.104513
0.634169
0.723826
0.028061
0.394517
0.481145
0.045904
0.862928
0.205584
0.28857
0.539237
0.868182
0.239399
0.893901
0.492557
0.182384
0.187396
0.820224
0.49822
0.087609
0.628151
0.662834
0.498471
0.801216
0.83392
0.409076
0.322563
0.075489
0.832785
0.580132
0.718881
0.071115
0.902931
0.069622
0.163066
0.408346
0.036799
0.097226
0.57945
0.368892
0.790302
0.804251
0.944047
0.57141
0.782579
0.424545
0.994134
0.607724
0.001114
0.220517
0.376791
0.179916
0.096007
0.885903
0.073448
0.683738
0.63254
0.852343
0.701699
0.803783
0.079303
0.080962
0.329821
0.150314
0.213855
0.428836
0.64589
0.084684
0.316269
0.400741
0.957234
0.576635
0.265776
0.454004
0.874436
0.326437
0.646663
0.635054
0.080219
0.110222
0.885193
0.973381
0.583512
0.964419
0.598078
0.715726
0.467465
0.647125
0.998567
0.843118
0.226869
0.320897
0.450449
0.90719
0.856935
0.10211
0.461495
0.38342
0.182173
0.729984
0.575343
0.587758
0.319855
0.635433
0.521294
0.262038
0.771087
0.289011
0.546742
0.514918
0.496728
0.587755
0.476039
0.900003
0.221642
0.663686
0.75622
0.18421
0.455175
0.107283
0.631089
0.287187
0.963928
0.013693
0.46448
0.16265
0.476472
0.882849
0.144613
0.084645
0.640857
0.290322
0.470862
0.104716
0.646783
0.046943
0.961341
0.680483
0.346614
0.901043
0.95537
0.364714
0.869361
0.968195
0.116033
0.776568
0.221745
0.61941
0.465457
0.386511
0.075431
0.232904
0.901189
0.483427
0.373312
0.276107
0.970309
0.307804
0.234057
0.321273
0.578152
0.72646
0.005684
0.348646
0.098603
0.92846
0.768826
0.743298
0.635624
0.175835
0.196477
0.650512
0.831944
0.111062
0.780928
0.245621
0.502672
0.046343
0.222905
0.821792
0.120175
0.254684
0.88885
0.220885
0.950339
0.997436
0.410459
0.467075
0.756682
0.899521
0.384962
0.409445
0.097234
0.628133
0.042115
0.617947
0.98493
0.6628
0.083684
0.55282
0.710526
0.501027
0.425737
0.44297
0.903985
0.342171
0.934567
0.803603
0.61143
0.934129
0.262188
0.561687
0.443482
0.805793
0.278662
0.039721
0.038475
0.228365
0.079916
0.913941
0.287569
0.298629
0.853407
0.362946
0.371148
0.772933
0.857175
0.014506
0.588098
0.355434
0.128508
0.907779
0.140269
0.448272
0.954456
0.998294
0.634218
0.990198
0.230432
0.932137
0.281964
0.302757
0.94363
0.02927
0.130634
0.94254
0.674449
0.776056
0.427235
0.396599
0.020134
0.14181
0.617441
0.385829
0.096311
0.778683
0.773513
0.402882
0.188717
0.781919
0.614332
0.932869
0.387733
0.057703
0.057193
0.391092
0.86627
0.11126
0.969899
0.272971
0.643543
0.65996
0.913737
0.623393
0.812834
0.832503
0.909236
0.858045
0.32772
0.985642
0.669262
0.143036
0.393353
0.261091
0.631009
0.984311
0.023651
0.436359
0.292435
0.116734
0.417797
0.346277
0.01585
0.877064
0.056714
0.481776
0.359459
0.288533
0.147172
0.241841
0.214019
0.78406
0.573686
0.497126
0.029938
0.321713
0.57045
0.800291
0.521221
0.88402
0.414904
0.300241
0.143243
0.931165
0.825067
0.529264
0.384218
0.849648
0.170985
0.883854
0.674559
0.440111
0.100014
0.779108
0.113795
0.927283
0.928223
0.601322
0.417844
0.60991
0.488039
0.705912
0.308121
0.225471
0.284244
0.163819
0.343859
0.366737
0.980527
0.563768
0.300168
0.845545
0.798504
0.651623
0.207221
0.427781
0.561908
0.126909
0.173703
0.929146
0.756316
0.407304
0.718014
0.538722
0.301402
0.511555
0.297456
0.131527
0.121727
0.08929
0.420248
0.591513
0.24363
0.019458
0.630568
0.278486
0.716176
0.328419
0.911107
0.942364
0.004003
0.912695
0.21453
0.901502
0.039153
0.957427
0.346993
0.585413
0.377995
0.646632
0.457054
0.379969
0.372172
0.640257
0.373257
0.242322
0.153465
0.450108
0.962037
0.988955
0.979536
0.207189
0.526264
0.00574
0.427971
0.288583
0.553
0.71339
0.388558
0.421806
0.775006
0.945727
0.527984
0.9623
0.887197
0.942354
0.612155
0.202739
0.527639
0.719046
0.562176
0.822086
0.677143
0.546634
0.590576
0.716774
0.81116
0.353694
0.334439
0.550893
0.385749
0.41993
0.131322
0.73636
0.608777
0.836162
0.159813
0.297457
0.698167
0.563139
0.69775
0.335455
0.017134
0.552626
0.949354
0.248887
0.058272
0.888173
0.105616
0.676638
0.213713
0.645469
0.693533
0.056189
0.385512
0.433729
0.352276
0.933115
0.238357
0.650556
0.208371
0.240438
0.903121
0.044501
0.845343
0.282847
0.723945
0.41061
0.620613
0.619153
0.37027
0.778354
0.572736
0.688226
0.190986
0.459157
0.962897
0.800042
0.567338
0.571306
0.151702
0.968874
0.885836
0.824128
0.725517
0.048554
0.134704
0.995394
0.163422
0.065029
0.065947
0.68761
0.694354
0.333746
0.969886
0.117103
0.454656
0.298105
0.017486
0.45813
0.273349
0.441481
0.612819
0.661939
0.526514
0.491821
0.369356
0.89893
0.83138
0.689902
0.396472
0.195274
0.060505
0.711441
0.525597
0.286958
0.894681
0.011666
0.066768
0.927495
0.920836
0.190667
0.592
0.939994
0.228429
0.632076
0.992143
0.906741
0.861662
0.572817
0.822001
0.843484
0.249991
0.671907
0.549185
0.391084
0.785867
0.186771
0.511475
0.268309
0.868572
0.026265
0.677347
0.867114
0.494354
0.922142
0.552168
0.601323
0.701823
0.201617
0.484297
0.124011
0.634735
0.025336
0.786352
0.19063
0.513811
0.249092
0.703227
0.957481
0.823459
0.755635
0.09077
0.496902
0.150303
0.97062
0.620441
0.784502
0.480067
0.652124
0.916177
0.206086
0.647162
0.09507
0.840667
0.724533
0.6182
0.403393
0.910416
0.200507
0.202382
0.630713
0.578468
0.613927
0.332452
0.427857
0.174404
0.739194
0.960375
0.084074
0.958205
0.767903
0.960367
0.155185
0.568196
0.325723
0.712851
0.112049
0.99993
0.816529
0.089883
0.722362
0.986052
0.238685
0.033798
0.9462
0.507556
0.794863
0.385841
0.311423
0.944114
0.732605
0.307765
0.126752
0.210103
0.644492
0.470769
0.920078
0.087904
0.544331
0.842676
0.333456
0.381435
0.200668
0.233076
0.149945
0.856008
0.584861
0.498161
0.842871
0.779438
0.48502
0.471735
0.607715
0.689393
0.743493
0.140715
0.709413
0.80659
0.212483
0.85401
0.761753
0.657824
0.822943
0.719223
0.892213
0.208839
0.296671
0.688667
0.243185
0.220074
0.94612
0.068329
0.565521
0.29969
0.435989
0.433129
0.849983
0.228802
0.040111
0.438781
0.320868
0.096637
0.289969
0.196698
0.991982
0.553156
0.000115
0.86929
0.02445
0.979269
0.549194
0.242442
0.322082
0.688748
0.224506
0.175169
0.884069
0.991086
0.690263
0.769457
0.860391
0.750153
0.539799
0.307444
0.528266
0.644027
0.455414
0.135263
0.498354
0.10953
0.159483
0.389082
0.631858
0.128095
0.610962
0.565181
0.366475
0.910193
0.236263
0.579189
0.739601
0.892491
0.709459
0.27772
0.368684
0.606147
0.669088
0.06017
0.02174
0.284638
0.226855
0.64053
0.204325
0.29347
0.652045
0.090138
0.941588
0.224226
0.440299
0.134356
0.440117
0.015252
0.526655
0.334046
0.315483
0.459324
0.840105
0.396146
0.449793
0.464799
0.989422
0.098623
0.23747
0.825383
0.43793
0.792913
0.309747
0.090307
0.29578
0.858675
0.20216
0.082625
0.239778
0.050903
0.557459
0.674884
0.20207
0.899722
0.312692
0.07031
0.323235
0.101961
0.935228
0.494794
0.005209
0.376047
0.976234
0.892017
0.646317
0.645065
0.37888
0.473714
0.103316
0.662467
0.803802
0.509853
0.368389
0.461343
0.488114
0.555316
0.021467
0.241424
0.747721
0.219482
0.676707
0.128113
0.855409
0.887254
0.635443
0.948176
0.605378
0.202398
0.43102
0.54177
0.139111
0.305522
0.858745
0.563818
0.504422
0.420841
0.692532
0.598125
0.537359
0.054868
0.260563
0.932224
0.379713
0.080034
0.594522
0.009527
0.582576
0.723836
0.0826
0.685613
0.937296
0.784674
0.994568
0.930156
0.110036
0.700527
0.116482
0.862974
0.174829
0.907161
0.44241
0.695093
0.601204
0.033567
0.272166
0.952343
0.593852
0.421474
0.183478
0.840023
0.637413
0.012206
0.898016
0.040717
0.608249
0.016994
0.559587
0.607125
0.332886
0.793243
0.745656
0.805308
0.001547
0.162609
0.2431
0.62545
0.077868
0.849082
0.226105
0.525368
0.090704
0.121555
0.172957
0.884144
0.729832
0.732266
0.389456
0.423982
0.082401
0.817726
0.044125
0.104946
0.655423
0.084323
0.901634
0.991192
0.592701
0.983733
0.354608
0.497432
0.03488
0.688283
0.865562
0.177954
0.793284
0.526784
0.285328
0.245347
0.701503
0.694893
0.842543
0.328372
0.260099
0.116476
0.493599
0.944877
0.944212
0.220419
0.929413
0.243763
0.062473
0.946956
0.274804
0.248952
0.376641
0.959717
0.573372
0.094109
0.151519
0.281947
0.325327
0.015792
0.67085
0.451022
0.62302
0.433252
0.634362
0.518178
0.198002
0.31708
0.719932
0.214257
0.68234
0.736823
0.423021
0.084074
0.729839
0.274564
0.972143
0.72455
0.110874
0.907697
0.787486
0.544955
0.545433
0.746184
0.936907
0.129659
0.120159
0.816606
0.037314
0.430278
0.183364
0.410851
0.80865
0.759703
0.883028
0.969627
0.972429
0.799001
0.46776
0.294891
0.684956
0.553503
0.932641
0.910589
0.659334
0.92237
0.413854
0.67172
0.471605
0.297189
0.543256
0.389346
0.034264
0.038745
0.313948
0.558832
0.274427
0.281615
0.628591
0.002968
0.419547
0.600449
0.28227
0.188306
0.666041
0.329445
0.050986
0.528825
0.625736
0.245776
0.302006
0.946702
0.021609
0.175494
0.975976
0.312634
0.50285
0.575629
0.374522
0.180297
0.014272
0.786528
0.813006
0.610226
0.177714
0.004003
0.934972
0.199898
0.286904
0.993342
0.41639
0.711223
0.050428
0.336297
0.818081
0.723684
0.54169
0.25043
0.261916
0.743431
0.19987
0.220314
0.578618
0.429777
0.970279
0.984601
0.572875
0.401645
0.642999
0.532398
0.545645
0.900241
0.023342
0.389682
0.386501
0.240703
0.254192
0.820568
0.84226
0.073567
0.061943
0.886577
0.112527
0.790135
0.975533
0.553207
0.339995
0.868562
0.517903
0.908159
0.052622
0.63677
0.422385
0.743837
0.440541
0.568124
0.07225
0.163252
0.157539
0.750621
0.746572
0.497762
0.451129
0.785992
0.975565
0.862835
0.408819
0.876262
0.519301
0.022021
0.585127
0.844511
0.107039
0.201828
0.697307
0.460999
0.648569
0.862043
0.994581
0.637142
0.857654
0.030175
0.720087
0.973385
0.580871
0.255857
0.175174
0.057986
0.172012
0.303679
0.800062
0.015624
0.752035
0.665991
0.811579
0.790406
0.327008
0.102802
0.452357
0.434389
0.78015
0.447014
0.056796
0.972945
0.411015
0.666784
0.546533
0.273852
0.325242
0.549395
0.449279
0.62261
0.168633
0.990647
0.301044
0.851783
0.748063
0.425096
0.314858
0.099162
0.229492
0.510924
0.538452
0.324973
0.811316
0.440686
0.047177
0.141652
0.837234
0.215018
0.067867
0.646961
0.664441
0.883792
0.418433
0.601532
0.693994
0.989211
0.976694
0.206723
0.186008
0.327155
0.007081
0.587112
0.439313
0.383206
0.689194
0.966095
0.769477
0.848863
0.092716
0.701119
0.688511
0.956578
0.654893
0.127137
0.2759
0.788952
0.986461
0.280927
0.118466
0.765767
0.478759
0.807551
0.688091
0.72741
0.180258
0.181213
0.993334
0.121978
0.388383
0.783807
0.76369
0.259513
0.824737
0.014944
0.410263
0.356272
0.913889
0.883461
0.743666
0.072104
0.250038
0.60359
0.459748
0.279281
0.631965
0.664892
0.508573
0.102684
0.690785
0.573742
0.826954
0.342976
0.636005
0.037709
0.574117
0.986242
0.865285
0.494264
0.661351
0.54442
0.055795
0.832834
0.051808
0.72434
0.094671
0.867688
0.946025
0.846124
0.254624
0.708249
0.434115
0.511219
0.51261
0.242631
0.559455
0.212721
0.621491
0.841386
0.716292
0.931268
0.930079
0.691081
0.900142
0.297617
0.393665
0.355531
0.051618
0.093308
0.602885
0.84319
0.657929
0.164704
0.073534
0.61863
0.380882
0.024942
0.464424
0.363529
0.038597
0.112553
0.869545
0.04994
0.702192
0.494464
0.769589
0.036316
0.566565
0.47182
0.760026
0.818546
0.199073
0.958626
0.21839
0.737019
0.584623
0.06417
0.510197
0.919384
0.380652
0.070843
0.685079
0.594644
0.001886
0.021479
0.681341
0.923759
0.870084
0.222072
0.663969
0.955056
0.643683
0.008453
0.091616
0.587852
0.60286
0.926762
0.506182
0.865442
0.093444
0.633733
0.441064
0.602301
0.750247
0.67357
0.260977
0.559336
0.18256
0.437747
0.117225
0.944815
0.087098
0.557301
0.421771
0.716426
0.106087
0.217186
0.207103
0.971326
0.652395
0.50826
0.651693
0.971505
0.163453
0.312496
0.721617
0.475338
0.964209
0.028427
0.432601
0.765751
0.293048
0.193368
0.766277
0.05524
0.300811
0.267131
0.499769
0.35196
0.143414
0.496987
0.851665
0.371523
0.194161
0.838694
0.838407
0.481456
0.720678
0.758688
0.354975
0.745581
0.71421
0.247806
0.461018
0.023351
0.762087
0.342604
0.81272
0.551737
0.551967
0.702311
0.853173
0.31176
0.075124
0.006857
0.928287
0.112053
0.320234
0.675909
0.513
0.358177
0.570643
0.843199
0.364553
0.000971
0.934994
0.754564
0.908636
0.849177
0.001125
0.476565
0.102784
0.901214
0.121157
0.534488
0.002371
0.656432
0.084637
0.89576
0.039453
0.236838
0.826414
0.264812
0.976467
0.753065
0.774415
0.581256
0.61342
0.890602
0.197306
0.814916
0.870547
0.848034
0.357195
0.689795
0.577872
0.544129
0.481279
0.877075
0.860728
0.59422
0.064709
0.53349
0.02904
0.478244
0.192502
0.209044
0.923914
0.964156
0.609435
0.090928
0.664032
0.893656
0.50439
0.433835
0.560649
0.160936
0.19884
0.381489
0.748902
0.827084
0.303762
0.049735
0.343205
0.685971
0.81332
0.490472
0.089211
0.316414
0.461817
0.026943
0.636886
0.128309
0.554727
0.829202
0.061401
0.740461
0.951607
0.407625
0.148353
0.648545
0.423916
0.438986
0.240429
0.194446
0.472841
0.094452
0.342027
0.340266
0.267339
0.913111
0.641456
0.868264
0.782253
0.739146
0.49216
0.637021
0.963501
0.434484
0.515444
0.833813
0.765691
0.671995
0.646585
0.466885
0.645371
0.960584
0.051374
0.159494
0.376117
0.269168
0.095403
0.289825
0.751527
0.044415
0.080336
0.922524
0.112952
0.001952
0.960865
0.361942
0.84191
0.37926
0.404595
0.683562
0.582786
0.236338
0.221107
0.042197
0.494934
0.82406
0.566245
0.355417
0.502379
0.842799
0.040657
0.640978
0.600372
0.476987
0.147203
0.50865
0.152667
0.217515
0.922549
0.836846
0.448648
0.609103
0.722646
0.222611
0.967943
0.385094
0.242784
0.837214
0.579514
0.570854
0.887247
0.2978
0.233273
0.850583
0.997226
0.239336
0.817929
0.928019
0.306232
0.585554
0.000747
0.838766
0.931613
0.57452
0.178504
0.386265
0.704619
0.041068
0.280582
0.460253
0.806581
0.21035
0.956566
0.795393
0.4187
0.711135
0.452906
0.155338
0.281616
0.370993
0.833389
0.434458
0.688654
0.014303
0.707048
0.18051
0.539645
0.459036
0.610405
0.061293
0.357589
0.953732
0.167301
0.420166
0.53836
0.993486
0.312264
0.038225
0.375034
0.609046
0.102242
0.216181
0.565095
0.292954
0.553231
0.444837
0.217506
0.941216
0.97908
0.551224
0.443693
0.933379
0.265622
0.790103
0.278231
0.797571
0.00238
0.698273
0.011844
0.507154
0.750851
0.530837
0.413739
0.362214
0.593697
0.069611
0.089264
0.374518
0.251026
0.187179
0.586444
0.930406
0.977385
0.2267
0.236254
0.197879
0.354483
0.80916
0.229257
0.852396
0.77718
0.002161
0.943191
0.263264
0.75841
0.58828
0.629112
0.675878
0.274613
0.143334
0.965956
0.92456
0.142959
0.379106
0.08008
0.478751
0.792917
0.125054
0.744512
0.443868
0.718869
0.817659
0.491597
0.454904
0.581193
0.029489
0.615981
0.908191
0.069006
0.931283
0.985418
0.496005
0.636412
0.706007
0.81738
0.437839
0.636243
0.272598
0.771367
0.746498
0.650127
0.730911
0.543758
0.309694
0.028345
0.832005
0.455986
0.034151
0.510452
0.235384
0.821073
0.131929
0.367836
0.932912
0.492577
0.461537
0.196502
0.165362
0.188582
0.969378
0.255735
0.444925
0.382654
0.510106
0.926028
0.882284
0.998849
0.759124
0.558002
0.662073
0.95197
0.442036
0.115367
0.449096
0.254272
0.67974
0.616416
0.477502
0.627054
0.179804
0.983966
0.979926
0.86185
0.884363
0.733687
0.708405
0.286529
0.979765
0.48056
0.276036
0.107314
0.292085
0.193989
0.831599
0.09258
0.045347
0.082647
0.870607
0.757301
0.172101
0.272952
0.168749
0.67119
0.42681
0.054734
0.955694
0.181736
0.717712
0.193825
0.649227
0.9788
0.051141
0.130804
0.384392
0.901581
0.63773
0.440024
0.375826
0.654662
0.077695
0.455536
0.563112
0.44819
0.456315
0.927586
0.916444
0.849091
0.312835
0.659028
0.14799
0.144966
0.05766
0.307537
0.408369
0.500323
0.917562
0.71595
0.776261
0.320467
0.042484
0.801285
0.343606
0.554838
0.548875
0.741308
0.932163
0.31273
0.373951
0.673373
0.018607
0.2713
0.572481
0.264014
0.276062
0.397017
0.938831
0.058001
0.17323
0.179588
0.480153
0.511203
0.945852
0.142669
0.312257
0.413596
0.610937
0.979601
0.822806
0.515257
0.288369
0.405959
0.627284
0.269288
0.636935
0.79738
0.08781
0.076687
0.704537
0.640013
0.468191
0.274728
0.420533
0.692734
0.069952
0.577961
0.427946
0.790555
0.5388
0.108468
0.371176
0.717915
0.64806
0.610395
0.154735
0.115579
0.631072
0.631057
0.168777
0.323844
0.491434
0.738838
0.259126
0.103689
0.165971
0.154527
0.17833
0.94981
0.940577
0.245397
0.054699
0.891126
0.446966
0.44614
0.034546
0.645687
0.787543
0.81431
0.295514
0.152108
0.541318
0.739852
0.282955
0.507416
0.420298
0.299651
0.198416
0.452952
0.429668
0.873879
0.264952
0.619609
0.653437
0.470149
0.578144
0.36681
0.019301
0.246269
0.876076
0.971517
0.144622
0.232759
0.26281
0.907597
0.822326
0.906423
0.323749
0.164353
0.303144
0.646517
0.12162
0.141617
0.935753
0.218403
0.689788
0.950698
0.041014
0.525781
0.821761
0.219519
0.131733
0.683943
0.430389
0.887584
0.379646
0.302564
0.246466
0.713012
0.703169
0.943976
0.035585
0.683674
0.456445
0.104975
0.624171
0.983303
0.28656
0.85686
0.43421
0.533123
0.179066
0.018493
0.672043
0.824211
0.63642
0.232321
0.989164
0.828213
0.125703
0.999287
0.390249
0.576618
0.608189
0.662119
0.146831
0.48919
0.317946
0.377915
0.158983
0.3604
0.190955
0.615355
0.053881
0.962235
0.576587
0.229691
0.682072
0.769858
0.042155
0.315365
0.74054
0.533492
0.387356
0.026103
0.790868
0.938643
0.835198
0.555744
0.59707
0.380017
0.049779
0.848987
0.818869
0.545533
0.348579
0.168256
0.868639
0.516286
0.338851
0.565566
0.988781
0.848007
0.618918
0.071405
0.482732
0.150448
0.368563
0.074696
0.012537
0.653868
0.443799
0.745642
0.735257
0.12704
0.663859
0.656102
0.87428
0.492509
0.710115
0.706806
0.315676
0.076101
0.648717
0.571478
0.878496
0.399144
0.034225
0.311778
0.0052
0.119618
0.918017
0.52073
0.165833
0.95826
0.25005
0.847235
0.415313
0.236059
0.375326
0.196781
0.333791
0.940312
0.164723
0.290639
0.745242
0.272612
0.424452
0.103241
0.336237
0.062275
0.882277
0.201734
0.096011
0.366287
0.014604
0.721512
0.230624
0.156435
0.539621
0.540695
0.177158
0.600617
0.18938
0.214289
0.655619
0.837189
0.806566
0.965695
0.401559
0.358827
0.176474
0.110655
0.64131
0.958456
0.434876
0.511522
0.695685
0.733215
0.401881
0.063901
0.440824
0.151552
0.813786
0.167908
0.44528
0.928738
0.244564
0.460531
0.15292
0.980314
0.36152
0.861564
0.333097
0.459782
0.739941
0.738795
0.25633
0.118986
0.420986
0.801402
0.331097
0.191263
0.484298
0.361804
0.8199
0.98606
0.698086
0.026544
0.530118
0.17672
0.832944
0.183037
0.828772
0.713182
0.778124
0.774557
0.038131
0.710196
0.17427
0.942294
0.60562
0.560103
0.912985
0.128525
0.795993
0.061666
0.91807
0.574316
0.311601
0.178307
0.227253
0.837679
0.981835
0.705148
0.134926
0.761469
0.437712
0.648093
0.292288
0.667712
0.413756
0.69103
0.613463
0.98878
0.640109
0.687112
0.232103
0.079112
0.451686
0.874722
0.780274
0.235312
0.950658
0.072072
0.182491
0.437462
0.567501
0.568559
0.815867
0.055312
0.502426
0.61447
0.847071
0.170754
0.999432
0.6464
0.99409
0.087986
0.683407
0.219742
0.16733
0.543307
0.022735
0.299468
0.989066
0.620425
0.709323
0.283681
0.475015
0.121694
0.052823
0.290897
0.843013
0.022581
0.874304
0.126882
0.038332
0.370654
0.703682
0.86016
0.057947
0.806569
0.166161
0.697406
0.839997
0.195889
0.623842
0.020939
0.4334
0.967432
0.518587
0.568219
0.26206
0.426634
0.036457
0.539677
0.367015
0.306904
0.741839
0.571071
0.330213
0.82941
0.25393
0.13918
0.318786
0.731729
0.459386
0.076293
0.710902
0.398268
0.051675
0.849581
0.022488
0.553892
0.684845
0.690503
0.308189
0.03491
0.648882
0.293045
0.389949
0.840712
0.8854
0.416924
0.688271
0.775005
0.822618
0.261631
0.69642
0.842639
0.265751
0.738311
0.085271
0.270097
0.734693
0.567316
0.966986
0.209659
0.012183
0.153559
0.349555
0.357682
0.80196
0.912812
0.679564
0.596952
0.872326
0.203576
0.862064
0.702432
0.940492
0.501744
0.149139
0.032
0.507527
0.635743
0.786509
0.186104
0.683712
0.880136
0.687785
0.31097
0.090503
0.656768
0.687186
0.064353
0.381671
0.665137
0.127549
0.854966
0.965303
0.808196
0.633816
0.273577
0.929269
0.440013
0.983256
0.773415
0.592484
0.08652
0.288135
0.562973
0.716347
0.598918
0.250898
0.04537
0.380812
0.783746
0.092791
0.949777
0.428635
0.100659
0.372275
0.247424
0.264437
0.306244
0.789049
0.700786
0.116469
0.735634
0.082144
0.102349
0.72654
0.971355
0.063734
0.367623
0.6105
0.602833
0.359011
0.90447
0.398913
0.396538
0.074055
0.261462
0.3764
0.965382
0.036101
0.286179
0.417619
0.504353
0.238958
0.517105
0.226304
0.666476
0.055316
0.841532
0.165509
0.020351
0.61849
0.247828
0.855905
0.890899
0.732352
0.950375
0.093357
0.944619
0.75124
0.195019
0.023165
0.405225
0.675907
0.410416
0.122948
0.415433
0.604797
0.207214
0.214019
0.456522
0.794338
0.948693
0.799034
0.873926
0.111299
0.538788
0.564304
0.3449
0.2068
0.981806
0.02165
0.055615
0.739765
0.733319
0.360657
0.428126
0.347193
0.909299
0.461742
0.623195
0.049329
0.497973
0.352221
0.149225
0.367307
0.703239
0.910903
0.552481
0.36856
0.943737
0.450502
0.370605
0.314164
0.476435
0.236835
0.742764
0.688978
0.43798
0.109671
0.946057
0.618429
0.69743
0.867181
0.415718
0.593552
0.001105
0.857057
0.25317
0.77212
0.636471
0.662619
0.517962
0.519481
0.526201
0.984337
0.398116
0.714383
0.893736
0.604703
0.513552
0.521363
0.846149
0.148481
0.554611
0.379308
0.983043
0.479898
0.923157
0.160418
0.381246
0.802278
0.18752
0.927937
0.212608
0.23607
0.135441
0.85289
0.749661
0.744785
0.128533
0.266699
0.964682
0.420336
0.709326
0.435232
0.499222
0.323949
0.122179
0.659405
0.002468
0.107939
0.649357
0.954907
0.593025
0.227768
0.861584
0.172605
0.831773
0.511856
0.339699
0.741619
0.499842
0.212689
0.529577
0.229365
0.706802
0.428634
0.837833
0.052469
0.556736
0.409253
0.662771
0.382529
0.301949
0.809857
0.14771
0.174584
0.742952
0.867408
0.131018
0.389767
0.120575
0.451058
0.601997
0.305989
0.250085
0.957689
0.532291
0.377248
0.296106
0.820613
0.579933
0.308164
0.383554
0.042473
0.562153
0.462586
0.182364
0.43783
0.786521
0.785369
0.10157
0.344699
0.833722
0.317466
0.258165
0.836667
0.396477
0.704975
0.873251
0.549657
0.08302
0.948243
0.104073
0.370697
0.303671
0.148663
0.098008
0.742486
0.762733
0.3459
0.167512
0.195738
0.770534
0.527491
0.45102
0.302777
0.578505
0.132745
0.51958
0.121775
0.720824
0.092189
0.149483
0.513186
0.585886
0.754642
0.229388
0.1006
0.79238
0.575516
0.468284
0.329609
0.799528
0.181858
0.833906
0.017026
0.346589
0.952034
0.167802
0.214807
0.668012
0.567923
0.048944
0.457809
0.462875
0.703832
0.468471
0.620054
0.075765
0.049244
0.068985
0.040084
0.716381
0.395855
0.502551
0.696359
0.052958
0.629467
0.149011
0.825718
0.448967
0.48223
0.452918
0.633067
0.542395
0.500028
0.454964
0.845774
0.13012
0.164646
0.408746
0.145724
0.341669
0.049998
0.2752
0.435154
0.824279
0.386785
0.673277
0.950967
0.631997
0.749011
0.410562
0.842604
0.347483
0.870046
0.304627
0.646957
0.443346
0.793688
0.400639
0.855809
0.040719
0.86281
0.036429
0.308306
0.806989
0.821811
0.358627
0.794709
0.898331
0.661898
0.063982
0.981409
0.949864
0.661634
0.722854
0.331671
0.977462
0.89637
0.522221
0.463653
0.161901
0.802925
0.74384
0.995142
0.486244
0.742644
0.615777
0.738608
0.864758
0.779019
0.704878
0.744147
0.24192
0.665176
0.018626
0.191608
0.894048
0.400066
0.951884
0.664594
0.339205
0.87374
0.922894
0.941867
0.905766
0.988726
0.450051
0.871257
0.571095
0.831834
0.258366
0.292903
0.980966
0.499522
0.640771
0.444327
0.197692
0.217369
0.015197
0.582337
0.679397
0.132998
0.35569
0.695135
0.726267
0.354142
0.87825
0.206032
0.727011
0.707303
0.135904
0.196573
0.809396
0.124041
0.206826
0.413657
0.946596
0.589917
0.532205
0.432803
0.743841
0.782681
0.451046
0.298938
0.192228
0.107027
0.09951
0.925347
0.669224
0.152584
0.654063
0.501742
0.558525
0.423482
0.354757
0.512307
0.977123
0.558315
0.386188
0.446352
0.116279
0.125505
0.037044
0.29808
0.898937
0.62219
0.165934
0.204999
0.41564
0.57613
0.560715
0.691091
0.847231
0.578983
0.398334
0.751502
0.835985
0.497337
0.414059
0.836192
0.113803
0.453865
0.615474
0.865819
0.237761
0.961324
0.126175
0.008078
0.619795
0.582864
0.585205
0.161381
0.824679
0.662567
0.867089
0.431749
0.106727
0.068204
0.901661
0.61437
0.531038
0.639446
0.937368
0.133887
0.461439
0.265247
0.659402
0.201821
0.521371
0.476579
0.240431
0.570542
0.684916
0.608386
0.351062
0.247817
0.900495
0.721188
0.860894
0.033189
0.742716
0.344832
0.10672
0.983889
0.07551
0.163231
0.02294
0.710041
0.891726
0.734043
0.497508
0.094715
0.942365
0.574118
0.968318
0.870156
0.091609
0.739077
0.359072
0.247791
0.434408
0.155274
0.082686
0.638234
0.476527
0.001228
0.452699
0.334789
0.614586
0.95911
0.529204
0.15532
0.270787
0.862238
0.164391
0.485622
0.591749
0.339115
0.351022
0.947472
0.325487
0.71327
0.243403
0.28265
0.48363
0.087241
0.420379
0.086042
0.910749
0.934689
0.365667
0.649619
0.135833
0.62191
0.699874
0.533783
0.79035
0.11486
0.362336
0.102508
0.804781
0.491375
0.419447
0.067798
0.160796
0.180916
0.820478
0.721737
0.382671
0.638318
0.556909
0.387223
0.362701
0.138144
0.71361
0.589524
0.840002
0.637645
0.787206
0.259506
0.49991
0.791841
0.721118
0.127195
0.786709
0.940326
0.598062
0.939752
0.719942
0.80532