128 4
0
29
33
59
116
1
40
72
80
91
2
35
74
99
107
3
7
29
83
115
4
29
36
69
103
5
54
69
100
102
2
6
73
112
125
1
2
6
7
20
8
23
38
107
127
9
36
75
76
77
10
44
99
103
125
11
30
51
86
89
9
12
58
104
108
8
13
100
103
119
12
14
60
77
119
15
34
41
49
59
16
60
63
107
114
17
33
56
76
86
18
66
114
121
124
19
25
57
83
109
18
20
34
39
119
21
22
29
61
95
2
17
20
22
94
11
23
73
106
107
24
60
92
115
125
25
26
75
91
97
25
26
59
60
64
11
21
27
76
108
2
28
61
76
80
24
29
56
65
112
30
53
57
82
99
31
35
82
96
127
8
32
79
99
118
7
33
74
88
110
15
26
34
54
66
9
14
25
35
89
30
33
36
58
126
37
54
84
103
104
17
38
51
81
91
9
19
39
76
121
23
33
40
59
75
9
34
38
41
126
30
42
73
92
125
43
53
86
106
114
5
44
98
104
109
24
35
45
69
100
2
17
46
69
80
6
18
47
95
114
9
13
48
58
80
26
49
68
102
108
22
50
68
92
99
6
12
51
64
106
22
52
60
78
113
2
24
48
53
94
6
10
54
92
106
4
55
59
92
123
0
56
88
101
110
23
57
101
122
127
0
38
47
49
58
14
43
59
62
73
3
36
43
60
65
7
31
53
61
110
59
62
67
99
109
29
38
63
83
89
64
74
75
107
119
10
25
65
87
98
9
16
47
66
114
3
12
14
67
79
33
68
76
87
90
34
42
69
73
119
40
70
75
103
110
2
7
61
69
71
3
43
72
122
125
26
56
73
82
115
9
14
46
64
74
3
40
48
75
94
25
32
74
76
86
4
47
77
86
100
16
20
28
69
78
18
32
79
104
125
31
44
66
75
80
12
13
53
81
100
15
18
76
82
117
6
15
23
72
83
26
42
53
81
84
7
26
36
85
115
39
40
43
68
86
69
87
88
112
118
26
51
74
84
88
1
13
35
89
100
0
13
16
29
90
18
23
91
96
113
58
60
83
92
105
0
36
83
93
115
40
43
45
87
94
67
73
91
95
126
50
56
96
101
123
48
57
74
97
125
18
29
92
98
101
1
10
56
74
99
12
35
55
100
127
24
89
92
93
101
6
18
95
102
123
39
54
103
108
110
26
67
104
114
123
52
83
87
105
112
28
67
90
96
106
13
53
91
107
111
46
81
96
106
108
25
84
87
106
109
24
62
82
110
112
7
33
44
86
111
0
84
95
112
119
45
83
109
113
115
27
39
45
84
114
10
43
49
78
115
25
47
89
114
116
13
36
60
112
117
3
49
118
121
124
85
105
110
119
123
17
29
81
100
120
58
62
87
102
121
25
37
122
123
126
36
56
80
102
123
43
79
96
123
124
25
40
52
89
125
16
34
80
92
126
15
50
52
118
127
0.478901
0.016638
0.310805
0.618761
0.024975
0.69229
0.569746
0.148755
0.894327
0.64642
0.909901
0.980964
0.161073
0.448925
0.980997
0.263368
0.932511
0.9112
0.191977
0.429312
0.726745
0.088319
0.70951
0.231821
0.209346
0.672351
0.061768
0.114696
0.542978
0.180882
0.101005
0.526102
0.86967
0.071186
0.675552
0.32324
0.455511
0.606586
0.656624
0.757176
0.419836
0.646041
0.648526
0.90036
0.757597
0.705727
0.252882
0.513606
0.296288
0.829218
0.971932
0.162147
0.689271
0.906698
0.494289
0.126312
0.153473
0.204691
0.739289
0.846116
0.804711
0.310717
0.79621
0.947133
0.870344
0.784969
0.116263
0.762884
0.047617
0.240244
0.39858
0.876692
0.696706
0.22908
0.895327
0.055177
0.198208
0.347797
0.350785
0.364663
0.043336
0.940267
0.998474
0.702739
0.232928
0.485377
0.349614
0.333756
0.420481
0.796477
0.46205
0.887944
0.341273
0.056369
0.879551
0.041445
0.509148
0.936894
0.617287
0.376959
0.922803
0.55993
0.960127
0.951077
0.811598
0.3706
0.051322
0.352234
0.530998
0.94304
0.933362
0.533059
0.793259
0.282839
0.834133
0.774566
0.226317
0.431616
0.820226
0.453371
0.708424
0.871564
0.217348
0.702862
0.881921
0.19483
0.738708
0.735169
0.006933
0.814738
0.87725
0.350196
0.245164
0.748887
0.447706
0.506108
0.53516
0.977606
0.13437
0.07011
0.267425
0.00619
0.876643
0.144811
0.451525
0.491331
0.768477
0.565049
0.710227
0.212
0.073617
0.179087
0.2766
0.73957
0.299939
0.152002
0.067135
0.301612
0.040822
0.96869
0.959035
0.586726
0.89335
0.460025
0.758896
0.413864
0.156736
0.451833
0.388672
0.788518
0.558515
0.267833
0.384517
0.888436
0.242149
0.477054
0.594482
0.765207
0.586153
0.975932
0.720516
0.885427
0.631865
0.0253
0.721981
0.464742
0.391143
0.001197
0.264977
0.602064
0.363612
0.145146
0.963158
0.787576
0.56413
0.424537
0.502705
0.69036
0.334982
0.854069
0.700922
0.982961
0.241352
0.887351
0.298765
0.767659
0.003723
0.839981
0.27155
0.518264
0.186419
0.849472
0.039954
0.228654
0.847388
0.332322
0.603807
0.406518
0.549484
0.020329
0.996193
0.847142
0.402328
0.205667
0.368792
0.265151
0.275215
0.762517
0.342941
0.320274
0.135495
0.526583
0.727487
0.672333
0.197064
0.961942
0.85286
0.495852
0.055774
0.608808
0.675835
0.494974
0.808735
0.752616
0.07631
0.715353
0.42902
0.485651
0.908714
0.584388
0.485698
0.733994
0.586012
0.803559
0.176256
0.176461
0.849075
0.931314
0.638341
0.504091
0.910752
0.840904
0.033979
0.335772
0.682102
0.922541
0.139517
0.849168
0.465996
0.931558
0.878811
0.14662
0.312404
0.08552
0.289182
0.67826
0.734455
0.931767
0.309137
0.807353
0.630671
0.247639
0.282597
0.18903
0.61235
0.447334
0.240801
0.779152
0.885854
0.637801
0.298051
0.437999
0.307277
0.170849
0.790182
0.917705
0.270612
0.89484
0.426544
0.119909
0.612947
0.740425
0.4589
0.975273
0.72794
0.888541
0.370275
0.495049
0.579898
0.68435
0.795963
0.1351
0.991846
0.3199
0.029831
0.51922
0.449929
0.159358
0.569346
0.077755
0.61743
0.849685
0.840646
0.82772
0.266058
0.6375
0.379334
0.679116
0.70116
0.256137
0.302611
0.707425
0.729163
0.764613
0.934511
0.997978
0.661359
0.536594
0.182813
0.308717
0.767094
0.899785
0.473331
0.6238
0.608368
0.448295
0.55142
0.316252
0.946145
0.585317
0.557882
0.727533
0.883979
0.701216
0.566572
0.698314
0.011509
0.356759
0.210327
0.065559
0.106903
0.411586
0.226215
0.565378
0.410525
0.232856
0.986774
0.405164
0.054774
0.630328
0.835671
0.88081
0.725725
0.061606
0.996939
0.339685
0.192926
0.032188
0.510502
0.668995
0.824552
0.153542
0.374602
0.522564
0.220722
0.161461
0.336666
0.52488
0.344306
0.756035
0.938004
0.422791
0.058628
0.16106
0.313818
0.288308
0.702557
0.706443
0.162592
0.310513
0.436397
0.386913
0.206668
0.78557
0.230313
0.451601
0.867732
0.589618
0.093114
0.355448
0.274611
0.345825
0.008593
0.810999
0.108146
0.117301
0.136409
0.35232
0.960583
0.481703
0.673297
0.368844
0.222513
0.003935
0.372894
0.614217
0.837542
0.694542
0.853922
0.877673
0.771243
0.701336
0.368231
0.898705
0.946893
0.004728
0.852834
0.195005
0.634851
0.246467
0.37584
0.889632
0.102211
0.386139
0.774005
0.329331
0.953669
0.566814
0.116768
0.326874
0.972833
0.929685
0.36699
0.10995
0.320986
0.251825
0.781209
0.125258
0.728243
0.310838
0.209934
0.830754
0.990658
0.841285
0.545057
0.063345
0.698959
0.462516
0.704962
0.477077
0.578421
0.59207
0.175189
0.042727
0.879263
0.575892
0.882942
0.4214
0.336321
0.878698
0.74057
0.069053
0.216218
0.773265
0.339394
0.717913
0.091585
0.694317
0.091916
0.364907
0.584312
0.18665
0.548285
0.557207
0.170327
0.252545
0.817499
0.081754
0.654161
0.440785
0.719126
0.429364
0.408917
0.813468
0.79115
0.745733
0.664672
0.660484
0.365188
0.345164
0.187303
0.18502
0.593857
0.421982
0.168353
0.655593
0.687306
0.605566
0.998715
0.05922
0.791336
0.563435
0.826947
0.123979
0.926553
0.485319
0.245856
0.218239
0.697835
0.14878
0.967621
0.796484
0.209293
0.034575
0.353048
0.702011
0.62463
0.122033
0.346142
0.91343
0.919629
0.292276
0.190771
0.051693
0.028993
0.46559
0.562255
0.228134
0.755494
0.672689
0.822508
0.328072
0.369031
0.173276
0.677429
0.981489
0.148272
0.902052
0.377519
0.11159
0.131498
0.74077
0.579371
0.248331
0.318882
0.485485
0.075379
0.896039
0.283312
0.513179
0.601866
0.494481
0.160015
0.225387
0.914587
0.714219
0.747726
0.998785
0.341041
0.119702
0.35444
0.221416
0.704028
0.317103
0.582826
0.592956
0.77288
0.454597
0.635547
0.163163
0.162423
0.04181
0.226819
0.579062
0.96606
0.03033
0.468377
0.681731
0.675306
0.576002
0.551197
0.2357
0.035959
0.556334
0.784202
0.135941
0.09141
0.20722
0.01527
0.515946
0.741764
0.215423
0.358951
0.969415
0.926416
0.889041
0.978615
0.136661
0.41067
0.690451
0.709313
0.811963
0.726198
0.716813
0.771304
0.395175
0.919333
0.95365
0.812183
0.895229
0.781798
0.751309
0.323437
0.324312
0.851511
0.420716
0.799977
0.183691
0.125445
0.846657
0.438236
0.739742
0.019648
0.450613
0.327205
0.793111
0.565851
0.046982
0.70755
0.417473
0.310323
0.429567
0.538758
0.685039
0.14272
0.890228
0.850897
0.058906
0.519604
0.135863
0.017054
0.704911
0.220713
0.077631
0.570771
0.082418
0.563313
0.187823
0.001689
0.029701
0.471292
0.086517
0.870892
0.813879
0.772076
0.155942
0.877213
0.492105
0.199065
0.531954
0.455163
0.500426
0.679392
0.043049
0.576554
0.861556
0.091096
0.189392
0.719165
0.224018
0.084908
0.811247
0.728982
0.464716
0.712746
0.155886
0.280451
0.842495
0.394032
0.934744
0.081248
0.343521
0.725961
0.769752
0.168821
0.689468
0.098408
0.882261
0.809084
0.060186
0.709888
0.49969
0.976861
0.2905
0.48518
0.44829
0.922393
0.790939
0.384035
0.117473
0.532638
0.407702
0.028695
0.772949
0.710454
0.016668
0.936838
0.912957
0.172953
0.126255
0.60656
0.18716
0.088414
0.150599
0.553177
0.385271
0.850957
0.751981
0.90501
0.217385
0.987655
0.252452
0.38696
0.055338
0.355498
0.391833
0.909058
0.17163
0.221573
0.258001
0.115872
0.024089
0.087932
0.535393
0.945575
0.603124
0.173167
0.012859
0.834324
0.342127
0.307254
0.764869
0.226283
0.188897
0.386745
0.36101
0.56434
0.073329
0.334774
0.897851
0.408578
0.09589
0.047672
0.598855
0.144695
0.279452
0.4919
0.549131
0.589043
0.429457
0.249386
0.378888
0.513193
0.674134
0.484315
0.133654
0.523306
0.080803
0.098506
0.704141
0.609587
0.129758
0.669034
0.460948
0.41732
0.909432
0.159595
0.185267
0.71854
0.430165
0.332231
0.864845
0.179067
0.392158
0.948204
0.004357
0.412621
0.941373
0.70722
0.717779
0.564954
0.363483
0.280338
0.704981
0.952593
0.173736
0.142841
0.779421
0.975135
0.872433
0.371968
0.02649
0.197922
0.272838
0.409508
0.189083
0.339857
0.215007
0.473424
0.532004
0.042561
0.54706
0.148573
0.982148
0.476017
0.307435
0.579656
0.505671
0.209215
0.361926
0.158161
0.434138
0.390999
0.120957
0.51555
0.928576
0.179417
0.999178
0.906699
0.091066
0.331119
0.050369
0.616989
0.549847
0.259324
0.971472
0.537683
0.364051
0.88787
0.448388
0.883202
0.90858
0.535542
0.661944
0.447852
0.442795
0.109798
0.96481
0.6288
0.500932
0.213916
0.712331
0.785164
0.291289
0.028529
0.238627
0.475918
0.948637
0.068691
0.781852
0.242232
0.040216
0.371378
0.079884
0.072473
0.246844
0.74598
0.093295
0.266129
0.100046
0.19174
0.228507
0.516823
0.091397
0.660537
0.491964
0.160172
0.824547
0.806684
0.49776
0.396057
0.291754
0.625691
0.687583
0.997719
0.163703
0.519583
0.445357
0.827174
0.838874
0.387543
0.756097
0.154811
0.445287
0.993966
0.5847
0.656101
0.584281
0.497062
0.855899
0.146058
0.978827
0.312685
0.191113
0.838375
0.66238
0.194375
0.177001
0.936366
0.662992
0.864941
0.577385
0.970297
0.235185
0.41308
0.244892
0.242683
0.432362
0.131239
0.843687
0.084391
0.091315
0.66595
0.623665
0.409431
0.248226
0.180468
0.269646
0.086856
0.529853
0.401514
0.266569
0.40442
0.785438
0.863387
0.261889
0.943131
0.181491
0.134837
0.402144
0.902483
0.958254
0.438545
0.918214
0.940682
0.738803
0.417295
0.348586
0.230194
0.729848
0.392412
0.028062
0.934468
0.263698
0.316632
0.745813
0.440418
0.40071
0.45984
0.419311
0.572643
0.910563
0.022881
0.235135
0.904284
0.245471
0.18972
0.554605
0.516017
0.380446
0.907661
0.318056
0.901067
0.286717
0.174559
0.400009
0.672532
0.056879
0.705534
0.913671
0.342711
0.392677
0.840318
0.99871
0.324086
0.844679
0.561935
0.971842
0.833115
0.636366
0.732776
0.560373
0.957905
0.265376
0.092668
0.682904
0.799325
0.176274
0.14933
0.595987
0.665188
0.799904
0.287548
0.266931
0.260865
0.349069
0.749347
0.188823
0.122399
0.927731
0.070537
0.042139
0.596849
0.261547
0.006619
0.484247
0.463581
0.937588
0.407415
0.558204
0.38035
0.458604
0.420048
0.678089
0.988261
0.873406
0.058985
0.863172
0.829302
0.182448
0.907977
0.803697
0.293044
0.003504
0.035866
0.526024
0.372679
0.508915
0.852166
0.808033
0.900927
0.864449
0.067635
0.124167
0.803681
0.161096
0.051084
0.355897
0.855587
0.042857
0.315533
0.061181
0.965939
0.824317
0.519546
0.064122
0.446772
0.023002
0.629862
0.960993
0.350538
0.82712
0.568951
0.884908
0.384463
0.415156
0.442399
0.258213
0.926715
0.924816
0.439873
0.209296
0.328213
0.830705
0.509578
0.310844
0.999165
0.108466
0.02324
0.018263
0.430699
0.806047
0.484607
0.76015
0.030271
0.535413
0.794591
0.627231
0.248483
0.849121
0.052676
0.827222
0.315137
0.135348
0.767374
0.883898
0.662541
0.658062
0.200719
0.844511
0.080718
0.747161
0.3033
0.355754
0.36556
0.624281
0.66018
0.062433
0.552391
0.18789
0.705534
0.200187
0.430794
0.919662
0.555196
0.337961
0.350339
0.712935
0.662139
0.213702
0.950496
0.721205
0.157009
0.481663
0.073983
0.715534
0.51969
0.271838
0.282839
0.702622
0.930786
0.934429
0.51844
0.360866
0.555879
0.341676
0.518309
0.173362
0.615294
0.408732
0.683992
0.112708
0.410294
0.32227
0.880265
0.962038
0.463251
0.146314
0.825194
0.699391
0.021185
0.574854
0.106241
0.912051
0.885872
0.563457
0.41428
0.116791
0.616024
0.696277
0.827623
0.78638
0.707741
0.841483
0.165229
0.029485
0.91481
0.187442
0.784032
0.271995
0.999182
0.933828
0.074596
0.813103
0.176886
0.270153
0.988967
0.776522
0.36097
0.685129
0.370754
0.386231
0.673969
0.218171
0.92871
0.148575
0.886943
0.458398
0.565991
0.42729
0.013151
0.571789
0.482936
0.975377
0.868051
0.349585
0.036562
0.275732
0.971951
0.635523
0.745992
0.102366
0.128931
0.943182
0.321952
0.081384
0.587162
0.928414
0.361914
0.700615
0.275059
0.443678
0.622927
0.261655
0.688554
0.805135
0.82118
0.936654
0.698516
0.566645
0.570214
0.174789
0.324957
0.220536
0.981095
0.853887
0.54703
0.820176
0.071864
0.759634
0.524554
0.947932
0.439738
0.27399
0.92596
0.811963
0.075786
0.523139
0.110604
0.788266
0.483283
0.658061
0.913883
0.142377
0.800921
0.769933
0.858787
0.825028
0.829627
0.459841
0.484627
0.383258
0.888634
0.828804
0.461889
0.40913
0.531035
0.435567
0.989326
0.895924
0.768652
0.698568
0.245666
0.127214
0.24271
0.795371
0.712497
0.194004
0.497114
0.178399
0.73827
0.427147
0.769633
0.014643
0.871015
0.937828
0.536603
0.646499
0.45581
0.687822
0.132278
0.561197
0.146515
0.750132
0.583144
0.754616
0.341019
0.815513
0.116862
0.09283
0.196116
0.775319
0.2905
0.704118
0.909716
0.360049
0.585087
0.902418
0.008814
0.969624
0.206212
0.753958
0.327002
0.478635
0.034697
0.322794
0.516843
0.736706
0.595377
0.531808
0.936837
0.977622
0.851995
0.137308
0.430973
0.34389
0.615623
0.516032
0.120295
0.067793
0.70864
0.55698
0.214057
0.412014
0.591209
0.913401
0.045246
0.698072
0.530532
0.552129
0.469389
0.626863
0.390966
0.905746
0.913122
0.649209
0.686345
0.236394
0.3748
0.467678
0.947557
0.241966
0.917158
0.706682
0.181434
0.460688
0.182741
0.619172
0.812495
0.58867
0.345591
0.585954
0.266632
0.361159
0.669468
0.402741
0.088743
0.13483
0.107809
0.924183
0.704006
0.191176
0.191672
0.532123
0.383601
0.421673
0.942427
0.347721
0.297778
0.470946
0.366533
0.933258
0.222381
0.44643
0.252878
0.925352
0.591922
0.409387
0.81418
0.198524
0.607338
0.056515
0.185443
0.745102
0.076197
0.445816
0.114068
0.59338
0.841249
0.333075
0.880593
0.222897
0.677746
0.506039
0.746719
0.778598
0.49873
0.475573
0.434824
0.769117
0.347803
0.244105
0.46761
0.303257
0.611773
0.706779
0.751967
0.397148
0.947492
0.213966
0.059947
0.470769
0.959765
0.109168
0.586283
0.826189
0.916279
0.032162
0.120331
0.255039
0.92508
0.616418
0.983832
0.089995
0.484109
0.365816
0.902749
0.017347
0.243211
0.127986
0.973498
0.488947
0.294653
0.347174
0.449027
0.274919
0.970001
0.767924
0.090213
0.6127
0.590627
0.150196
0.975995
0.568097
0.912413
0.822976
0.726461
0.696706
0.882276
0.826361
0.118874
0.018294
0.560898
0.088727
0.910831
0.854339
0.377852
0.993026
0.447599
0.60255
0.860685
0.003457
0.490887
0.30968
0.158722
0.762858
0.813058
0.366263
0.936277
0.10787
0.179034
0.770542
0.303763
0.978263
0.968358
0.698759
0.165608
0.981922
0.642269
0.005993
0.115891
0.534751
0.252565
0.309478
0.6503
0.080523
0.235854
0.613257
0.953287
0.28655
0.532383
0.352145
0.605923
0.588829
0.591129
0.227099
0.995622
0.264063
0.572264
0.846263
0.916533
0.164346
0.655825
0.801857
0.647514
0.222186
0.59562
0.361277
0.547292
0.039307
0.717184
0.677114
0.924767
0.079449
0.760763
0.965385
0.286779
0.716326
0.96984
0.720861
0.22119
0.077653
0.334239
0.1613
0.339346
0.911024
0.40078
0.711529
0.601735
0.023541
0.015723
0.249414
0.736876
0.613655
0.533938
0.455256
0.640348
0.50859
0.855369
0.846208
0.69809
0.332796
0.154596
0.248821
0.506305
0.210653
0.441324
0.339791
0.647802
0.414638
0.848108
0.168462
0.360694
0.260153
0.881193
0.94004
0.412417
0.179905
0.267013
0.920668
0.244027
0.353776
0.945009
0.814866
0.469182
0.423006
0.587005
0.16747
0.75711
0.794875
0.566081
0.599636
0.141589
0.275532
0.779752
0.91028
0.313467
0.860317
0.565714
0.052781
0.680903
0.510948
0.303149
0.133185
0.831874
0.93498
0.783424
0.673328
0.347964
0.879405
0.554033
0.511608
0.187139
0.748258
0.87918
0.993275
0.271759
0.451521
0.025039
0.227515
0.652021
0.698381
0.180493
0.607671
0.460156
0.185873
0.862791
0.972104
0.958161
0.750625
0.952999
0.607293
0.71168
0.069654
0.25982
0.824874
0.937473
0.848931
0.005449
0.668639
0.776757
0.683364
0.267933
0.082119
0.376634
0.545819
0.416383
0.780731
0.126988
0.316064
0.581712
0.522011
0.421119
0.672769
0.904467
0.630112
0.010769
0.216938
0.945028
0.412481
0.918059
0.459993
0.540391
0.002755
0.4987
0.394213
0.598179
0.081823
0.899714
0.652047
0.001538
0.809784
0.623533
0.902447
0.430359
0.104243
0.856875
0.201366
0.871293
0.29515
0.667536
0.446649
0.830589
0.888542
0.42199
0.536364
0.912508
0.672487
0.057592
0.335026
0.614175
0.768122
0.170803
0.646602
0.188329
0.346628
0.154464
0.894314
0.670365
0.217707
0.6856
0.412028
0.277602
0.889507
0.006002
0.42599
0.263425
0.624745
0.080008
0.502113
0.576573
0.822365
0.739374
0.769964
0.823449
0.281057
0.666825
0.548216
0.186394
0.59089
0.781405
0.104384
0.170263
0.374764
0.885278
0.417568
0.345043
0.199611
0.375388
0.022187
0.318134
0.93004
0.355474
0.327891
0.83325
0.536414
0.279244
0.182667
0.689119
0.753297
0.678686
0.53396
0.244264
0.098778
0.360805
0.508704
0.327594
0.383225
0.736223
0.064699
0.177414
0.208683
0.922275
0.116781
0.570737
0.916537
0.310195
0.893026
0.17283
0.360132
0.412433
0.177919
0.401228
0.391138
0.495819
0.607419
0.122505
0.078267
0.677825
0.71182
0.233431
0.608111
0.757097
0.762301
0.262994
0.530537
0.398181
0.666845
0.466878
0.339671
0.031411
0.572416
0.308274
0.833306
0.210808
0.578407
0.795934
0.708592
0.367119
0.207545
0.332506
0.401199
0.424999
0.569305
0.392947
0.862546
0.955698
0.390087
0.542207
0.1222
0.406246
0.544145
0.386545
0.315566
0.502813
0.96305
0.956104
0.845832
0.511759
0.245193
0.811944
0.112637
0.858087
0.782748
0.08251
0.843191
0.922219
0.803771
0.934693
0.244611
0.509833
0.968628
0.719685
0.824967
0.504302
0.447281
0.053574
0.65994
0.966097
0.414739
0.408021
0.892469
0.245354
0.144511
0.469111
0.606105
0.510599
0.869982
0.761569
0.936057
0.61395
0.123385
0.874798
0.91546
0.005718
0.309743
0.174545
0.131392
0.842334
0.611212
0.376713
0.816986
0.374098
0.254081
0.906119
0.478892
0.757868
0.536035
0.157058
0.104643
0.258479
0.9982
0.738267
0.589101
0.197252
0.210625
0.207169
0.950265
0.208177
0.60616
0.028976
0.407565
0.434409
0.589926
0.397033
0.645799
0.150629
0.92876
0.454801
0.211823
0.845182
0.884966
0.284112
0.535254
0.049495
0.326645
0.532426
0.753199
0.862628
0.38095
0.25876
0.690882
0.65611
0.860682
0.599055
0.245374
0.173772
0.634276
0.56128
0.570858
0.283927
0.090997
0.471965
0.109181
0.903294
0.40252
0.298145
0.831085
0.52225
0.470871
0.550559
0.476489
0.193984
0.2562
0.216367
0.900633
0.123801
0.808028
0.435233
0.089507
0.714834
0.755028
0.410661
0.233448
0.578068
0.209434
0.414119
0.205894
0.741535
0.917585
0.325581
0.655023
0.694686
0.593782
0.42005
0.623765
0.473778
0.695507
0.454669
0.026343
0.663911
0.19452
0.980769
0.192631
0.640227
0.759009
0.22178
0.080008
0.944487
0.826833
0.226108
0.672179
0.96471
0.816291
0.005374
0.41609
0.113479
0.95812
0.204615
0.46663
0.733118
0.095693
0.219188
0.312642
0.098831
0.578489
0.698474
0.053609
0.593892
0.394468
0.335528
0.016676
0.057851
0.414343
0.972594
0.222861
0.264218
0.74585
0.213376
0.112962
0.029962
0.352083
0.659425
0.082263
0.821441
0.940728
0.699698
0.556264
0.147513
0.150048
0.865638
0.611068
0.188979
0.158539
0.061349
0.303761
0.654585
0.93255
0.227898
0.151257
0.367712
0.85118
0.169729
0.043465
0.873714
0.559298
0.551343
0.008991
0.31107
0.723984
0.014975
0.577503
0.976944
0.554875
0.198101
0.020473
0.951103
0.426008
0.102483
0.053234
0.426151
0.141856
0.619528
0.580619
0.845399
0.252516
0.686489
0.135054
0.993533
0.535847
0.49743
0.861847
0.569973
0.071581
0.995595
0.897217
0.006776
0.958915
0.389367
0.956614
0.849997
0.880467
0.386475
0.880591
0.19096
0.143238
0.849024
0.798316
0.801711
0.596182
0.354354
0.274157
0.87028
0.903847
0.733109
0.059503
0.889957
0.183939
0.85112
0.252541
0.830814
0.128594
0.061659
0.078801
0.875161
0.83224
0.396454
0.494119
0.920716
0.941754
0.20678
0.139395
0.856892
0.374289
0.659263
0.244938
0.420266
0.15856
0.287576
0.574786
0.741207
0.122228
0.807066
0.231246
0.132152
0.846198
0.245836
0.26507
0.899283
0.098785
0.349234
0.596948
0.372851
0.643632
0.477391
0.898631
0.497762
0.355521
0.344525
0.667483
0.86965
0.35354
0.090325
0.958017
0.843514
0.233465
0.346338
0.59484
0.687259
0.932932
0.588847
0.659594
0.486983
0.636398
0.949618
0.557028
0.124214
0.191563
0.941457
0.610818
0.840214
0.003737
0.461166
0.061918
0.798004
0.967903
0.448254
0.400901
0.294892
0.344823
0.780025
0.934485
0.320394
0.525938
0.169732
0.568845
0.264426
0.465505
0.421912
0.481513
0.44081
0.850071
0.078758
0.534713
0.651326
0.25301
0.811791
0.102884
0.473837
0.835228
0.52816
0.553756
0.900258
0.45325
0.887377
0.833756
0.086342
0.820617
0.831849
0.723875
0.266357
0.022627
0.90146
0.58904
0.92227
0.691508
0.310006
0.602029
0.580324
0.441711
0.50365
0.553698
0.22489
0.455872
0.347149
0.190726
0.314644
0.592698
0.217765
0.468363
0.388507
0.204303
0.130268
0.521698
0.86324
0.330031
0.556088
0.561167
0.854044
0.94627
0.45228
0.241698
0.894752
0.260965
0.529163
0.753797
0.410809
0.602176
0.408814
0.159056
0.567355
0.833574
0.621391
0.510084
0.702154
0.499932
0.112878
0.457952
0.098593
0.721629
0.109564
0.520135
0.323091
0.787656
0.951148
0.310096
0.830654
0.54002
0.973074
0.231209
0.443885
0.794366
0.409288
0.244571
0.695826
0.854487
0.311498
0.271343
0.187453
0.874383
0.970168
0.276806
0.928197
0.760205
0.750091
0.132325
0.006739
0.982333
0.166008
0.540511
0.715523
0.962296
0.789846
0.034444
0.594491
0.853142
0.644343
0.527263
0.701295
0.665843
0.414577
0.252586
0.471642
0.701516
0.312798
0.807176
0.085294
0.017746
0.782382
0.633227
0.74386
0.990102
0.778464
0.987813
0.71114
0.697958
0.251697
0.674549
0.02881
0.356782
0.237223
0.557229
0.641826
0.645717
0.838978
0.629252
0.232032
0.279701
0.9265
0.172408
0.505352
0.649166
0.645846
0.148462
0.408889
0.580331
0.969045
0.855393
0.46777
0.778744
0.426542
0.975208
0.8746
0.198995
0.391356
0.050165
0.405965
0.229162
0.086975
0.223521
0.051946
0.116259
0.049769
0.252924
0.316737
0.358712
0.943843
0.161865
0.602697
0.525794
0.018061
0.458846
0.364279
0.62822
0.098746
0.391627
0.712047
0.386745
0.633544
0.238828
0.691221
0.536651
0.554364
0.442482
0.69683
0.898152
0.350982
0.454513
0.381537
0.259674
0.365577
0.942231
0.203905
0.647895
0.14056
0.226206
0.69351
0.578969
0.616966
0.791494
0.05888
0.213996
0.485144
0.09109
0.330694
0.747583
0.876548
0.842968
0.260393
0.380502
0.910745
0.054082
0.799227
0.516137
0.514104
0.37991
0.783258
0.654497
0.051076
0.712048
0.612981
0.64012
0.171466
0.668378
0.359858
0.812494
0.288309
0.952899
0.916306
0.31093
0.88526
0.623338
0.601877
0.70251
0.926504
0.163081
0.40821
0.446123
0.313676
0.530211
0.134689
0.013483
0.006249
0.437326
0.453846
0.331128
0.862713
0.710429
0.561434
0.064559
0.712948
0.287839
0.975674
0.576621
0.714513
0.571645
0.593221
0.512345
0.060846
0.395003
0.538481
0.014637
0.672015
0.595557
0.883612
0.246307
0.526514
0.356877
0.783555
0.270758
0.031479
0.841345
0.524612
0.830178
0.926268
0.200405
0.460814
0.499609
0.953212
0.773846
0.387029
0.966625
0.264632
0.768166
0.753714
0.56752
0.583619
0.680254
0.459941
0.251359
0.9353
0.678973
0.82998
0.131194
0.974782
0.742674
0.157136
0.551453
0.358837
0.277423
0.216728
0.82729
0.345696
0.37351
0.948536
0.801906
0.623983
0.589575
0.947514
0.111394
0.276262
0.897248
0.932689
0.718779
0.871405
0.507262
0.779769
0.523247
0.053419
0.219053
0.330996
0.53445
0.158322
0.491309
0.768756
0.833246
0.98443
0.597036
0.330985
0.477678
0.186064
0.189502
0.152819
0.294279
0.749685
0.691074
0.211057
0.442565
0.175874
0.213959
0.321545
0.723412
0.662269
0.309791
0.271743
0.070944
0.963645
0.536437
0.391039
0.607131
0.363576
0.418666
0.136365
0.810939
0.934566
0.357129
0.492494
0.883692
0.481383
0.629228
0.097303
0.168209
0.507458
0.179867
0.520227
0.478033
0.51209
0.559626
0.270176
0.134034
0.986132
0.079535
0.432912
0.333213
0.717123
0.074932
0.085424
0.210616
0.446845
0.733762
0.023948
0.521188
0.632047
0.996833
0.766465
0.728661
0.643564
0.745527
0.33554
0.785081
0.371599
0.593805
0.2025
0.874537
0.961489
0.401054
0.29757
0.60092
0.01191
0.6207
0.337762
0.654974
0.084706
0.861437
0.506889
0.277161
0.905956
0.854046
0.507899
0.713004
0.355115
0.646953
0.065355
0.151507
0.20385
0.059213
0.175334
0.765888
0.271931
0.193093
0.270213
0.898015
0.944597
0.583326
0.619466
0.390539
0.602081
0.01935
0.083536
0.080407
0.089148
0.720881
0.513051
0.707472
0.366288
0.576071
0.665984
0.486021
0.939743
0.239095
0.47808
0.248875
0.118394
0.77256
0.247496
0.283328
0.061374
0.046904
0.797859
0.633054
0.903985
0.666375
0.512973
0.641108
0.407451
0.89573
0.898826
0.10361
0.784836
0.358339
0.354386
0.764303
0.119411
0.561659
0.085427
0.394033
0.859966
0.091778
0.143236
0.364042
0.744025
0.504375
0.302489
0.487555
0.724244
0.72374
0.917616
0.880511
0.886211
0.269112
0.443893
0.57807
0.437737
0.914677
0.8801
0.287228
0.381603
0.914957
0.364446
0.613373
0.297697
0.436188
0.666326
0.782643
0.36176
0.66169
0.896821
0.233856
0.811909
0.783353
0.39937
0.973432
0.231434
0.180014
0.944892
0.074234
0.271312
0.793579
0.08541
0.396498
0.099328
0.109231
0.785978
0.739269
0.862956
0.166741
0.953082
0.067554
0.959881
0.206985
0.028484
0.984344
0.20437
0.079747
0.084227
0.131216
0.966737
0.984765
0.566249
0.124339
0.231252
0.674069
0.686759
0.596943
0.734213
0.091222
0.141139
0.293808
0.802462
0.263253
0.653507
0.106885
0.291686
0.04701
0.889838
0.332395
0.150895
0.667259
0.049163
0.950804
0.037534
0.695186
0.851269
0.748507
0.082466
0.14355
0.93704
0.578699
0.078508
0.562625
0.124657
0.923392
0.234192
0.436549
0.197841
0.469413
0.349827
0.270091
0.665318
0.767216
0.187028
0.39307
0.267092
0.117697
0.532495
0.780651
0.113134
0.713302
0.032494
0.852088
0.11615
0.501687
0.797293
0.807398
0.822167
0.097512
0.683937
0.863861
0.357786
0.959165
0.78023
0.913282
0.161391
0.148846
0.642306
0.800957
0.173658
0.532397
0.214152
0.828178
0.201026
0.697449
0.902877
0.397379
0.384873
0.021267
0.145613
0.53511
0.485998
0.060774
0.377236
0.604654
0.155047
0.798317
0.98997
0.890779
0.451707
0.163558
0.926775
0.609611
0.993992
0.454508
0.960865
0.351485
0.398484
0.435305
0.427916
0.41398
0.500577
0.066078
0.722813
0.481457
0.660817
0.22248
0.043697
0.76754
0.691169
0.932399
0.693679
0.254333
0.105298
0.565474
0.658181
0.762481
0.282261
0.560937
0.754126
0.285776
0.098691
0.169667
0.946617
0.412966
0.12011
0.029082
0.812073
0.333777
0.06302
0.170933
0.708629
0.956831
0.7666
0.926066
0.925264
0.715705
0.012835
0.466376
0.804187
0.006644
0.310386
0.009158
0.236152
0.244503
0.261365
0.46711
0.204631
0.760781
0.512717
0.238058
0.691013
0.521055
0.294008
0.212097
0.877814
0.14647
0.948175
0.561585
0.926656
0.24186
0.203528
0.21045
0.009907
0.125268
0.360331
0.913192
0.790608
0.771985
0.839874
0.60223
0.021439
0.725166
0.86555
0.813101
0.727307
0.189144
0.484779
0.651583
0.271324
0.057329
0.739407
0.439065
0.071573
0.882763
0.483523
0.502683
0.964095
0.628611
0.942812
0.757035
0.449368
0.466504
0.865789
0.72136
0.914275
0.155502
0.435251
0.364082
0.130347
0.16468
0.969516
0.022853
0.617552
0.497136
0.921049
0.222925
0.488863
0.907012
0.669563
0.583822
0.303117
0.556921
0.025648
0.894294
0.849094
0.881479
0.553858
0.609503
0.311388
0.25576
0.826544
0.671953
0.061586
0.022537
0.562951
0.648986
0.447828
0.435356
0.443604
0.487088
0.360207
0.08804
0.203758
0.224175
0.698468
0.222096
0.696081
0.378559
0.694661
0.808116
0.748516
0.38499
0.691333
0.03388
0.364428
0.056369
0.082952
0.122525
0.942159
0.394401
0.546999
0.065996
0.025148
0.101577
0.500724
0.467195
0.925613
0.729141
0.722448
0.557148
0.769418
0.726205
0.742588
0.055656
0.944104
0.170418
0.088304
0.879044
0.494714
0.333752
0.472676
0.984054
0.423594
0.94036
0.25393
0.978661
0.170424
0.931066
0.331234
0.545103
0.240829
0.762376
0.38222
0.307476
0.543325
0.433892
0.313221
0.797935
0.972791
0.81128
0.95808
0.562819
0.374199
0.01722
0.248176
0.905922
0.25657
0.6625
0.737249
0.905625
0.730133
0.378808
0.425439
0.784023
0.638314
0.196208
0.809562
0.328489
0.898877
0.979144
0.898951
0.718523
0.370317
0.477735
0.446655
0.518069
0.363438
0.154377
0.657608
0.171801
0.368192
0.909812
0.996102
0.056799
0.299769
0.101901
0.344124
0.986816
0.2258
0.191912
0.028552
0.936916
0.827413
0.078875
0.182734
0.22734
0.862725
0.511591
0.504401
0.131817
0.955083
0.116047
0.815111
0.412786
0.685974
0.97714
0.447108
0.079677
0.548958
0.634917
0.489645
0.90808
0.03052
0.334897
0.439618
0.493479
0.160359
0.763514
0.786756
0.09644
0.516519
0.290342
0.949661
0.041854
0.345955
0.711919
0.50079
0.503508
0.335415
0.388169
0.838212
0.270908
0.445538
0.529567
0.436937
0.292134
0.882194
0.259834
0.313192
0.047963
0.851834
0.708458
0.602524
0.590919
0.330825
0.873228
0.495969
0.428896
0.265502
0.215811
0.305468
0.304816
0.318279
0.68624
0.743516
0.192299
0.34493
0.444107
0.735908
0.937182
0.66254
0.903912
0.552546
0.478098
0.918754
0.424871
0.945533
0.943106
0.01112
0.503753
0.750846
0.887003
0.301736
0.983297
0.112971
0.587287
0.371496
0.157355
0.267998
0.195617
0.464246
0.341047
0.237612
0.652736
0.95194
0.750117
0.473945
0.750801
0.086294
0.895439
0.655842
0.860633
0.027644
0.635913
0.046522
0.978263
0.071935
0.910373
0.064061
0.61591
0.813922
0.202536
0.607711
0.346556
0.736393
0.963539
0.563105
0.781641
0.265487
0.762272
0.893221
0.406616
0.169612
0.957436
0.513062
0.46532
0.404079
0.34278
0.783277
0.532555
0.938646
0.37944
0.303615
0.404087
0.895484
0.828748
0.389005
0.877382
0.013832
0.522078
0.238899
0.674825
0.067979
0.720122
0.046959
0.060112
0.065866
0.938217
0.582904
0.046457
0.514331
0.529553
0.250545
0.859744
0.868278
0.569462
0.032361
0.3104
0.860548
0.914282
0.125473
0.748087
0.257658
0.996773
0.432426
0.027824
0.053583
0.389073
0.815233
0.789036
0.163712
0.980043
0.745327
0.239266
0.86197
0.057991
0.180567
0.593095
0.405219
0.864612
0.358304
0.853709
0.214921
0.624001
0.295207
0.161771
0.030596
0.048078
0.339294
0.007267
0.353123
0.347781
0.944852
0.349396
0.067589
0.893572
0.168336
0.055187
0.139186
0.101118
0.31199
0.449494
0.45773
0.449208
0.95029
0.463019
0.640292
0.223878
0.126313
0.62449
0.287679
0.840105
0.150439
0.262606
0.651808
0.480493
0.820246
0.939333
0.524431
0.395649
0.985819
0.936201
0.743443
0.307431
0.050182
0.418953
0.664052
0.701735
0.790496
0.351286
0.577829
0.299818
0.002518
0.620607
0.143346
0.875797
0.45507
0.392732
0.772746
0.637082
0.35492
0.998078
0.219508
0.933882
0.39026
0.970689
0.263246
0.941286
0.61183
0.896124
0.256774
0.73053
0.89009
0.934214
0.74092
0.712191
0.63211
0.400576
0.54629
0.453435
0.518962
0.793664
0.093246
0.637522
0.265806
0.238656
0.135782
0.094103
0.686901
0.997145
0.387559
0.285499
0.84305
0.165139
0.719413
0.589963
0.089268
0.077217
0.398948
0.495509
0.206977
0.714455
0.885016
0.507314
0.729905
0.494733
0.429489
0.7621
0.966764
0.238369
0.674098
0.23157
0.358749
0.695169
0.407254
0.411602
0.210059
0.366834
0.030989
0.34688
0.919031
0.99233
0.232618
0.681453
0.838945
0.754582
0.950044
0.606054
0.311553
0.007592
0.073438
0.76613
0.007883
0.012828
0.502524
0.570126
0.688097
0.970777
0.64687
0.159426
0.395171
0.067044
0.497969
0.541317
0.745257
0.372264
0.488686
0.846698
0.61578
0.375215
0.626289
0.811562
0.46715
0.796897
0.901679
0.620621
0.848936
0.401849
0.081802
0.684339
0.073439
0.772294
0.707794
0.325407
0.310806
0.429819
0.656677
0.151948
0.53905
0.414682
0.242295
0.290966
0.468231
0.00908
0.162714
0.753282
0.507659
0.388552
0.569742
0.453487
0.663191
0.07429
0.173659
0.77123
0.8802
0.108611
0.101688
0.477836
0.072984
0.738963
0.72929
0.349488
0.450444
0.852931
0.185425
0.14511
0.144962
0.568815
0.474642
0.518428
0.370332
0.205793
0.807669
0.09792
0.620923
0.065023
0.123457
0.852373
0.9619
0.467297
0.214077
0.720789
0.909957
0.74001
0.047371
0.587527
0.773882
0.561392
0.775448
0.851182
0.58335
0.688695
0.415236
0.130334
0.897406
0.117315
0.173328
0.951157
0.160663
0.35386
0.529865
0.797143
0.409404
0.687079
0.344015
0.155504
0.317128
0.514955
0.758235
0.825292
0.744501
0.699779
0.405082
0.551953
0.203259
0.76475
0.076789
0.21661
0.587912
0.794284
0.540816
0.167291
0.832253
0.681887
0.842406
0.312433
0.789279
0.843247
0.854959
0.88174
0.484887
0.360849
0.429104
0.501174
0.37324
0.934957
0.397907
0.914781
0.003126
0.761124
0.092806
0.278127
0.135
0.499102
0.773887
0.237687
0.770257
0.286024
0.615217
0.237179
0.786654
0.26104
0.58571
0.924478
0.996272
0.604623
0.955968
0.158836
0.589065
0.205039
0.299551
0.161876
0.131521
0.657254
0.720174
0.959809
0.130774
0.188095
0.501441
0.515664
0.790424
0.238735
0.031873
0.938229
0.80332
0.470479
0.317509
0.866067
0.573257
0.04229
0.485556
0.994222
0.825946
0.77977
0.521193
0.804664
0.43731
0.640698
0.43794
0.5215
0.862748
0.32337
0.002479
0.281414
0.667785
0.604941
0.754808
0.78439
0.122563
0.61937
0.581338
0.599369
0.535788
0.444022
0.04472
0.067198
0.90636
0.017813
0.090573
0.103081
0.37559
0.952869
0.628366
0.182514
0.792481
0.258092
0.498337
0.880042
0.207683
0.24548
0.452904
0.324027
0.303956
0.292303
0.077329
0.349059
0.980083
0.636736
0.861237
0.749316
0.941596
0.473165
0.959527
0.742469
0.919092
0.22225
0.015717
0.098145
0.504866
0.970433
0.099156
0.446962
0.200098
0.735123
0.088412
0.917859
0.79769
0.614644
0.923588
0.528115
0.166906
0.65405
0.421951
0.166211
0.640837
0.161516
0.158367
0.435892
0.101933
0.144699
0.379832
0.39327
0.06062
0.605035
0.585682
0.064363
0.455996
0.352109
0.31331
0.300468
0.256604
0.331656
0.894902
0.339492
0.814727
0.423415
0.023424
0.685461
0.24772
0.800204
0.020283
0.996487
0.103511
0.827378
0.273866
0.521451
0.599339
0.545447
0.907361
0.91666
0.352539
0.87775
0.279555
0.877646
0.478464
0.445087
0.840573
0.07427
0.348127
0.323158
0.966076
0.422885
0.801467
0.558105
0.400337
0.589927
0.19785
0.069493
0.081456
0.077216
0.816757
0.379132
0.833393
0.737944
0.582765
0.947813
0.943153
0.936911
0.636683
0.606086
0.394942
0.928713
0.631494
0.567259
0.407264
0.206386
0.880858
0.471751
0.195596
0.450315
0.415118
0.316537
0.990302
0.061703
0.814993
0.042698
0.900419
0.506336
0.568787
0.213565
0.825148
0.606714
0.965952
0.144624
0.382087
0.145018
0.013187
0.092408
0.853609
0.804501
0.819085
0.373306
0.455956
0.509588
0.68943
0.641402
0.924478
0.754549
0.734021
0.512512
0.624381
0.640443
0.05887
0.597265
0.681963
0.805583
0.561756
0.146182
0.145881
0.110085
0.183569
0.692193
0.0693
0.190479
0.847651
0.880568
0.730488
0.474381
0.013827
0.916588
0.851992
0.856418
0.873876
0.356402
0.328671
0.68155
0.537861
0.269044
0.883652
0.199211
0.659973
0.528525
0.979597
0.281938
0.038804
0.467559
0.155597
0.834193
0.093266
0.294592
0.327471
0.814286
0.775812
0.675829
0.411061
0.857443
0.583422
0.628914
0.185143
0.071404
0.506729
0.654407
0.010656
0.074475
0.978005
0.925355
0.689386
0.165338
0.734872
0.134417
0.565046
0.533671
0.423624
0.848791
0.681051
0.537243
0.354234
0.827314
0.68885
0.034392
0.064516
0.671353
0.919606
0.798687
0.853122
0.016089
0.356868
0.372374
0.968966
0.352028
0.341947
0.82984
0.296092
0.96231
0.763429
0.103425
0.735431
0.371075
0.859993
0.96758
0.938475
0.707618
0.730372
0.145637
0.108998
0.255912
0.475268
0.563152
0.364342
0.925562
0.461295
0.099803
0.550482
0.740196
0.25745
0.331377
0.776654
0.490453
0.181936
0.000971
0.267138
0.107877
0.321631
0.839749
0.290219
0.060529
0.450856
0.59865
0.3767
0.672489
0.236607
0.413523
0.176552
0.94355
0.527189
0.432634
0.489396
0.511586
0.794359
0.257334
0.22467
0.595942
0.654628
0.05385
0.83479
0.233696
0.222871
0.646729
0.618831
0.83249
0.331764
0.227634
0.342635
0.191338
0.067411
0.645189
0.997021
0.84767
0.20307
0.56862
0.412591
0.085033
0.727157
0.173459
0.681637
0.014207
0.002076
0.50144
0.458646
0.366535
0.692631
0.699535
0.264157
0.547658
0.199799
0.058145
0.590773
0.79047
0.843505
0.512029
0.690719
0.34672
0.521468
0.010089
0.573632
0.742068
0.458185
0.576059
0.465095
0.606875
0.670304
0.034342
0.571476
0.750868
0.969493
0.851568
0.817748
0.258995
0.674185
0.388481
0.043445
0.71337
0.961074
0.209401
0.982765
0.666924
0.82058
0.24494
0.617754
0.03621
0.853958
0.33256
0.663334
0.53806
0.84455
0.078797
0.219374
0.399553
0.729077
0.124614
0.50664
0.188825
0.290515
0.972961
0.584166
0.562833
0.572175
0.330316
0.494802
0.951677
0.41036
0.75589
0.60476
0.737192
0.705775
0.391444
0.745431
0.108927
0.543081
0.879613
0.801873
0.367775
0.583811
0.679507
0.620741
0.09104
0.538153
0.57255
0.268674
0.823827
0.101914
0.713296
0.960916
0.478297
0.519821
0.119897
0.039381
0.068327
0.607598
0.431248
0.589973
0.712636
0.942918
0.160678
0.049012
0.196896
0.604834
0.225909
0.448754
0.567557
0.35697
0.61332
0.931155
0.594864
0.266773
0.581724
0.638997
0.390049
0.221777
0.810427
0.152868
0.128854
0.38981
0.44296
0.697493
0.188705
0.490657
0.643167
0.731314
0.539838
0.606535
0.977423
0.812631
0.939523
0.337581
0.74167
0.036597
0.721318
0.946037
0.816507
0.618899
0.62142
0.934077
0.100322
0.321377
0.978933
0.369859
0.794717
0.321751
0.841873
0.505687
0.970794
0.110333
0.312111
0.552161
0.013865
0.063675
0.177833
0.272328
0.844329
0.215399
0.27821
0.240309
0.007362
0.967446
0.726372
0.022903
0.196833
0.008038
0.812624
0.449184
0.355
0.549429
0.805914
0.187486
0.431523
0.440441
0.039487
0.426088
0.093377
0.184889
0.491913
0.870811
0.978257
0.036434
0.487622
0.3886
0.392304
0.449425
0.04646
0.275236
0.967406
0.691837
0.350628
0.388325
0.233098
0.704124
0.434993
0.07764
0.943922
0.716386
0.676361
0.376246
0.418187
0.854261
0.063752
0.831309
0.40147
0.07402
0.685003
0.709197
0.04871
0.554661
0.638107
0.474194
0.903524
0.816411
0.606257
0.152853
0.276171
0.009584
0.00312
0.765833
0.403238
0.403383
0.694466
0.593829
0.990381
0.148655
0.291692
0.861787
0.638347
0.705585
0.484762
0.849986
0.570939
0.426837
0.580526
0.400207
0.323095
0.950821
0.856777
0.999768
0.568948
0.019184
0.533845
0.231039
0.524857
0.158596
0.779826
0.232409
0.655649
0.07231
0.066102
0.517033
0.912579
0.237347
0.563116
0.769733
0.676675
0.259666
0.129553
0.972569
0.769439
0.514258
0.052041
0.707652
0.233098
0.778616
0.413316
0.006497
0.666942
0.929707
0.738366
0.102768
0.383036
0.565004
0.609594