128 4
0
1
14
109
115
1
8
40
66
127
2
29
49
88
113
1
3
6
65
103
4
8
31
63
74
5
14
52
81
121
4
6
51
75
117
7
45
49
67
86
8
17
46
89
112
7
9
45
77
84
10
15
22
43
125
11
19
53
71
98
12
24
37
80
83
13
42
43
48
70
14
19
28
95
125
15
39
43
46
109
16
24
31
83
106
17
62
73
81
121
7
13
18
37
118
10
18
19
94
110
0
1
20
38
108
21
41
53
103
106
22
74
75
81
122
23
53
74
89
101
24
33
63
69
82
7
25
59
83
86
26
48
51
105
123
6
16
27
108
124
28
86
99
110
119
17
23
29
30
110
1
8
30
90
101
11
20
31
77
98
10
17
32
38
118
2
33
38
43
66
8
23
34
58
61
11
35
65
66
115
36
96
105
116
119
18
30
37
57
109
5
38
73
80
117
2
3
39
92
99
3
15
40
45
60
14
41
83
114
125
42
48
70
122
124
15
33
43
76
101
9
15
44
68
109
27
45
83
104
116
15
35
46
64
67
34
44
47
93
101
18
29
48
90
108
27
49
56
65
88
32
50
55
65
112
4
44
51
89
94
5
39
52
112
124
53
54
96
97
116
54
62
94
110
115
28
55
79
81
88
4
21
32
41
56
5
20
26
57
95
3
25
55
58
78
3
8
36
39
59
0
60
72
88
108
18
61
82
89
100
0
12
62
101
108
48
50
54
63
118
52
57
60
64
111
59
65
111
114
115
39
66
90
97
123
11
27
67
100
106
15
19
65
68
84
43
67
69
107
123
28
49
70
93
110
6
71
77
81
126
33
72
91
115
124
25
30
70
73
90
16
74
87
106
125
49
75
105
108
111
33
45
58
76
102
75
77
82
90
98
58
78
117
124
127
6
9
78
79
114
9
17
33
46
80
16
76
81
99
120
2
17
19
49
82
24
76
83
88
120
26
28
84
92
109
18
28
71
85
93
77
86
90
94
116
26
44
87
107
115
38
45
56
88
116
5
49
55
85
89
38
58
59
71
90
0
44
56
64
91
13
60
92
98
105
42
46
82
90
93
19
77
94
103
115
20
22
25
95
115
52
53
58
79
96
14
54
75
97
112
21
38
49
88
98
10
59
75
82
99
29
75
89
100
112
27
56
82
101
122
10
37
100
102
119
52
61
103
109
115
30
34
39
104
120
29
42
52
105
122
5
57
90
106
109
23
60
101
107
113
14
95
108
122
124
42
68
109
113
124
15
74
110
116
127
35
38
62
70
111
28
43
109
112
121
34
37
88
100
113
33
34
71
96
114
30
64
106
115
120
9
58
99
116
126
10
67
74
109
117
32
33
38
105
118
0
6
62
111
119
14
27
34
105
120
35
79
86
93
121
37
39
73
122
123
1
19
83
101
123
63
76
92
120
124
18
32
96
119
125
31
63
65
92
126
40
41
48
85
127
0.952273
0.149514
0.902783
0.900942
0.566103
0.143545
0.076114
0.906376
0.92137
0.072944
0.627708
0.540917
0.673843
0.88307
0.627677
0.395139
0.261398
0.298026
0.62563
0.937355
0.852207
0.173217
0.753369
0.287188
0.06221
0.625981
0.065801
0.067917
0.848094
0.455649
0.674804
0.842873
0.896099
0.828436
0.394636
0.401483
0.403079
0.926953
0.041175
0.055007
0.577197
0.338771
0.701313
0.021865
0.614482
0.373991
0.630227
0.880255
0.151281
0.598043
0.952144
0.845428
0.493869
0.683093
0.306114
0.498961
0.066608
0.664959
0.508193
0.351639
0.238817
0.187431
0.312614
0.051795
0.461058
0.195718
0.028297
0.19004
0.621688
0.472182
0.227259
0.667946
0.713225
0.345811
0.776588
0.326078
0.189508
0.673976
0.504534
0.514134
0.025702
0.042033
0.627373
0.75189
0.128793
0.641817
0.209063
0.172123
0.919845
0.553041
0.600148
0.827832
0.729686
0.331962
0.726513
0.346156
0.831274
0.036066
0.69302
0.575817
0.258667
0.825112
0.527013
0.364325
0.254988
0.094438
0.538664
0.993333
0.892378
0.821278
0.279124
0.233347
0.895023
0.245102
0.052069
0.041901
0.953242
0.120606
0.427407
0.181145
0.475498
0.426205
0.454918
0.256027
0.196923
0.296807
0.386303
0.632545
0.856989
0.381714
0.673227
0.467812
0.050087
0.890927
0.025796
0.177167
0.194722
0.950411
0.154213
0.720856
0.117336
0.945785
0.379035
0.534758
0.186294
0.48343
0.514402
0.898068
0.729383
0.781557
0.365828
0.731925
0.795468
0.450107
0.449874
0.091897
0.435515
0.542221
0.385051
0.629053
0.248954
0.33648
0.912732
0.265571
0.474897
0.130062
0.447709
0.743847
0.178832
0.672512
0.46735
0.435659
0.842888
0.045358
0.928126
0.198381
0.573923
0.448017
0.381753
0.615813
0.127073
0.050589
0.514721
0.466729
0.790846
0.028436
0.295903
0.91402
0.527007
0.081404
0.185529
0.036153
0.401788
0.381756
0.311151
0.352534
0.270495
0.573439
0.570347
0.72325
0.57371
0.052472
0.888437
0.580536
0.089536
0.660376
0.67315
0.605419
0.638587
0.725131
0.564489
0.079948
0.743066
0.158352
0.554593
0.62612
0.542675
0.334176
0.319501
0.805104
0.53637
0.889896
0.803885
0.214333
0.293063
0.574873
0.942688
0.518387
0.727092
0.072461
0.942849
0.863538
0.229614
0.24844
0.672743
0.563502
0.119097
0.607005
0.805335
0.944634
0.084425
0.425147
0.936547
0.059959
0.239901
0.621181
0.769881
0.455357
0.737625
0.197742
0.138439
0.844148
0.238107
0.301134
0.47142
0.115195
0.886398
0.582499
0.837105
0.671421
0.112454
0.225455
0.465724
0.272626
0.5666
0.390284
0.986536
0.633878
0.61256
0.598517
0.7187
0.483864
0.728427
0.395422
0.569507
0.030085
0.213654
0.255419
0.212284
0.057632
0.132549
0.223922
0.945305
0.553298
0.260632
0.572943
0.574821
0.538087
0.374166
0.229252
0.751759
0.139947
0.099028
0.87921
0.698297
0.146951
0.220175
0.613402
0.204781
0.845698
0.681749
0.370294
0.865074
0.761092
0.92564
0.723107
0.067604
0.756662
0.294218
0.924239
0.092447
0.290904
0.704574
0.087506
0.399473
0.529372
0.704755
0.872553
0.437099
0.354759
0.046809
0.528686
0.714078
0.769724
0.718602
0.801914
0.573892
0.351728
0.604869
0.340879
0.711475
0.8076
0.875741
0.118312
0.706891
0.451336
0.039711
0.484367
0.156928
0.133993
0.028562
0.054537
0.06336
0.035164
0.858188
0.461022
0.630395
0.312814
0.62852
0.688334
0.778146
0.534727
0.94878
0.100742
0.927076
0.350069
0.43949
0.462162
0.893846
0.331336
0.933666
0.636929
0.523091
0.047629
0.970681
0.686867
0.339256
0.069789
0.818853
0.057743
0.018806
0.212464
0.683715
0.739532
0.923221
0.060703
0.208488
0.835465
0.484279
0.614354
0.123354
0.629587
0.306246
0.23022
0.67502
0.325693
0.444367
0.438579
0.793083
0.30368
0.976608
0.366791
0.344228
0.296289
0.573519
0.017934
0.033463
0.804766
0.0865
0.480805
0.081934
0.863657
0.356475
0.913616
0.121377
0.080454
0.249674
0.309634
0.398374
0.654803
0.777414
0.568108
0.408612
0.529442
0.009909
0.103221
0.21434
0.294422
0.221861
0.557122
0.082108
0.661977
0.638062
0.564601
0.020598
0.046362
0.469526
0.835648
0.169871
0.990013
0.018529
0.972017
0.243068
0.3047
0.577876
0.347119
0.509883
0.723236
0.690746
0.857817
0.317057
0.696284
0.241338
0.18539
0.21994
0.167973
0.512806
0.472799
0.274604
0.688609
0.592447
0.961447
0.846567
0.194652
0.320758
0.161603
0.714198
0.568124
0.804653
0.503142
0.230553
0.796683
0.428277
0.889674
0.136266
0.866231
0.197646
0.522281
0.023584
0.670724
0.31054
0.742512
0.396482
0.219929
0.150582
0.739339
0.459409
0.700721
0.55674
0.720073
0.481254
0.634795
0.910385
0.32021
0.682293
0.013148
0.795626
0.13195
0.858273
0.675227
0.223248
0.755751
0.364074
0.757951
0.612246
0.032399
0.751502
0.731019
0.187815
0.433957
0.358455
0.87148
0.015478
0.762602
0.557797
0.675973
0.525489
0.663209
0.403454
0.22889
0.512449
0.530921
0.066392
0.485045
0.889829
0.504078
0.128587
0.992089
0.172433
0.362549
0.055878
0.603357
0.086765
0.13495
0.401616
0.49098
0.942229
0.813116
0.684503
0.549513
0.728424
0.076987
0.733037
0.286344
0.452382
0.846994
0.803076
0.495353
0.236077
0.112879
0.083176
0.10482
0.562596
0.590186
0.7164
0.55342
0.826758
0.73079
0.142038
0.494772
0.127696
0.580437
0.30836
0.931583
0.58919
0.544357
0.451781
0.544229
0.914883
0.080736
0.680814
0.055227
0.982449
0.26975
0.88649
0.269301
0.881857
0.399179
0.695815
0.664933
0.635336
0.802047
0.186048
0.064446
0.958277
0.874514
0.484547
0.747994
0.336431
0.230434
0.967882
0.932512
0.07533
0.704076
0.399547
0.142694
0.557645
0.439485
0.00021
0.635182
0.648991
0.139818
0.888621
0.526698
0.794535
0.971198
0.887222
0.668802
0.668561
0.753092
0.642185
0.687092
0.029434
0.082678
0.896019
0.095068
0.492976
0.077039
0.531181
0.642781
0.508629
0.503228
0.658076
0.967414
0.289726
0.91916
0.706187
0.016598
0.592884
0.180161
0.113945
0.481146
0.239939
0.909859
0.210576
0.385159
0.270951
0.057822
0.462317
0.803791
0.423742
0.886671
0.815366
0.048212
0.344781
0.40007
0.103125
0.076963
0.4298
0.211488
0.160584
0.368691
0.179012
0.00569
0.652828
0.664068
0.495547
0.379504
0.938904
0.891595
0.289973
0.136906
0.657845
0.727551
0.653388
0.44655
0.749412
0.367041
0.616823
0.005199
0.223452
0.363712
0.892239
0.759443
0.323709
0.925583
0.958173
0.698847
0.155604
0.766294
0.255207
0.875144
0.368378
0.327095
0.639151
0.975262
0.977172
0.066409
0.423444
0.362078
0.66236
0.680419
0.239166
0.849894
0.76233
0.78347
0.793288
0.997365
0.140986
0.954082
0.443136
0.036422
0.003171
0.402944
0.230382
0.660776
0.53269
0.967951
0.639664
0.657136
0.3578
0.48382
0.808716
0.056649
0.106279
0.713958
0.619402
0.032845
0.95161
0.621082
0.108819
0.557932
0.510988
0.673557
0.483647
0.054266
0.470047
0.734239
0.965706
0.012256
0.737623
0.336399
0.428782
0.153829
0.046457
0.90873
0.814689
0.297033
0.220073
0.432342
0.690589
0.018567
0.234534
0.74695
0.782501
0.942278
0.587361
0.459574
0.111231
0.325419
0.121826
0.582961
0.537784
0.708446
0.929782
0.646578
0.298828
0.868581
0.970471
0.328261
0.632213
0.724316
0.906871
0.470599
0.163591
0.214435
0.975858
0.938124
0.990092
0.359848
0.167764
0.609528
0.167646
0.645033
0.803569
0.786536
0.323607
0.1207
0.722358
0.125573
0.714913
0.025374
0.685299
0.716519
0.355151
0.230543
0.786095
0.509284
0.215695
0.163647
0.030422
0.728005
0.826157
0.373053
0.723631
0.910208
0.60529
0.270249
0.942943
0.094234
0.828993
0.574233
0.76374
0.193653
0.559551
0.790491
0.818394
0.379828
0.365926
0.324505
0.078656
0.695433
0.673911
0.01927
0.053019
0.88305
0.028215
0.963992
0.542316
0.928569
0.889752
0.782028
0.184416
0.875144
0.390142
0.450641
0.977829
0.030836
0.90355
0.814334
0.275359
0.439439
0.31269
0.332087
0.717493
0.996868
0.419839
0.009288
0.835551
0.079506
0.505079
0.581322
0.573547
0.994443
0.941211
0.045827
0.746788
0.513937
0.241137
0.909638
0.938989
0.102651
0.252826
0.790425
0.98469
0.988051
0.459282
0.434619
0.920575
0.768608
0.118884
0.209795
0.554257
0.498908
0.050837
0.09235
0.278809
0.552399
0.199094
0.140532
0.413905
0.792128
0.075165
0.608104
0.525459
0.863733
0.595626
0.68037
0.300009
0.267315
0.685406
0.518731
0.539976
0.588191
0.883496
0.726474
0.088236
0.812861
0.852401
0.06091
0.007708
0.572415
0.118055
0.09194
0.931683
0.00348
0.583488
0.936481
0.563334
0.255207
0.805825
0.916093
0.514757
0.650864
0.227089
0.698907
0.163123
0.646283
0.360777
0.550739
0.601096
0.145598
0.393419
0.35578
0.986026
0.399984
0.138291
0.848927
0.898925
0.849916
0.993452
0.97704
0.581966
0.92554
0.814433
0.48885
0.99746
0.904363
0.292008
0.377808
0.467365
0.226726
0.777233
0.174507
0.237624
0.713103
0.922804
0.12926
0.540761
0.916561
0.436698
0.064125
0.979627
0.790851
0.6518
0.859795
0.460478
0.387687
0.121865
0.712962
0.043483
0.158313
0.421932
0.197429
0.07295
0.242001
0.162088
0.922928
0.660322
0.979141
0.987752
0.306659
0.31534
0.28286
0.910695
0.882315
0.926463
0.523922
0.357085
0.474651
0.063345
0.134103
0.447766
0.948048
0.397053
0.473539
0.909149
0.833761
0.859723
0.857191
0.678402
0.545167
0.89919
0.535125
0.637423
0.272841
0.013286
0.983293
0.453974
0.816589
0.637184
0.090932
0.88577
0.62181
0.22613
0.826209
0.730416
0.734555
0.381916
0.291054
0.594036
0.167379
0.002016
0.744378
0.231859
0.367983
0.810757
0.144899
0.892506
0.560854
0.427698
0.071409
0.207444
0.801103
0.348356
0.195089
0.405849
0.501904
0.865123
0.214564
0.098446
0.685483
0.729729
0.261086
0.942516
0.080155
0.743134
0.339148
0.351426
0.139692
0.275266
0.080801
0.600256
0.460132
0.087795
0.914635
0.480301
0.289974
0.402362
0.007396
0.099967
0.249204
0.017399
0.157298
0.124815
0.916531
0.213544
0.878053
0.71534
0.011589
0.650898
0.93847
0.806339
0.260869
0.951084
0.020359
0.291663
0.295575
0.978264
0.197595
0.5294
0.460715
0.066708
0.407525
0.749535
0.458933
0.568808
0.958076
0.641491
0.126834
0.013556
0.214588
0.394553
0.091606
0.412387
0.826551
0.990257
0.709847
0.434351
0.58056
0.780129
0.783508
0.280146
0.228249
0.205188
0.68571
0.680717
0.473717
0.183025
0.978782
0.601534
0.356616
0.752022
0.744656
0.916608
0.996506
0.508025
0.799363
0.866247
0.980241
0.177937
0.157968
0.624514
0.942448
0.112095
0.556513
0.860857
0.45057
0.195251
0.11491
0.521693
0.120904
0.799493
0.173113
0.945957
0.677483
0.874926
0.055172
0.30312
0.405006
0.424971
0.326955
0.928911
0.967443
0.48125
0.632262
0.813475
0.122707
0.399754
0.253973
0.052578
0.523106
0.788142
0.726601
0.040568
0.07484
0.165954
0.267951
0.779724
0.574504
0.912789
0.944943
0.66464
0.153049
0.60967
0.52188
0.374143
0.571615
0.968481
0.880595
0.455557
0.296245
0.321257
0.302729
0.857791
0.333864
0.487572
0.581399
0.550681
0.490191
0.40613
0.616737
0.586655
0.643816
0.213664
0.10786
0.708404
0.856415
0.523629
0.242289
0.367268
0.676676
0.092507
0.934854
0.669956
0.089871
0.416943
0.525116
0.315296
0.851271
0.845747
0.665246
0.295925
0.988443
0.464702
0.427355
0.572475
0.226959
0.021948
0.041464
0.961293
0.610789
0.384747
0.29829
0.204562
0.515682
0.848646
0.082058
0.441222
0.593913
0.11011
0.088295
0.575004
0.711264
0.669952
0.931285
0.578738
0.790873
0.945394
0.903322
0.820165
0.078351
0.623973
0.978059
0.081912
0.561588
0.964236
0.903507
0.556157
0.85234
0.797782
0.981139
0.318322
0.992769
0.940958
0.655124
0.691168
0.515774
0.110401
0.601304
0.590064
0.702471
0.388345
0.564977
0.484749
0.288203
0.557433
0.176777
0.838442
0.769086
0.386433
0.188755
0.687423
0.743533
0.625408
0.495338
0.22906
0.910544
0.004791
0.183546
0.296393
0.840369
0.482445
0.10188
0.686415
0.916642
0.715315
0.200319
0.707793
0.471223
0.81135
0.222982
0.993352
0.60171
0.087305
0.583735
0.954314
0.705225
0.542798
0.263038
0.759177
0.753414
0.832081
0.773867
0.17999
0.179871
0.43518
0.894788
0.197356
0.798137
0.276158
0.511814
0.384011
0.114904
0.895233
0.850035
0.395262
0.826058
0.556108
0.145536
0.737151
0.650639
0.151227
0.521713
0.189024
0.827864
0.61149
0.168126
0.017841
0.789172
0.38931
0.5476
0.757185
0.955847
0.503525
0.584179
0.244344
0.241588
0.431662
0.256036
0.569201
0.672485
0.482613
0.326863
0.470545
0.011207
0.6219
0.888792
0.106121
0.84503
0.461037
0.177037
0.069669
0.241743
0.873081
0.96021
0.603265
0.390264
0.29161
0.760085
0.160341
0.00861
0.0277
0.392044
0.004047
0.619839
0.168525
0.80112
0.343211
0.492282
0.124471
0.700667
0.868684
0.652924
0.081293
0.816478
0.417062
0.820912
0.901293
0.764719
0.744703
0.996299
0.013483
0.311347
0.496623
0.449838
0.664129
0.945385
0.719863
0.159817
0.01217
0.360643
0.234902
0.201525
0.54806
0.377965
0.789478
0.857474
0.741727
0.474186
0.225102
0.647522
0.221259
0.858559
0.357663
0.164825
0.676874
0.124464
0.702425
0.421607
0.929578
0.086841
0.063769
0.477759
0.108705
0.062075
0.968746
0.977788
0.915968
0.830864
0.678582
0.746436
0.583705
0.060035
0.3505
0.815338
0.0884
0.273218
0.410002
0.986227
0.012854
0.272699
0.149379
0.153591
0.81844
0.607846
0.740675
0.227664
0.674728
0.647804
0.48883
0.892185
0.361675
0.212565
0.673471
0.562792
0.529485
0.796329
0.350282
0.941306
0.974584
0.043908
0.623998
0.650204
0.19843
0.086722
0.087061
0.821426
0.673859
0.257166
0.326691
0.129686
0.763594
0.917364
0.701063
0.357588
0.336037
0.574583
0.369861
0.394578
0.54778
0.062099
0.802522
0.478919
0.577306
0.524931
0.045903
0.385609
0.581585
0.172243
0.344407
0.076439
0.041039
0.844874
0.97757
0.263498
0.923891
0.590814
0.108713
0.982492
0.3923
0.249356
0.679296
0.437404
0.103122
0.565469
0.558833
0.023865
0.558276
0.454068
0.004937
0.866618
0.265754
0.933848
0.589015
0.313236
0.711046
0.769178
0.661211
0.600452
0.519343
0.213651
0.286259
0.820654
0.845317
0.206024
0.819537
0.148568
0.251023
0.909212
0.57109
0.382975
0.415041
0.611967
0.774553
0.929601
0.162599
0.540609
0.177758
0.090508
0.045741
0.950373
0.055285
0.603492
0.754222
0.658111
0.041827
0.754449
0.182744
0.158587
0.733541
0.348449
0.134774
0.586519
0.517494
0.997501
0.839534
0.801332
0.982423
0.549533
0.897331
0.370891
0.817062
0.156775
0.143295
0.227733
0.518193
0.710283
0.577748
0.933913
0.204742
0.595466
0.881526
0.820777
0.936195
0.026923
0.360219
0.433071
0.979468
0.380514
0.056417
0.913229
0.587167
0.58977
0.132734
0.522261
0.443341
0.0556
0.963675
0.814042
0.090874
0.476254
0.738546
0.948746
0.345432
0.095445
0.153909
0.675606
0.700897
0.300574
0.956753
0.443873
0.668826
0.409595
0.511247
0.751986
0.587368
0.046017
0.979219
0.531642
0.278732
0.212004
0.081896
0.269958
0.786843
0.724916
0.351303
0.21616
0.93252
0.389807
0.435755
0.373834
0.045508
0.007876
0.723093
0.753725
0.285811
0.371564
0.827617
0.279498
0.740257
0.623639
0.135245
0.183881
0.753968
0.771025
0.224577
0.110749
0.194244
0.114602
0.905541
0.67841
0.628009
0.543868
0.389823
0.387938
0.554274
0.182861
0.460726
0.53625
0.316616
0.98586
0.902716
0.497525
0.501981
0.357424
0.745713
0.631724
0.540824
0.992871
0.192239
0.194602
0.597237
0.511753
0.289885
0.864138
0.852077
0.73311
0.793773
0.922893
0.754979
0.125944
0.872389
0.303845
0.241311
0.221726
0.114384
0.584286
0.123617
0.340783
0.812278
0.949166
0.319549
0.529932
0.44263
0.451805
0.048031
0.577067
0.013295
0.237798
0.257812
0.600833
0.373376
0.723591
0.613075
0.10277
0.520168
0.056006
0.269122
0.663366
0.920375
0.131973
0.280545
0.04785
0.579202
0.025691
0.663746
0.087597
0.546176
0.396752
0.955422
0.484876
0.639325
0.598892
0.471153
0.092955
0.28345
0.858336
0.282748
0.703531
0.252387
0.082747
0.256018
0.782762
0.678968
0.090535
0.748991
0.135696
0.942192
0.567269
0.228263
0.76823
0.055846
0.154645
0.318475
0.419381
0.14922
0.053293
0.790345
0.378264
0.657769
0.732102
0.576029
0.5385
0.809862
0.837826
0.619341
0.509807
0.986633
0.166425
0.170842
0.666406
0.461647
0.77158
0.054116
0.381481
0.266329
0.626562
0.025172
0.793949
0.847348
0.418822
0.326907
0.040818
0.147096
0.424978
0.796473
0.812486
0.576189
0.232921
0.078605
0.164996
0.700365
0.784167
0.024454
0.669564
0.304363
0.04616
0.52634
0.652065
0.755114
0.572224
0.97368
0.249712
0.461222
0.676587
0.946314
0.629978
0.097878
0.710112
0.387139
0.212167
0.513536
0.258797
0.624681
0.535465
0.525699
0.090519
0.340469
0.747267
0.773754
0.370707
0.092867
0.393024
0.031023
0.585294
0.237882
0.859748
0.193147
0.236057
0.282761
0.706276
0.48038
0.718291
0.273155
0.551319
0.357301
0.481766
0.550442
0.224671
0.994464
0.624615
0.354921
0.714751
0.692002
0.128056
0.233539
0.003281
0.666912
0.749112
0.497824
0.020643
0.773289
0.634068
0.189489
0.932715
0.976175
0.777836
0.890662
0.998785
0.415142
0.113432
0.307554
0.365848
0.816907
0.945496
0.864863
0.28316
0.287598
0.165692
0.054264
0.527437
0.51103
0.831277
0.866631
0.562535
0.885413
0.536471
0.883773
0.700107
0.063109
0.713137
0.133319
0.198946
0.106921
0.125808
0.046471
0.75551
0.018258
0.241658
0.832047
0.807248
0.517389
0.681789
0.194657
0.408817
0.241148
0.165885
0.972248
0.707568
0.417486
0.148619
0.639426
0.656419
0.64621
0.671357
0.112566
0.27753
0.008444
0.033072
0.736719
0.569069
0.700412
0.507667
0.472002
0.854673
0.855693
0.731085
0.058237
0.577727
0.645252
0.205327
0.355117
0.216048
0.522472
0.05009
0.848488
0.420001
0.201717
0.444765
0.452981
0.430394
0.276849
0.648262
0.961245
0.912294
0.863008
0.474599
0.745749
0.848721
0.097728
0.41358
0.853372
0.145237
0.648214
0.734071
0.944926
0.664506
0.102795
0.210452
0.444739
0.228322
0.497149
0.698717
0.180633
0.890254
0.655551
0.733177
0.985313
0.911815
0.676438
0.532439
0.733155
0.912439
0.267769
0.72349
0.657921
0.657085
0.210645
0.086354
0.41477
0.847947
0.081404
0.3904
0.013331
0.368444
0.157957
0.087453
0.693867
0.335306
0.989036
0.294317
0.684943
0.24602
0.49918
0.438066
0.220171
0.347254
0.969385
0.774108
0.834261
0.207004
0.45397
0.982637
0.820287
0.03964
0.747889
0.268974
0.469559
0.257978
0.703473
0.146704
0.691435
0.611037
0.108089
0.485086
0.227457
0.479601
0.921513
0.580343
0.480207
0.556149
0.274844
0.878998
0.834633
0.246878
0.405485
0.829346
0.390813
0.794965
0.253648
0.896047
0.027542
0.009105
0.445671
0.322595
0.595923
0.33324
0.065818
0.035559
0.639097
0.279895
0.395749
0.531175
0.641036
0.142882
0.933905
0.868035
0.097949
0.71264
0.210791
0.733733
0.662122
0.421448
0.070969
0.730118
0.711508
0.876866
0.225867
0.030278
0.089206
0.540958
0.870489
0.586982
0.558656
0.852489
0.956823
0.424011
0.605158
0.26552
0.384917
0.618803
0.602985
0.867269
0.255116
0.720885
0.334104
0.17703
0.071078
0.923471
0.704199
0.259603
0.453797
0.231839
0.499989
0.921323
0.858949
0.901033
0.315104
0.68992
0.213712
0.777781
0.568019
0.890424
0.324354
0.92746
0.847244
0.724345
0.326128
0.028277
0.658654
0.180333
0.25827
0.891149
0.04555
0.993688
0.196365
0.884373
0.083206
0.190792
0.899036
0.654447
0.872693
0.805405
0.279506
0.945193
0.626138
0.742894
0.485593
0.055044
0.660545
0.562782
0.195267
0.117365
0.564339
0.632448
0.02232
0.343247
0.343954
0.925003
0.621259
0.215145
0.721612
0.699851
0.891734
0.110987
0.787818
0.038304
0.278371
0.167123
0.358671
0.152883
0.531923
0.463951
0.885484
0.625617
0.261353
0.51784
0.994121
0.638046
0.641969
0.604876
0.028065
0.643174
0.550155
0.085653
0.161269
0.149019
0.234474
0.055299
0.490681
0.830669
0.32459
0.105934
0.534708
0.471529
0.686455
0.140089
0.076978
0.7164
0.927921
0.461035
0.103084
0.566248
0.619181
0.584891
0.56429
0.761974
0.491105
0.825363
0.547553
0.739838
0.90482
0.423591
0.696578
0.228631
0.42809
0.333976
0.785837
0.2909
0.447032
0.116895
0.841989
0.058151
0.216099
0.348077
0.448022
0.349255
0.731812
0.403533
0.560852
0.884573
0.935192
0.775459
0.126128
0.832998
0.914248
0.772842
0.617421
0.507702
0.093508
0.915596
0.595084
0.125721
0.910088
0.371937
0.890804
0.249028
0.765497
0.609625
0.647356
0.173543
0.506162
0.693137
0.643468
0.769761
0.402004
0.999946
0.949677
0.634526
0.947954
0.203689
0.427629
0.258889
0.09943
0.806583
0.688171
0.204686
0.193852
0.876866
0.598271
0.912516
0.650283
0.072785
0.494962
0.191012
0.553107
0.893481
0.901922
0.160913
0.537118
0.858526
0.303218
0.972726
0.127457
0.632281
0.24398
0.172238
0.316603
0.8041
0.862029
0.176598
0.139991
0.251872
0.21558
0.019797
0.274062
0.516922
0.374091
0.082128
0.448249
0.487193
0.104968
0.874659
0.940941
0.087119
0.399974
0.798687
0.379136
0.483454
0.402601
0.946939
0.943809
0.551445
0.374153
0.363452
0.478659
0.004863
0.552079
0.677451
0.628567
0.794859
0.694477
0.162068
0.770094
0.345976
0.203455
0.487312
0.442971
0.628925
0.79196
0.728645
0.525716
0.601494
0.838355
0.051742
0.193014
0.209623
0.646872
0.606142
0.488918
0.112203
0.443169
0.962947
0.436538
0.929073
0.094302
0.575174
0.768355
0.400454
0.110121
0.631512
0.067564
0.16801
0.422282
0.606671
0.429693
0.545489
0.045743
0.955399
0.49658
0.120819
0.951995
0.42673
0.033425
0.291886
0.714796
0.7059
0.492205
0.896823
0.371627
0.320452
0.785971
0.472997
0.621106
0.408351
0.961422
0.958083
0.42197
0.873055
0.261674
0.085756
0.960351
0.206127
0.106823
0.844847
0.47132
0.548926
0.15214
0.878239
0.403441
0.342336
0.117566
0.451342
0.059879
0.097282
0.377859
0.579377
0.63387
0.491881
0.410473
0.643613
0.326453
0.839473
0.35902
0.150449
0.419163
0.448777
0.47899
0.040041
0.225122
0.573594
0.038367
0.352404
0.202209
0.568815
0.681485
0.890242
0.933308
0.540957
0.629981
0.571146
0.296564
0.941168
0.725351
0.751827
0.370114
0.566802
0.885369
0.901628
0.804345
0.722028
0.106906
0.497008
0.908063
0.243397
0.374831
0.670644
0.338617
0.744108
0.17684
0.322161
0.516543
0.36407
0.659498
0.780219
0.419761
0.095503
0.864058
0.053086
0.271949
0.972669
0.444719
0.820746
0.977398
0.170627
0.509031
0.368457
0.432415
0.894415
0.847624
0.379043
0.359665
0.568682
0.935751
0.967362
0.545196
0.590957
0.236184
0.218211
0.128389
0.651512
0.233585
0.637979
0.592316
0.085837
0.770531
0.396949
0.306229
0.093218
0.804427
0.847312
0.728045
0.650403
0.643171
0.930864
0.912064
0.499459
0.322004
0.90321
0.099415
0.868314
0.189755
0.434548
0.383779
0.770362
0.463071
0.190333
0.999861
0.759142
0.749624
0.271651
0.549019
0.585215
0.948235
0.018629
0.009117
0.48765
0.653903
0.557251
0.770837
0.979588
0.839936
0.331397
0.10232
0.767212
0.816264
0.618926
0.269039
0.134794
0.361922
0.224476
0.855824
0.257633
0.715127
0.57889
0.506552
0.331773
0.17144
0.899585
0.087858
0.501486
0.965213
0.265272
0.658008
0.405334
0.017371
0.242713
0.670807
0.667956
0.481647
0.658135
0.062701
0.326421
0.638277
0.404277
0.245507
0.39311
0.829449
0.120568
0.268251
0.197968
0.011539
0.380293
0.562075
0.115581
0.670425
0.72615
0.172627
0.732367
0.858476
0.635299
0.699144
0.285278
0.658386
0.435861
0.298306
0.86614
0.509566
0.479619
0.438599
0.66023
0.474068
0.606737
0.812956
0.01196
0.892262
0.335807
0.090836
0.456065
0.829618
0.296285
0.988006
0.149148
0.418257
0.56469
0.667293
0.524145
0.52962
0.715766
0.079573
0.374775
0.681689
0.002008
0.87444
0.766395
0.212516
0.969536
0.939737
0.368467
0.076105
0.210545
0.860015
0.544071
0.22823
0.30344
0.494987
0.990558
0.370542
0.776408
0.14109
0.147985
0.694569
0.22703
0.801089
0.777032
0.487083
0.030526
0.875901
0.405042
0.022376
0.948194
0.648165
0.547806
0.90512
0.334956
0.835059
0.634426
0.622298
0.791375
0.31172
0.435846
0.221505
0.189495
0.464516
0.829191
0.203844
0.065254
0.900662
0.767482
0.366069
0.576608
0.774389
0.656025
0.320855
0.767586
0.573566
0.773383
0.812659
0.464879
0.087679
0.552787
0.30129
0.299184
0.813704
0.360842
0.952215
0.790746
0.040505
0.947638
0.937665
0.698074
0.201492
0.339753
0.523003
0.852777
0.958632
0.760516
0.41678
0.923196
0.276182
0.841785
0.102558
0.750823
0.643672
0.863048
0.031948
0.68941
0.327216
0.479337
0.728138
0.135987
0.724654
0.905908
0.462219
0.183587
0.195768
0.054831
0.955645
0.960467
0.621146
0.158757
0.707235
0.965267
0.421147
0.155262
0.931717
0.410479
0.404265
0.76859
0.322712
0.183448
0.000696
0.091251
0.664829
0.333189
0.070458
0.826114
0.420817
0.42909
0.039661
0.162771
0.243361
0.463007
0.276407
0.94248
0.495216
0.822959
0.220864
0.701335
0.460711
0.447643
0.750433
0.677907
0.622261
0.065498
0.255726
0.29805
0.013082
0.588344
0.879144
0.764038
0.256173
0.219016
0.404033
0.542667
0.582237
0.350555
0.594512
0.879495
0.889763
0.191971
0.613879
0.881585
0.040374
0.306274
0.677381
0.884266
0.536323
0.400118
0.38821
0.724358
0.699176
0.657285
0.038647
0.419472
0.133145
0.851154
0.707434
0.860177
0.038137
0.023173
0.800906
0.564103
0.671726
0.820472
0.308455
0.020802
0.355696
0.944126
0.029473
0.662287
0.189445
0.951442
0.896673
0.246902
0.632017
0.034653
0.603652
0.08925
0.945203
0.401682
0.847754
0.688833
0.051719
0.870713
0.416641
0.107725
0.025035
0.197722
0.441186
0.868353
0.927758
0.537869
0.694704
0.227243
0.796271
0.841778
0.627592
0.598411
0.304673
0.849045
0.615772
0.549965
0.483562
0.350552
0.79447
0.384775
0.716353
0.346503
0.138066
0.023702
0.011821
0.961421
0.596099
0.029572
0.263051
0.350602
0.61932
0.158019
0.347174
0.420407
0.570314
0.943772
0.033915
0.069622
0.319488
0.264479
0.543371
0.403134
0.897234
0.416475
0.839718
0.554167
0.794981
0.501937
0.175522
0.885954
0.76931
0.557816
0.725889
0.776586
0.770074
0.429815
0.72474
0.158444
0.046416
0.631547
0.615248
0.155212
0.437489
0.363241
0.15596
0.849606
0.379686
0.780484
0.900102
0.600371
0.606909
0.455354
0.057039
0.599376
0.162553
0.528814
0.275129
0.754273
0.621561
0.007787
0.336718
0.564636
0.602502
0.185882
0.58471
0.822445
0.121457
0.162016
0.34929
0.793228
0.483094
0.470546
0.662288
0.575583
0.543866
0.949567
0.206093
0.779755
0.020412
0.404388
0.344765
0.966509
0.563208
0.072517
0.6511
0.369499
0.399966
0.182311
0.498993
0.711528
0.983322
0.633598
0.979427
0.724364
0.953607
0.555842
0.974817
0.846988
0.953542
0.927227
0.839889
0.693526
0.73001
0.057709
0.844669
0.146784
0.653372
0.901256
0.033496
0.287488
0.699691
0.268209
0.32565
0.669364
0.626721
0.991204
0.051351
0.052822
0.874324
0.033993
0.43243
0.107005
0.484025
0.781145
0.90166
0.588269
0.036109
0.169575
0.962576
0.723281
0.518026
0.419422
0.175058
0.366956
0.00713
0.411092
0.188189
0.907138
0.01989
0.132806
0.529617
0.669808
0.54469
0.864103
0.273768
0.273914
0.104397
0.269967
0.00473
0.485187
0.059121
0.519671
0.897757
0.782258
0.350282
0.600115
0.606309
0.191828
0.455929
0.779762
0.641046
0.964751
0.45025
0.676031
0.081153
0.1956
0.081241
0.894478
0.069725
0.75867
0.961681
0.683982
0.620606
0.216216
0.013801
0.120403
0.475658
0.485668
0.528721
0.24632
0.153998
0.539476
0.432847
0.99757
0.131829
0.261411
0.03341
0.22288
0.782179
0.112774
0.184021
0.563162
0.336925
0.379715
0.894537
0.777067
0.941982
0.993535
0.683492
0.132757
0.837789
0.280815
0.521781
0.037823
0.2164
0.621504
0.803008
0.14853
0.947877
0.053742
0.198987
0.836991
0.530477
0.066905
0.280872
0.630173
0.871389
0.119403
0.772627
0.509892
0.472336
0.106383
0.84792
0.298653
0.861576
0.118469
0.176233
0.059942
0.084582
0.655866
0.14352
0.374207
0.538392
0.632583
0.203946
0.215042
0.839742
0.595833
0.059722
0.322874
0.255607
0.205194
0.544013
0.27705
0.636844
0.764819
0.343431
0.493442
0.281688
0.412539
0.603683
0.187182
0.232524
0.398834
0.023987
0.904315
0.61846
0.4438
0.847758
0.400208
0.359668
0.101577
0.940781
0.348844
0.29501
0.090736
0.436619
0.410024
0.827451
0.856537
0.412305
0.260493
0.435954
0.162403
0.720815
0.552104
0.290595
0.288536
0.561667
0.729234
0.516945
0.182044
0.056619
0.475821
0.352982
0.188725
0.814665
0.318588
0.010063
0.83949
0.303183
0.023599
0.121611
0.123815
0.697489
0.388965
0.548807
0.769564
0.186166
0.291782
0.731433
0.120224
0.690497
0.848577
0.548764
0.906327
0.290799
0.586443
0.271967
0.355034
0.46432
0.994704
0.44274
0.823513
0.820745
0.310588
0.07524
0.890375
0.028698
0.939755
0.294563
0.83962
0.107702
0.452779
0.246534
0.041634
0.623234
0.412869
0.691975
0.823168
0.400163
0.627485
0.726645
0.9045
0.859197
0.317414
0.139954
0.254742
0.631851
0.78167
0.4571
0.53114
0.39762
0.087546
0.630113
0.767584
0.164415
0.763128
0.789673
0.058518
0.74881
0.80733
0.250242
0.142428
0.665833
0.344797
0.42565
0.489455
0.651368
0.576999
0.236533
0.421199
0.744215
0.079775
0.162418
0.094773
0.600055
0.772232
0.410276
0.426131
0.308565
0.790334
0.79484
0.935699
0.041424
0.634106
0.494688
0.439541
0.932082
0.559335
0.638354
0.695214
0.764029
0.216492
0.107185
0.812544
0.361647
0.460077
0.750358
0.069564
0.558575
0.883061
0.138432
0.509882
0.626583
0.532331
0.116864
0.224098
0.007117
0.8268
0.506725
0.24569
0.011413
0.424892
0.250297
0.633242
0.019459
0.957467
0.978007
0.921996
0.067685
0.307405
0.327953
0.784448
0.051404
0.905378
0.797914
0.4194
0.145609
0.975762
0.510625
0.533205
0.372093
0.730714
0.01328
0.357485
0.82735
0.294292
0.991856
0.304814
0.931302
0.498282
0.120377
0.845721
0.81104
0.049663
0.145554
0.965347
0.682942
0.582373
0.92765
0.019546
0.761394
0.48045
0.730807
0.252462
0.944124
0.19306
0.657423
0.421529
0.910628
0.398706
0.306932
0.266513
0.373981
0.929996
0.680072
0.861895
0.61755
0.131437
0.710722
0.420963
0.749966
0.553857
0.108292
0.017408
0.106351
0.877195
0.29862
0.465117
0.962634
0.968558
0.884876
0.795664
0.531018
0.86626
0.249536
0.906637
0.774728
0.52679
0.199604
0.943645
0.441033
0.961313
0.156548
0.830358
0.65277
0.973127
0.21235
0.066511
0.038329
0.433692
0.187614
0.955946
0.914678
0.392223
0.987271
0.228362
0.349699
0.346727
0.284876
0.202385
0.734247
0.557599
0.261075
0.672968
0.511895
0.530009
0.284184
0.820658
0.691418
0.851687
0.722656
0.440261
0.041481
0.819261
0.720928
0.1191
0.533984
0.943991
0.825364
0.021576
0.258201
0.263589
0.203917
0.187752
0.189216
0.847348
0.990692
0.606823
0.188758
0.59176
0.66213
0.194731
0.254841
0.981415
0.60444
0.858041
0.498895
0.616903
0.367416
0.332514
0.747297
0.815527
0.121911
0.013867
0.887593
0.007699
0.244978
0.300812
0.637439
0.003499
0.325
0.028758
0.226115
0.239844
0.086441
0.115773
0.911146
0.374144
0.015843
0.1942
0.336316
0.294098
0.928711
0.725679
0.288713
0.347708
0.200307
0.788837
0.251751
0.897934
0.426687
0.340746
0.325933
0.402288
0.481715
0.751205
0.42791
0.784727
0.866934
0.251111
0.060682
0.799724
0.38528
0.105434
0.318374
0.757981
0.284332
0.257846
0.810278
0.035886
0.609615
0.055132
0.99338
0.229407
0.097661
0.982726
0.933235
0.351419
0.790161
0.681209
0.242261
0.787205
0.23394
0.805677
0.475912
0.39793
0.577498
0.827358
0.475138
0.884333
0.492038
0.752849
0.557086
0.243798
0.020573
0.793779
0.731028
0.299292
0.525126
0.080662
0.742552
0.35493
0.973504
0.904511
0.623423
0.30141
0.482874
0.022511
0.070689
0.564881
0.980114
0.359943
0.714877
0.330735
0.172676
0.074208
0.015008
0.145463
0.393269
0.00423
0.193105
0.691251
0.23405
0.611915
0.65865
0.951995
0.327955
0.439339
0.992655
0.700999
0.396001
0.877678
0.733662
0.926718
0.333882
0.881751
2.1e-05
0.977106
0.841
0.882723
0.734379
0.934463
0.433822
0.056876
0.026814
0.476301
0.055956
0.745269
0.663029
0.696547
0.714864
0.964339
0.773812
0.196225
0.934087
0.322133
0.880699
0.599988
0.103729
0.670897
0.916415
0.14649
0.516025
0.758404
0.027285
0.995722
0.895959
0.070495
0.792389
0.620544
0.347174
0.351315
0.042626
0.104145
0.849195
0.839109
0.028445
0.780035
0.722999
0.498189
0.287356
0.856179
0.670956
0.043631
0.876765
0.406566
0.957853
0.109503
0.702772
0.777223
0.595606
0.215063
0.226238
0.844171
0.811239
0.523547
0.675394
0.150166
0.138483
0.490002
0.828582
0.296636
0.199131
0.616986
0.988867
0.736389
0.217548
0.73933
0.758549
0.875773
0.545923
0.498059
0.595473
0.183192
0.043233
0.339753
0.62491
0.509857
0.787121
0.02657
0.316701
0.739085
0.991999
0.264909
0.763264
0.568844
0.412959
0.346243
0.486646
0.258518
0.3878
0.514534
0.168856
0.436114
0.557449
0.992314
0.291454
0.570873
0.137899
0.290655
0.453103
0.886759
0.38881
0.107856
0.61938
0.437904
0.767525
0.582881
0.282205
0.182021
0.74182
0.64199
0.924342
0.000431
0.794956
0.170217
0.803141
0.600174
0.427675
0.970156
0.547081
0.321756
0.677709
0.229346
0.066454
0.320478
0.798723
0.822044
0.044296
0.890817
0.650754
0.865136
0.263422
0.213044
0.250469
0.160322
0.179763
0.577411
0.842428
0.931868
0.808049
0.062934
0.843382
0.987124
0.275616
0.617102
0.117106
0.155111
0.835771
0.456735
0.377039
0.267437
0.421767
0.946576
0.023729
0.67751
0.760609
0.752061
0.705332
0.907715
0.669156
0.180733
0.892774
0.113025
0.287448
0.374332
0.37406
0.484558
0.401431
0.575334
0.680828
0.438375
0.740362
0.974628
0.96049
0.23896
0.407844
0.98174
0.240807
0.393753
0.414234
0.993657
0.026922
0.71332
0.781571
0.471031
0.076882
0.261627
0.691037
0.083557
0.232449
0.135623
0.796026
0.136302
0.594945
0.734173
0.788381
0.7616
0.034381
0.956732
0.715391
0.570013
0.396488
0.631618
0.854077
0.13476
0.49763
0.669273
0.910494
0.574545
0.939464
0.026018
0.029417
0.073373
0.947861
0.382918
0.106228
0.550177
0.727211
0.420269
0.521471
0.87408
0.640587
0.699495
0.750385
0.686808
0.149342
0.92994
0.473687
0.46471
0.869253
0.029845
0.306354
0.054312
0.817126
0.854684
0.158343
0.034096
0.16801
0.33343
0.378435
0.498683
0.010961
0.028715
0.667677
0.063934
0.311578
0.693493
0.401095
0.644488
0.908943
0.530617
0.970741
0.699008
0.14368
0.20838
0.338318
0.215105
0.849821
0.940506
0.136699
0.606432
0.416485
0.416198
0.456325
0.059448
0.844119
0.772471
0.113346
0.108896
0.048848
0.065074
0.221376
0.750543
0.939301
0.947294
0.055368
0.367648
0.588831
0.283817
0.469269
0.021456
0.420361
0.843916
0.384031
0.641256
0.542799
0.838249
0.634686
0.276455
0.817582
0.563186
0.092991
0.144286
0.61132
0.624519
0.383114
0.309379
0.351757
0.118179
0.947558
0.801503
0.667664
0.535759
0.411985
0.242611
0.310384
0.420388
0.317041
0.171701
0.987022
0.509669
0.941327
0.257024
0.853283
0.022332
0.412476
0.883564
0.789881
0.908337
0.682858
0.028291
0.6374
0.314892
0.934942
0.951955
0.703591
0.774336
0.244097
0.3068
0.74576
0.972739
0.384753
0.952895
0.024501
0.50707
0.087838
0.824388
0.186434
0.90062
0.905249
0.718265
0.136093
0.70183
0.602528
0.545726
0.967893
0.489416
0.714006
0.081084
0.806597
0.547827
0.884242
0.518971
0.920555
0.264069
0.925777
0.661296
0.270396
0.282537
0.11952
0.919494
0.787905
0.066686
0.830167
0.244627
0.223402
0.014694
0.046784
0.971834
0.249557
0.892644
0.728827
0.128473
0.571138
0.133164
0.597342
0.658986
0.494616
0.698661
0.60736
0.755767
0.024497
0.329051
0.229205
0.002246
0.159436
0.377814
0.689916
0.887163
0.122196
0.365349
0.543087
0.089327
0.223753
0.829202
0.864138
0.853432
0.82959
0.61509
0.128258
0.152184
0.736445
0.950652
0.489377
0.778841
0.705113
0.298619
0.41778
0.998663
0.231297
0.091138
0.977108
0.117168
0.817353
0.212539
0.323997
0.50603
0.402674
0.163297
0.555763
0.917812
0.391489
0.391541
0.570748
0.794935
0.892657
0.506842
0.413102
0.091391
0.85006
0.961603
0.04768
0.614221
0.925604
0.106786
0.168518
0.603039
0.931688
0.367439
0.160091
0.09534
0.785376
0.142902
0.203575
0.162398
0.004885
0.628591
0.247322
0.356847
0.537601
0.709734
0.432133
0.676143
0.962398
0.224518
0.218284
0.448358
0.291044
0.438404
0.104984
0.031538
0.681556
0.967506
0.757839
0.131664
0.881087
0.631565
0.34118
0.686423
0.754371
0.147687
0.656979
0.091426
0.655737
0.35242
0.203606
0.883562
0.161643
0.50964
0.76911
0.365157
0.029583
0.271284
0.597684
0.843464
0.493185
0.063491
0.249344
0.819333
0.545535
0.586491
0.267793
0.791117
0.331028
0.616712
0.563052
0.392559
0.145107
0.716454
0.594109
0.464221
0.775478
0.88646
0.402504
0.943753
0.648213
0.745085
0.767534
0.315325
0.727287
0.343938
0.654993
0.898672
0.697652
0.792952
0.933704
0.461003
0.562327
0.024242
0.739063
0.421274
0.236107
0.307314
0.028049
0.096169
0.800587
0.759094
0.888582
0.584562
0.807819
0.837567
0.098177
0.304399
0.095178
0.971007
0.007764
0.855837
0.326031
0.367154
0.730366
0.569509
0.011042
0.049121
0.438257
0.361899
0.409395
0.63996
0.33864
0.380097
0.004266
0.17472
0.235459
0.313795
0.298567
0.995766
0.407493
0.696087
0.21305
0.171675
0.656923
0.294251
0.126417
0.715493
0.962491
0.814377
0.092023
0.811953
0.739392
0.236428
0.669802
0.584879
0.894346
0.039608
0.680291
0.902963
0.844325
0.795383
0.445528
0.292785
0.178298
0.775291
0.223213
0.028738
0.270778
0.980755
0.587359
0.649022
0.083867
0.154173
0.954577
0.184891
0.269233
0.711847
0.165885
0.997207
0.108895
0.717316
0.892273
0.20727
0.591606
0.332194
0.133093
0.217021
0.308644
0.193254
0.757739
0.502853
0.7754
0.215359
0.246575
0.958579
0.63155
0.164567
0.493146
0.183982
0.039348
0.488406
0.095174
0.458919
0.957087
0.842094
0.801377
0.061734
0.086906
0.912779
0.515739
0.951483
0.216444
0.897754
0.454265
0.449803
0.668611
0.828911
0.436202
0.621487
0.860779
0.01706
0.316835
0.191612
0.932885
0.843796
0.617778
0.299079
0.324529
0.30128
0.125369
0.261967
0.795072
0.120936
0.602216
0.897418
0.11823
0.814155
0.15499
0.156334
0.221538
0.096586
0.832554
0.67478
0.92072
0.898343
0.026302
0.24762
0.572574
0.428618
0.613149
0.180359
0.85091
0.670754
0.714338
0.809516
0.097544
0.773487
0.110897
0.912678
0.000586
0.428285
0.308337
0.026919
0.495777
0.415355
0.863408
0.256387
0.61993
0.74791
0.158782
0.711026
0.176833
0.948074
0.796013
0.232266
0.236247
0.551526
0.819742
0.714139
0.529072
0.06875
0.597629
0.914716
0.028424
0.090103
0.560842
0.596748
0.095193
0.434018
0.208452
0.113217
0.020626
0.396118
0.17981
0.769076
0.985158
0.969189
0.247033
0.537703
0.949403
0.988797
0.41225
0.911091
0.675985
0.97455
0.69515
0.153693
0.371906
0.323553
0.046223
0.61941
0.640164
0.007067
0.620583
0.735832
0.706245
0.823391
0.088136
0.912874