128 4
0
37
49
65
83
1
8
35
63
118
2
9
16
104
107
3
63
83
98
115
4
26
54
91
104
1
5
6
74
118
6
22
89
97
124
7
11
47
51
117
8
82
90
100
126
9
21
42
77
81
10
49
99
102
124
11
14
45
109
125
12
17
85
107
127
7
13
28
44
95
11
14
18
24
69
15
74
105
119
122
10
16
45
55
56
17
33
77
98
119
18
62
87
96
98
17
19
100
118
127
8
20
50
51
103
16
21
29
77
107
2
9
22
62
118
12
23
78
81
98
24
51
62
92
124
25
45
50
86
114
26
41
63
82
121
27
44
57
64
77
8
13
15
28
125
12
29
82
88
100
18
30
42
106
119
2
5
29
31
74
32
37
77
97
103
12
18
33
99
119
4
34
42
102
108
21
28
35
61
86
15
36
76
77
115
32
33
37
92
107
11
38
54
61
77
39
42
94
110
120
37
40
61
63
80
41
43
112
114
119
0
42
55
65
125
43
48
50
83
109
44
102
103
104
109
29
43
45
75
90
45
46
76
82
98
1
22
47
80
106
13
31
48
56
121
42
49
91
96
97
50
55
81
86
106
5
10
17
51
53
4
5
19
41
52
5
53
62
72
127
3
10
54
66
68
30
42
53
55
56
11
30
52
56
83
1
56
57
94
104
3
36
58
108
111
11
35
59
92
116
44
55
60
121
125
9
13
61
75
88
33
62
70
88
105
62
63
79
87
91
4
11
26
42
64
23
30
61
65
122
5
42
56
66
90
16
50
67
86
106
59
68
94
99
119
16
54
69
78
124
18
30
70
97
118
12
15
17
71
100
22
23
72
94
101
3
16
30
65
73
61
67
74
90
101
14
69
72
75
107
20
70
75
76
108
58
66
76
77
123
31
78
101
110
122
19
61
73
79
80
23
35
80
85
111
65
75
81
89
97
4
30
33
82
94
2
34
66
83
85
59
84
96
98
101
46
85
92
93
96
9
42
55
86
123
43
54
87
103
116
53
70
73
88
115
26
65
78
89
103
14
38
70
90
122
29
51
91
105
113
2
37
38
87
92
3
27
57
78
93
38
71
81
94
100
4
18
43
59
95
1
27
82
92
96
4
53
60
97
100
49
75
90
92
98
87
99
115
124
125
16
66
70
100
122
24
93
101
104
123
88
102
109
113
114
50
75
100
103
105
2
64
85
104
119
7
67
93
105
122
38
59
83
106
110
64
67
78
107
118
89
91
96
105
108
18
20
43
109
113
22
34
59
94
110
10
40
82
97
111
8
20
67
99
112
17
48
63
107
113
43
71
97
110
114
21
25
26
115
121
7
13
65
92
116
18
26
63
83
117
5
47
78
112
118
29
84
98
102
119
6
22
44
84
120
4
19
96
108
121
3
13
51
61
122
29
38
46
58
123
19
49
69
90
124
37
42
100
119
125
39
40
52
107
126
32
39
66
98
127
0.672191
0.114653
0.363344
0.709247
0.145268
0.258486
0.179923
0.492839
0.56183
0.440169
0.539163
0.012704
0.161649
0.968132
0.618466
0.008622
0.047145
0.790669
0.082454
0.969954
0.370815
0.222166
0.745852
0.19743
0.599928
0.715724
0.173222
0.303507
0.05375
0.634416
0.460781
0.393668
0.329951
0.00143
0.527246
0.286683
0.688708
0.085035
0.918046
0.048963
0.076467
0.535294
0.940101
0.268697
0.841451
0.298405
0.070696
0.270542
0.991441
0.672179
0.219697
0.126507
0.814152
0.785446
0.709861
0.09261
0.736887
0.912896
0.472883
0.245423
0.436904
0.312089
0.811586
0.368414
0.810621
0.152117
0.133528
0.300149
0.299665
0.920333
0.26592
0.895935
0.430581
0.812543
0.48448
0.937543
0.104701
0.548588
0.649612
0.410138
0.124481
0.032881
0.262878
0.898854
0.743401
0.808751
0.489986
0.17845
0.082561
0.030252
0.643703
0.799925
0.09636
0.289754
0.796616
0.345449
0.013626
0.420572
0.364761
0.138152
0.74478
0.12422
0.567064
0.458037
0.990948
0.490882
0.004864
0.357655
0.305595
0.848672
0.948828
0.35416
0.15877
0.501368
0.976418
0.281888
0.798037
0.943501
0.995241
0.629076
0.070811
0.183667
0.692912
0.200146
0.048252
0.043774
0.651377
0.933688
0.451632
0.895004
0.056857
0.516256
0.864598
0.328673
0.38335
0.768017
0.051465
0.388693
0.098445
0.916533
0.591538
0.16064
0.237598
0.830683
0.669506
0.512841
0.072048
0.476664
0.058154
0.212748
0.830867
0.82814
0.132661
0.058652
0.067549
0.60577
0.608082
0.89056
0.727399
0.073392
0.638094
0.044408
0.591582
0.91926
0.710786
0.20986
0.413195
0.853724
0.47371
0.148901
0.627511
0.563842
0.351007
0.195756
0.823048
0.196507
0.788162
0.635835
0.425296
0.433542
0.352662
0.602123
0.090589
0.695446
0.759411
0.182328
0.638471
0.280533
0.453651
0.158127
0.125632
0.758865
0.725984
0.271554
0.200554
0.092652
0.509845
0.595946
0.625158
0.918644
0.846458
0.153084
0.140414
0.196273
0.494247
0.555767
0.148061
0.542101
0.65029
0.978854
0.217349
0.995912
0.006595
0.866419
0.490115
0.788465
0.932659
0.413061
0.329852
0.115333
0.137194
0.558114
0.291617
0.278002
0.965356
0.855541
0.52868
0.154991
0.578993
0.189113
0.902262
0.79082
0.177389
0.714363
0.511696
0.386943
0.057794
0.981856
0.941713
0.772039
0.228791
0.578555
0.680491
0.56994
0.905685
0.855416
0.415855
0.856541
0.716671
0.964541
0.24302
0.754455
0.574062
0.028244
0.10116
0.528019
0.768042
0.116384
0.199145
0.211621
0.144914
0.271233
0.966115
0.189823
0.718037
0.660716
0.503603
0.430136
0.633675
0.279366
0.374723
0.056044
0.601307
0.771895
0.56517
0.607165
0.788033
0.932539
0.837519
0.849488
0.49928
0.143976
0.544689
0.696986
0.311173
0.314302
0.43639
0.189426
0.196121
0.120817
0.491233
0.995868
0.120899
0.613823
0.313026
0.224926
0.110136
0.481287
0.683011
0.430729
0.633229
0.359254
0.63121
0.810855
0.58796
0.680543
0.288699
0.208919
0.583008
0.302139
0.105722
0.201908
0.802004
0.471327
0.107004
0.345951
0.300516
0.590094
0.289849
0.698114
0.206859
0.678895
0.285071
0.837889
0.295139
0.470411
0.941364
0.384352
0.171359
0.760996
0.343889
0.871665
0.017944
0.755186
0.968869
0.433507
0.475017
0.799867
0.605218
0.470147
0.033803
0.569333
0.344259
0.807318
0.159071
0.517121
0.806569
0.904575
0.363582
0.150429
0.968581
0.426106
0.985342
0.928208
0.474845
0.149359
0.113239
0.495195
0.626496
0.670431
0.523281
0.920555
0.927692
0.957805
0.233065
0.220789
0.732247
0.439432
0.948192
0.565375
0.163969
0.137553
0.04633
0.981686
0.253798
0.540126
0.758534
0.516918
0.809205
0.55793
0.054371
0.846805
0.743453
0.922477
0.533921
0.4123
0.30351
0.732711
0.198815
0.707695
0.852074
0.017482
0.578075
0.79429
0.257331
0.013601
0.103139
0.143234
0.444255
0.38101
0.736306
0.537753
0.400576
0.375186
0.243107
0.494636
0.688779
0.928273
0.550011
0.926112
0.298417
0.917778
0.944677
0.833234
0.756818
0.230223
0.008609
0.853331
0.879439
0.905455
0.149056
0.539611
0.902163
0.995081
0.838303
0.952298
0.250645
0.769011
0.783777
0.114579
0.632747
0.439894
0.966981
0.083205
0.039104
0.989126
0.144509
0.606915
0.532719
0.936721
0.222315
0.468692
0.932992
0.755575
0.339021
0.997364
0.883124
0.516273
0.906806
0.754914
0.013986
0.22151
0.304535
0.663799
0.413692
0.506219
0.971675
0.264826
0.578738
0.016715
0.96405
0.324362
0.685494
0.054601
0.758109
0.428785
0.410655
0.146676
0.966863
0.182191
0.92796
0.134694
0.117082
0.684743
0.499569
0.914264
0.13374
0.66532
0.004099
0.516888
0.469225
0.171371
0.744452
0.778282
0.263446
0.691644
0.22205
0.439342
0.154513
0.23588
0.107381
0.588975
0.180573
0.542603
0.930795
0.649992
0.041847
0.5612
0.308435
0.310744
0.843438
0.090192
0.305469
0.01021
0.080608
0.800477
0.455924
0.576131
0.958825
0.949054
0.20418
0.61265
0.578955
0.476799
0.214307
0.402264
0.177503
0.080933
0.004949
0.924701
0.952373
0.004843
0.94869
0.701143
0.047199
0.147508
0.226101
0.485742
0.552783
0.724451
0.510304
0.924788
0.082892
0.790467
0.543105
0.906185
0.13796
0.207524
0.904451
0.376421
0.393153
0.120298
0.601809
0.839035
0.352121
0.584741
0.878612
0.116301
0.060681
0.846448
0.061447
0.671686
0.961072
0.502588
0.159883
0.119974
0.889915
0.655808
0.17541
0.659625
0.268539
0.880483
0.292258
0.291364
0.896814
0.034173
0.337301
0.489432
0.812919
0.903783
0.40389
0.530515
0.30125
0.905635
0.099467
0.097778
0.26418
0.784455
0.489992
0.497541
0.904999
0.622994
0.919273
0.389792
0.185899
0.556104
0.652215
0.950162
0.089543
0.919991
0.588419
0.864747
0.095286
0.552482
0.855379
0.865717
0.002813
0.245661
0.532905
0.310226
0.290238
0.311937
0.218775
0.946154
0.847268
0.158606
0.877802
0.859225
0.291402
0.088179
0.581674
0.161582
0.325552
0.155373
0.653904
0.55872
0.898438
0.752933
0.939541
0.264879
0.860187
0.832037
0.457691
0.049141
0.879954
0.495341
0.485874
0.726163
0.903796
0.960704
0.419954
0.315004
0.04868
0.755725
0.283837
0.042406
0.919463
0.758577
0.177013
0.090271
0.633413
0.593623
0.075731
0.035816
0.777157
0.545551
0.975683
0.735349
0.347437
0.587981
0.44306
0.070176
0.425437
0.93226
0.270025
0.665733
0.962559
0.708391
0.539172
0.470714
0.657584
0.327152
0.555995
0.32169
0.755883
0.535931
0.084786
0.520941
0.966214
0.707734
0.269149
0.694155
0.659757
0.008382
0.381233
0.183789
0.403841
0.242075
0.659147
0.146391
0.379635
0.760344
0.783659
0.607102
0.971051
0.987082
0.701253
0.681011
0.919465
0.655636
0.151866
0.628194
0.389723
0.27674
0.449077
0.809284
0.690735
0.209184
0.658001
0.993081
0.589157
0.436436
0.595643
0.235383
0.102027
0.431914
0.107249
0.610041
0.963919
0.836278
0.220957
0.776716
0.183965
0.578458
0.734904
0.766237
0.9539
0.549675
0.814588
0.936514
0.618991
0.302788
0.983635
0.374589
0.292177
0.550063
0.990089
0.123108
0.504463
0.532508
0.816208
0.327666
0.07642
0.081782
0.864961
0.729795
0.824213
0.939728
0.486614
0.623126
0.146163
0.359745
0.187718
0.71063
0.550076
0.973191
0.923924
0.602043
0.072229
0.508433
0.532125
0.479712
0.408763
0.22267
0.592417
0.571155
0.916794
0.26694
0.697762
0.052381
0.986447
0.925328
0.480835
0.878196
0.07606
0.606024
0.257599
0.924021
0.932248
0.197336
0.138605
0.433708
0.160089
0.438034
0.71483
0.902496
0.096662
0.900566
0.665955
0.532696
0.2295
0.641275
0.038032
0.64133
0.971479
0.848723
0.727074
0.003512
0.211279
0.864469
0.507814
0.158594
0.677741
0.124926
0.023399
0.819196
0.74746
0.934012
0.54458
0.359359
0.868137
0.537259
0.512317
0.523021
0.860718
0.158058
0.703901
0.170873
0.296881
0.886171
0.569547
0.719881
0.419097
0.077376
0.974692
0.623232
0.276347
0.815298
0.395983
0.596768
0.853646
0.71222
0.061721
0.574055
0.180501
0.714926
0.863108
0.270064
0.500619
0.220195
0.774302
0.828824
0.460357
0.97209
0.653646
0.711108
0.326036
0.944269
0.715422
0.325419
0.286648
0.221019
0.376257
0.765119
0.784139
0.926607
0.971959
0.78103
0.220498
0.122348
0.194812
0.017325
0.190445
0.891253
0.408926
0.282697
0.157497
0.944589
0.744832
0.359316
0.943062
0.656505
0.154831
0.595572
0.596364
0.939224
0.321739
0.228223
0.900819
0.87178
0.287633
0.988708
0.454778
0.200879
0.255536
0.52413
0.599041
0.931906
0.358056
0.973378
0.969889
0.425806
0.255415
0.227229
0.678305
0.938074
0.586632
0.996813
0.789169
0.503513
0.687594
0.83092
0.864745
0.621099
0.816811
0.1828
0.419744
0.225071
0.704406
0.930771
0.731484
0.834749
0.563353
0.258152
0.19432
0.314203
0.493912
0.548127
0.972506
0.409714
0.532163
0.795119
0.545216
0.816709
0.329547
0.952625
0.11889
0.143589
0.865092
0.01135
0.976368
0.169396
0.290926
0.832707
0.776886
0.832831
0.616036
0.506201
0.946079
0.665963
0.623418
0.069362
0.803584
0.255891
0.399651
0.018166
0.570953
0.318025
0.219732
0.061461
0.213843
0.630665
0.784671
0.945003
0.04004
0.882498
0.16627
0.815944
0.217371
0.350562
0.892101
0.689666
0.321941
0.78659
0.437233
0.880975
0.843315
0.905025
0.205035
0.229785
0.795308
0.143464
0.391014
0.051981
0.788099
0.890642
0.473149
0.43656
0.449414
0.732287
0.991739
0.33949
0.809003
0.045326
0.339131
0.938155
0.181348
0.803917
0.982667
0.14088
0.397593
0.551833
0.900146
0.895704
0.265747
0.174067
0.838112
0.537038
0.835173
0.222741
0.054107
0.219149
0.27671
0.838467
0.753103
0.256129
0.715648
0.029253
0.415075
0.589083
0.269129
0.453117
0.456675
0.726966
0.182043
0.593875
0.518338
0.523422
0.422432
0.150956
0.600709
0.847279
0.65385
0.065424
0.362137
0.999695
0.263951
0.248004
0.912551
0.34522
0.74826
0.678106
0.981308
0.73064
0.717032
0.515358
0.045914
0.604567
0.598562
0.950578
0.326051
0.73082
0.096284
0.356028
0.793106
0.678685
0.155136
0.754428
0.912983
0.294993
0.024976
0.572774
0.385779
0.201886
0.571756
0.351954
0.733347
0.565842
0.740687
0.618696
0.740425
0.543221
0.115495
0.786312
0.479073
0.776749
0.342438
0.195255
0.831876
0.671351
0.557576
0.228067
0.832914
0.005481
0.776083
0.591767
0.045409
0.730018
0.008163
0.34912
0.098277
0.432829
0.82145
0.086583
0.660086
0.865596
0.360527
0.551207
0.821955
0.002303
0.46503
0.356463
0.174302
0.064884
0.482592
0.475026
0.458499
0.124313
0.58881
0.608517
0.882577
0.023582
0.819862
0.832201
0.615679
0.935726
0.755112
0.652982
0.712848
0.433143
0.762168
0.977326
0.161017
0.140494
0.215147
0.710536
0.897309
0.255717
0.377113
0.910787
0.045854
0.178689
0.43706
0.269095
0.778311
0.291406
0.269594
0.018534
0.305019
0.566988
0.280653
0.060568
0.296018
0.48328
0.301548
0.159391
0.759223
0.252317
0.803943
0.062287
0.801388
0.350094
0.8128
0.417013
0.284004
0.945919
0.755543
0.676317
0.746446
0.554789
0.884049
0.815729
0.257061
0.513868
0.184829
0.693137
0.71429
0.314646
0.747608
0.54456
0.813453
0.760864
0.645196
0.821312
0.803472
0.483986
0.957058
0.52893
0.924014
0.920539
0.426881
0.169118
0.695643
0.497179
0.696355
0.455346
0.274558
0.186261
0.188321
0.019049
0.420883
0.649708
0.74597
0.467803
0.787317
0.87212
0.037587
0.147258
0.57531
0.851625
0.725296
0.740181
0.48255
0.455587
0.102143
0.489824
0.329648
0.496278
0.084322
0.640017
0.806566
0.881713
0.876934
0.632926
0.754299
0.907189
0.955557
0.205068
0.566979
0.947449
0.599024
0.049783
0.43825
0.792793
0.32354
0.01736
0.575883
0.526727
0.279071
0.893006
0.651679
0.506964
0.948266
0.009358
0.056076
0.696511
0.547007
0.745989
0.60922
0.889054
0.232621
0.307062
0.839338
0.203378
0.586354
0.032043
0.383195
0.320819
0.387218
0.986031
0.213959
0.460452
0.168677
0.222276
0.376633
0.016954
0.867261
0.412585
0.108034
0.866279
0.031946
0.714341
0.979217
0.96328
0.700727
0.323057
0.076032
0.526991
0.509532
0.303807
0.560808
0.869662
0.804294
0.270156
0.380357
0.11523
0.346259
0.214656
0.581574
0.932957
0.593046
0.652476
0.611725
0.299722
0.703176
0.732294
0.50287
0.938115
0.636258
0.762093
0.305373
0.107039
0.366062
0.511551
0.793595
0.439405
0.05309
0.243858
0.917599
0.756598
0.866615
0.764133
0.310316
0.484982
0.158331
0.144887
0.383958
0.119993
0.837342
0.570574
0.528984
0.31666
0.140803
0.571524
0.79388
0.378945
0.845091
0.955149
0.376023
0.474796
0.410311
0.645832
0.160736
0.750043
0.639706
0.289848
0.205993
0.808723
0.591946
0.67887
0.406531
0.985689
0.686605
0.687922
0.848176
0.949843
0.961408
0.390364
0.697866
0.757247
0.336842
0.488425
0.638809
0.867541
0.595787
0.087663
0.292429
0.605177
0.333005
0.804157
0.330956
0.058534
0.170323
0.294697
0.245781
0.557752
0.947665
0.157847
0.310811
0.099366
0.680516
0.898885
0.506758
0.375218
0.045487
0.648879
0.484639
0.598719
0.640622
0.424089
0.358376
0.669813
0.219888
0.699652
0.683233
0.402128
0.120581
0.802355
0.843153
0.659295
0.837958
0.305694
0.942019
0.070646
0.45252
0.158336
0.811009
0.727684
0.047263
0.843683
0.760297
0.841514
0.119372
0.165628
0.872169
0.517668
0.95031
0.140471
0.305989
0.517848
0.618051
0.349221
0.092658
0.871688
0.154733
0.854401
0.863158
0.778142
0.728693
0.050858
0.665889
0.905139
0.352871
0.292593
0.227783
0.56239
0.221264
0.205958
0.275021
0.979391
0.821544
0.414034
0.510083
0.47861
0.859171
0.509389
0.150916
0.175682
0.321992
0.774467
0.267163
0.170849
0.332411
0.928195
0.556531
0.660481
0.882285
0.498441
0.500832
0.17164
0.231465
0.802387
0.602034
0.202595
0.670049
0.872545
0.274103
0.520746
0.39697
0.313092
0.711215
0.77275
0.053096
0.79779
0.787355
0.760435
0.215654
0.284921
0.893616
0.49936
0.519649
0.618374
0.189187
0.205386
0.045581
0.516188
0.566881
0.303525
0.020881
0.679262
0.894371
0.180813
0.794112
0.451626
0.186387
0.174955
0.530435
0.588866
0.941213
0.759549
0.572469
0.316375
0.549409
0.274663
0.702457
0.171372
0.180331
0.37936
0.63678
0.609286
0.797025
0.378347
0.062189
0.14177
0.85009
0.562332
0.849865
0.876444
0.74569
0.020679
0.820639
0.7536
0.207152
0.096188
0.070988
0.872167
0.09333
0.461192
0.459865
0.553583
0.222381
0.235889
0.044415
0.657418
0.89197
0.714276
0.569889
0.527656
0.764074
0.743089
0.059464
0.831348
0.513281
0.203059
0.989649
0.077024
0.748399
0.735533
0.989163
0.47113
0.655361
0.454068
0.536726
0.534343
0.771998
0.839184
0.86249
0.969512
0.153418
0.314437
0.729534
0.156078
0.651333
0.94804
0.596474
0.33953
0.915566
0.853335
0.044
0.971509
0.776109
0.751435
0.41918
0.927902
0.40832
0.605356
0.553232
0.949769
0.798993
0.851661
0.502933
0.874523
0.22256
0.751592
0.897946
0.613209
0.833911
0.770444
0.395267
0.178099
0.833534
0.403461
0.025492
0.60732
0.876249
0.078421
0.723487
0.193477
0.010436
0.932947
0.96506
0.372499
0.905162
0.971046
0.341346
0.052666
0.013113
0.551117
0.054026
0.065436
0.332587
0.305991
0.44074
0.329905
0.037573
0.327
0.863099
0.691757
0.896266
0.160274
0.412509
0.19538
0.311838
0.095989
0.63381
0.521628
0.897899
0.351855
0.825692
0.030102
0.060814
0.49897
0.882516
0.60948
0.51217
0.787548
0.253338
0.066634
0.641915
0.557109
0.843716
0.785025
0.514506
0.921109
0.318181
0.176287
0.435417
0.066961
0.638346
0.305871
0.862026
0.738473
0.864889
0.372374
0.220191
0.403607
0.458384
0.749312
0.735505
0.162133
0.675441
0.746666
0.205733
0.452495
0.589472
0.00915
0.607484
0.674251
0.348605
0.43713
0.801311
0.913705
0.392027
0.190181
0.429073
0.432856
0.743589
0.315564
0.085261
0.619341
0.046014
0.826522
0.623506
0.364132
0.607642
0.725455
0.607005
0.978992
0.785238
0.232817
0.334913
0.916135
0.961678
0.288891
0.479221
0.38175
0.034041
0.536246
0.046216
0.124736
0.837528
0.853654
0.814988
0.20544
0.021054
0.270401
0.831502
0.726834
0.269849
0.001864
0.902215
0.768176
0.911047
0.464391
0.704279
0.264972
0.861828
0.404359
0.997199
0.938811
0.009945
0.406986
0.679964
0.611615
0.098433
0.315229
0.480029
0.798238
0.172366
0.601077
0.336553
0.367817
0.337928
0.979523
0.909631
0.235616
0.519179
0.235629
0.556263
0.679914
0.63049
0.657134
0.391753
0.050501
0.678376
0.441015
0.194427
0.033546
0.398759
0.490928
0.097075
0.151875
0.838772
0.226662
0.381244
0.125754
0.300715
0.569693
0.299573
0.306971
0.513239
0.600558
0.420409
0.685467
0.022
0.331264
0.381603
0.866731
0.784136
0.795135
0.475289
0.947086
0.749378
0.701272
0.8001
0.636995
0.519048
0.178708
0.792203
0.759166
0.08591
0.638379
0.32078
0.876393
0.480267
0.951736
0.331759
0.693252
0.002157
0.536698
0.638608
0.534581
0.541413
0.582003
0.378437
0.649784
0.13229
0.321923
0.335512
0.904638
0.254464
0.409484
0.252122
0.82773
0.896208
0.188374
0.316715
0.849748
0.016233
0.984954
0.985817
0.324733
0.930635
0.625368
0.909213
0.728777
0.393646
0.37911
0.86499
0.405106
0.518668
0.328243
0.739606
0.180341
0.069736
0.475167
0.498267
0.747782
0.676792
0.019914
0.56009
0.168004
0.502955
0.812515
0.706898
0.766947
0.730712
0.733256
0.356384
0.293118
0.429681
0.512766
0.238968
0.920611
0.407173
0.002472
0.47945
0.99643
0.57406
0.363676
0.367267
0.168894
0.891421
0.195718
0.239351
0.281774
0.870365
0.456297
0.238324
0.93166
0.221483
0.22952
0.659827
0.219265
0.422299
0.076755
0.443929
0.193807
0.861124
0.863028
0.235036
0.904715
0.685438
0.523823
0.648013
0.864479
0.026173
0.613869
0.40333
0.408816
0.57797
0.072445
0.073969
0.67621
0.399643
0.312093
0.650476
0.042984
0.342537
0.470874
0.125853
0.695738
0.294863
0.090396
0.25332
0.831526
0.237649
0.409929
0.596234
0.771243
0.200176
0.109259
0.07353
0.723137
0.757178
0.974895
0.421148
0.991165
0.496691
0.49986
0.386766
0.953508
0.278524
0.827117
0.099997
0.961252
0.235768
0.391607
0.685131
0.487059
0.432135
0.396243
0.759005
0.778499
0.664503
0.806148
0.459852
0.157911
0.771991
0.296219
0.793859
0.866788
0.247598
0.376397
0.665381
0.716296
0.580875
0.53824
0.003731
0.909608
0.425451
0.877928
0.76394
0.32986
0.063599
0.886716
0.83553
0.078048
0.127429
0.283248
0.491026
0.607785
0.815685
0.12982
0.410443
0.138909
0.257234
0.398101
0.523661
0.862196
0.440651
0.179228
0.460893
0.259709
0.153731
0.770118
0.782256
0.777277
0.781738
0.638149
0.109955
0.386716
0.305816
0.863297
0.067167
0.624832
0.326799
0.728815
0.978254
0.065044
0.119403
0.866631
0.106969
0.941056
0.527046
0.671907
0.826684
0.034545
0.844039
0.432091
0.405292
0.377543
0.47987
0.647795
0.575604
0.504311
0.528716
0.638807
0.470926
0.337659
0.283308
0.75122
0.939434
0.839776
0.145918
0.481145
0.959685
0.621693
0.466753
0.814193
0.504303
0.710927
0.802317
0.993111
0.742665
0.638547
0.992128
0.861573
0.28962
0.645696
0.757267
0.329687
0.021997
0.302875
0.525461
0.418057
0.266983
0.969309
0.13062
0.298772
0.549417
0.591052
0.38508
0.994185
0.651251
0.449838
0.482195
0.863257
0.971965
0.849221
0.962934
0.865367
0.590927
0.399977
0.190517
0.909728
0.720852
0.822666
0.893272
0.361153
0.372671
0.349087
0.429921
0.367539
0.078183
0.884089
0.146935
0.288016
0.858907
0.878803
0.115378
0.90113
0.194441
0.075652
0.747787
0.315521
0.850005
0.05553
0.85969
0.151871
0.410023
0.965009
0.641798
0.047158
0.319292
0.431328
0.476741
0.511165
0.496269
0.023526
0.801126
0.110068
0.166771
0.327099
0.311293
0.175524
0.011321
0.922595
0.344938
0.528127
0.000947
0.252409
0.343407
0.824213
0.978727
0.762407
0.720338
0.954902
0.660181
0.645894
0.534686
0.641098
0.91297
0.072722
0.420591
0.168201
0.951325
0.36254
0.49266
0.383859
0.952175
0.848123
0.420678
0.821634
0.998304
0.32456
0.413876
0.780427
0.491058
0.938667
0.367627
0.485131
0.68277
0.045282
0.189532
0.485901
0.841662
0.880395
0.967149
0.85732
0.951637
0.741572
0.493425
0.485663
0.649865
0.918597
0.431268
0.537588
0.15473
0.335162
0.358809
0.539662
0.467761
0.495363
0.238693
0.071464
0.47328
0.875363
0.880615
0.738566
0.358154
0.932636
0.874897
0.390826
0.190568
0.621537
0.808231
0.970921
0.429615
0.673567
0.569625
0.337053
0.803164
0.649714
0.905268
0.027258
0.964279
0.973531
0.515515
0.706059
0.59899
0.858587
0.137406
0.656439
0.967009
0.464296
0.554915
0.313082
0.64659
0.277123
0.495983
0.27136
0.074344
0.379035
0.35745
0.241415
0.00778
0.882373
0.28622
0.334536
0.414758
0.059175
0.558152
0.203004
0.778258
0.297112
0.749475
0.820027
0.639421
0.703612
0.750054
0.519913
0.150495
0.51831
0.33225
0.51372
0.19696
0.456452
0.427596
0.044083
0.28893
0.21469
0.196973
0.092017
0.319255
0.359252
0.50304
0.081956
0.262328
0.869638
0.501133
0.178869
0.10986
0.917929
0.915845
0.063119
0.963599
0.508667
0.480857
0.259147
0.920575
0.330398
0.711677
0.536528
0.063442
0.790862
0.934559
0.587195
0.122249
0.709846
0.729049
0.369278
0.086096
0.399787
0.247211
0.332305
0.896648
0.441449
0.562645
0.369143
0.152148
0.118633
0.334749
0.066678
0.855242
0.575368
0.42226
0.546931
0.547146
0.108549
0.448235
0.79668
0.833627
0.433014
0.582591
0.652402
0.081235
0.183052
0.321877
0.712247
0.435306
0.171547
0.388518
0.561126
0.677497
0.432605
0.373969
0.754401
0.989987
0.322487
0.591204
0.559189
0.609339
0.694345
0.993226
0.113198
0.150987
0.08685
0.851757
0.664809
0.060822
0.542671
0.337172
0.286533
0.860843
0.300395
0.162326
0.41758
0.071622
0.687013
0.991163
0.815777
0.625876
0.067278
0.709436
0.644884
0.751146
0.878557
0.881418
0.848911
0.598135
0.299216
0.812567
0.78994
0.497924
0.821302
0.508585
0.026562
0.965002
0.385832
0.018364
0.582023
0.835939
0.223372
0.590118
0.037243
0.649601
0.401321
0.8813
0.597446
0.334214
0.409834
0.668996
0.361436
0.13652
0.519306
0.577895
0.187254
0.782148
0.21908
0.398004
0.647882
0.426031
0.112108
0.965721
0.016047
0.797207
0.946035
0.001582
0.61067
0.225919
0.542108
0.643454
0.490387
0.371848
0.765023
0.454991
0.88428
0.613895
0.544252
0.532399
0.557203
0.035937
0.815034
0.409223
0.878037
0.945445
0.585709
0.187591
0.744517
0.229973
0.491271
0.043667
0.947576
0.067588
0.448082
0.081832
0.822901
0.091012
0.225483
0.402045
0.632402
0.089474
0.173526
0.705879
0.082298
0.985673
0.225295
0.806108
0.990818
0.291138
0.269343
0.626764
0.883485
0.625756
0.022037
0.163281
0.377514
0.426241
0.416874
0.647213
0.605312
0.720327
0.836424
0.66315
0.729276
0.106428
0.807254
0.363086
0.104362
0.894011
0.143361
0.537347
0.903355
0.573791
0.479095
0.623296
0.164944
0.391267
0.819381
0.087267
0.25527
0.393662
0.171755
0.434685
0.728566
0.255852
0.502902
0.100523
0.09607
0.474539
0.43449
0.277148
0.150279
0.583795
0.811185
0.63438
0.10215
0.752622
0.385147
0.967201
0.001801
0.1114
0.50687
0.321728
0.920989
0.188043
0.023109
0.5341
0.664142
0.979524
0.961838
0.044919
0.631449
0.850424
0.703304
0.756152
0.549782
0.365467
0.300665
0.746812
0.857647
0.105433
0.347662
0.46472
0.309379
0.041882
0.007504
0.124139
0.377298
0.376197
0.32354
0.875385
0.421693
0.892576
0.072605
0.99168
0.768281
0.730723
0.374545
0.506391
0.418948
0.502225
0.844331
0.719147
0.227652
0.523954
0.671871
0.295293
0.558672
0.929225
0.063556
0.152007
0.262071
0.503258
0.69615
0.250796
0.953382
0.240364
0.174846
0.56009
0.289638
0.343111
0.5713
0.873452
0.662676
0.440345
0.89421
0.946708
0.539557
0.985169
0.957398
0.415113
0.173399
0.5285
0.524174
0.617496
0.335493
0.590291
0.854781
0.652154
0.40618
0.566819
0.006966
0.436584
0.086742
0.908083
0.35057
0.06854
0.798132
0.575924
0.817402
0.154989
0.676306
0.926439
0.51878
0.655911
0.94242
0.9948
0.529193
0.200631
0.922542
0.631263
0.615687
0.373536
0.012211
0.578132
0.511949
0.329101
0.365292
0.825228
0.214764
0.041222
0.919688
0.84977
0.649039
0.209719
0.790763
0.363594
0.514592
0.306866
0.266043
0.546307
0.59204
0.204603
0.776535
0.882335
0.505939
0.949225
0.082214
0.871505
0.243125
0.156739
0.527224
0.992488
0.500534
0.113377
0.596204
0.371549
0.259586
0.480449
0.984786
0.692706
0.316522
0.699674
0.095181
0.78555
0.300161
0.373691
0.448343
0.67866
0.917119
0.949558
0.959514
0.687736
0.295392
0.850875
0.927012
0.594871
0.120707
0.178478
0.042485
0.812764
0.529256
0.103974
0.413839
0.304727
0.556537
0.079543
0.123959
0.683794
0.751762
0.381506
0.791729
0.835041
0.200536
0.31836
0.116718
0.893856
0.825963
0.717207
0.034062
0.142293
0.72168
0.927678
0.025251
0.84459
0.30481
0.337749
0.308447
0.364361
0.111676
0.295712
0.906663
0.188691
0.589533
0.17743
0.135881
0.412875
0.840883
0.887374
0.61356
0.17285
0.391143
0.441518
0.64861
0.827868
0.636509
0.183905
0.214571
0.081306
0.940512
0.253253
0.815274
0.561629
0.938404
0.900327
0.985519
0.358438
0.953179
0.385027
0.821044
0.013021
0.540109
0.784345
0.940609
0.548264
0.600496
0.47295
0.776969
0.393673
0.66548
0.287826
0.259317
0.699264
0.581922
0.414231
0.993671
0.426149
0.060221
0.307381
0.535448
0.143884
0.955416
0.451568
0.518555
0.466951
0.322423
0.282849
0.186506
0.419118
0.668509
0.303309
0.498731
0.292494
0.618509
0.711752
0.336433
0.114512
0.835103
0.267711
0.959508
0.463779
0.782118
0.450424
0.518317
0.343633
0.574427
0.995969
0.414766
0.603479
0.834999
0.098677
0.833639
0.786923
0.013328
0.921393
0.293337
0.980256
0.073101
0.338418
0.983337
0.98032
0.136714
0.039517
0.492609
0.067212
0.263847
0.902085
0.05413
0.339356
0.550414
0.771626
0.485753
0.523121
0.527516
0.147326
0.263948
0.842141
0.567974
0.334426
0.466161
0.03097
0.419754
0.348782
0.791956
0.121489
0.49121
0.789832
0.974148
0.092272
0.481791
0.229022
0.608596
0.61397
0.220295
0.843688
0.09772
0.458915
0.126369
0.817209
0.427063
0.575357
0.518115
0.97164
0.248478
0.368946
0.522684
0.541145
0.23823
0.687062
0.058561
0.2907
0.124911
0.237421
0.420528
0.720507
0.938269
0.939918
0.998131
0.990912
0.387891
0.725655
0.163801
0.034833
0.479271
0.382455
0.081705
0.582863
0.616851
0.984114
0.894715
0.773288
0.147954
0.964027
0.19365
0.798383
0.093761
0.342224
0.010058
0.407312
0.310089
0.453757
0.577807
0.240425
0.509379
0.345553
0.247354
0.855505
0.314941
0.878799
0.890598
0.59849
0.667056
0.838034
0.6987
0.830566
0.785021
0.091719
0.99899
0.398171
0.328034
0.936113
0.91432
0.826721
0.505101
0.310761
0.916946
0.622707
0.190591
0.591996
0.099612
0.496042
0.964793
0.369358
0.232365
0.064677
0.072532
0.733888
0.291821
0.931778
0.67412
0.857958
0.415333
0.14665
0.884645
0.453737
0.392643
0.977334
0.03006
0.460446
0.797016
0.672081
0.742336
0.567173
0.993054
0.404316
0.812161
0.847909
0.098866
0.587595
0.877961
0.784717
0.110161
0.921825
0.647992
0.631661
0.558261
0.704279
0.168633
0.522873
0.103787
0.831215
0.608931
0.237533
0.463431
0.63108
0.420032
0.93143
0.165355
0.426846
0.900385
0.322582
0.136234
0.798949
0.385142
0.753816
0.665072
0.900276
0.288097
0.885923
0.778766
0.979721
0.788583
0.648813
0.590235
0.201381
0.553946
0.574695
0.46707
0.992182
0.803754
0.860022
0.386544
0.757653
0.351885
0.262245
0.652311
0.239139
0.328771
0.58864
0.715244
0.017503
0.711666
0.912955
0.574616
0.870909
0.011502
0.672593
0.953164
0.722415
0.847873
0.591702
0.545711
0.738144
0.986356
0.584024
0.489263
0.890965
0.684083
0.907353
0.56864
0.466137
0.66572
0.059063
0.21966
0.703384
0.662285
0.246513
0.703551
0.623846
0.477268
0.162741
0.300808
0.415809
0.714482
0.436967
0.28886
0.700914
0.010573
0.131532
0.753777
0.713068
0.672954
0.174868
0.778779
0.654888
0.390426
0.720313
0.422215
0.930814
0.939972
0.047422
0.919813
0.354286
0.365596
0.50166
0.154816
0.218607
0.077374
0.599652
0.779266
0.570337
0.330003
0.095545
0.390123
0.164443
0.863499
0.813604
0.81693
0.798118
0.981029
0.968631
0.664579
0.748175
0.59013
0.425018
0.381563
0.901192
0.311157
0.845641
0.893858
0.593514
0.778616
0.750938
0.227149
0.953408
0.355659
0.578035
0.189772
0.273526
0.137086
0.881085
0.100125
0.783554
0.974287
0.57764
0.786911
0.619571
0.200874
0.660569
0.662208
0.704926
0.904315
0.661613
0.875232
0.92033
0.16582
0.357344
0.602006
0.325618
0.213228
0.204662
0.632526
0.386563
0.721628
0.207814
0.756019
0.70077
0.649912
0.23193
0.329427
0.68589
0.563377
0.761649
0.897753
0.249454
0.356079
0.387832
0.86082
0.56353
0.759212
0.729534
0.029237
0.274593
0.048112
0.684162
0.867826
0.946803
0.130723
0.766633
0.158534
0.994404
0.539886
0.495208
0.320753
0.02914
0.70804
0.601573
0.252298
0.928379
0.203962
0.383153
0.95154
0.249667
0.022348
0.455117
0.012113
0.145933
0.023001
0.716045
0.422768
0.450297
0.453888
0.751363
0.792369
0.861679
0.142988
0.352303
0.450456
0.308837
0.304777
0.39804
0.146927
0.388918
0.116056
0.544021
0.593878
0.845009
0.531412
0.579242
0.97796
0.378709
0.240978
0.167506
0.928237
0.105324
0.789311
0.590461
0.019875
0.788749
0.71968
0.889313
0.622983
0.613553
0.932409
0.507535
0.669741
0.013369
0.656166
0.674994
0.807787
0.397949
0.788081
0.954452
0.041357
0.636052
0.244455
0.639657
0.113816
0.074239
0.099088
0.041327
0.898664
0.528282
0.075982
0.974766
0.775467
0.627568
0.94103
0.777375
0.621415
0.829126
0.036176
0.696441
0.058782
0.835789
0.015931
0.523417
0.674419
0.741643
0.351052
0.038239
0.745778
0.906616
0.49232
0.132473
0.138622
0.783338
0.320883
0.27447
0.4174
0.644364
0.291771
0.093649
0.220466
0.137767
0.942388
0.675828
0.108832
0.126671
0.164204
0.403544
0.339019
0.20124
0.131663
0.559278
0.195009
0.626722
0.641574
0.395466
0.521014
0.990531
0.878937
0.377343
0.93495
0.209639
0.251687
0.777536
0.030644
0.629806
0.734426
0.717079
0.064106
0.999252
0.964784
0.885953
0.747481
0.351932
0.035483
0.150906
0.780519
0.854263
0.663932
0.964823
0.249824
0.202851
0.754084
0.339112
0.479446
0.130676
0.680131
0.31532
0.975718
0.293741
0.330407
0.06754
0.033264
0.166655
0.872599
0.235943
0.647742
0.18694
0.000683
0.359982
0.210586
0.38208
0.379702
0.197617
0.897311
0.596464
0.122262
0.118353
0.962486
0.31473
0.43277
0.792523
0.486203
0.090528
0.236791
0.838336
0.595106
0.215641
0.286146
0.749822
0.804809
0.288504
0.22351
0.730861
0.930265
0.128499
0.558651
0.685031
0.681713
0.804182
0.825986
0.773903
0.752957
0.469242
0.878519
0.291986
0.400878
0.396696
0.379874
0.532064
0.391302
0.316892
0.265939
0.24966
0.22073
0.681537
0.492468
0.035392
0.111554
0.131328
0.580547
0.512128
0.954362
0.962067
0.934742
0.657162
0.277164
0.050035
0.072134
0.661432
0.231693
0.513092
0.162957
0.524304
0.810263
0.791032
0.364918
0.527906
0.0129
0.586171
0.242764
0.359608
0.281365
0.185978
0.089673
0.744247
0.620027
0.613368
0.539169
0.193916
0.652254
0.421382
0.142069
0.5453
0.486945
0.046848
0.086639
0.218409
0.057862
0.118699
0.205947
0.164022
0.099379
0.311709
0.542141
0.922376
0.530178
0.537644
0.424709
0.863158
0.185501
0.866115
0.986096
0.422342
0.531985
0.343272
0.80086
0.960769
0.424769
0.390541
0.51107
0.694254
0.387282
0.894549
0.879144
0.034031
0.578033
0.618215
0.278366
0.237256
0.695372
0.374584
0.670603
0.48975
0.816019
0.090452
0.546806
0.614572
0.718971
0.439772
0.074183
0.231433
0.629114
0.706983
0.213895
0.353826
0.239593
0.814796
0.253366
0.179196
0.13142
0.683781
0.06499
0.956079
0.713147
0.909389
0.328185
0.218864
0.535247
0.927535
0.275656
0.791333
0.217874
0.155768
0.4215
0.960101
0.396073
0.071401
0.608332
0.552639
0.620053
0.667845
0.241053
0.960703
0.724726
0.382352
0.001661
0.308693
0.699806
0.967193
0.543491
0.993576
0.388478
0.257505
0.054447
0.096937
0.267707
0.210484
0.657987
0.391731
0.123053
0.179245
0.062447
0.451156
0.387535
0.299394
0.881968
0.8683
0.76934
0.852101
0.991911
0.533154
0.735893
0.520173
0.919261
0.89565
0.1899
0.513599
0.150311
0.863944
0.550202
0.847879
0.651741
0.280845
0.285007
0.98765
0.631634
0.798279
0.752328
0.938061
0.476866
0.196486
0.019766
0.800741
0.436567
0.322004
0.071855
0.803426
0.418026
0.211489
0.251817
0.027996
0.171133
0.164987
0.322334
0.806136
0.022922
0.839336
0.80574
0.995811
0.519248
0.013344
0.738281
0.834429
0.194607
0.928829
0.357479
0.806937
0.503369
0.41192
0.369841
0.079872
0.481583
0.642923
0.460913
0.622771
0.298048
0.367339
0.936698
0.264503
0.443455
0.61844
0.258575
0.606294
0.012658
0.446327
0.487313
0.923372
0.380521
0.907055
0.479266
0.727761
0.736312
0.093373
0.961424
0.364483
0.542372
0.419391
0.530049
0.979408
0.002414
0.673418
0.209864
0.699624
0.500602
0.881702
0.514892
0.622826
0.337788
0.110983
0.637751
0.134265
0.981599
0.078723
0.181943
0.791268
0.324966
0.398723
0.000676
0.134068
0.31286
0.859652
0.179716
0.687275
0.692106
0.379867
0.982138
0.269511
0.734667
0.873191
0.483433
0.948495
0.09091
0.879039
0.948354
0.095267
0.603952
0.906592
0.388601
0.378778
0.417477
0.453335
0.139684
0.188704
0.001489
0.014057
0.795184
0.156092
0.243085
0.455075
0.276745
0.834686
0.049781
0.705072
0.377217
0.313537
0.735553
0.05823
0.267003
0.171206
0.456733
0.370982
0.78226
0.922315
0.303329
0.731114
0.700417
0.720535
0.862668
0.363123
0.091713
0.515907
0.291388
0.030001
0.196451
0.282926
0.5582
0.555364
0.267514
0.675207
0.766219
0.204293
0.518996
0.277303
0.59488
0.338749
0.91395
0.573027
0.354076
0.854488
0.102864
0.547911
0.944747
0.360187
0.289434
0.753519
0.665146
0.087169
0.876673
0.989395
0.091981
0.005991
0.390523
0.167237
0.520466
0.7817
0.371791
0.808833
0.003954
0.025113
0.485306
0.310165
0.008456
0.294564
0.42203
0.306534
0.754595
0.450404
0.348126
0.846313
0.804636
0.915407
0.060124
0.332201
0.339396
0.821209
0.549721
0.819258
0.539852
0.770586
0.720163
0.602978
0.929095
0.025188
0.315791
0.904432
0.164477
0.693035
0.622281
0.191183
0.288954
0.044649
0.998259
0.773251
0.868812
0.273309
0.700074
0.535624
0.109542
0.645222
0.802415
0.011007
0.216606
0.534121
0.97583
0.649146
0.182268
0.871404
0.898735
0.346109
0.59621
0.374147
0.699035
0.484216
0.81883
0.692276
0.372654
0.638077
0.32501
8e-06
0.959887
0.710783
0.963422
0.023919
0.354407
0.500464
0.650798
0.302344
0.333077
0.671411
0.232158
0.717934
0.180967
0.104159
0.667388
0.375739
0.47061
0.501808
0.911541
0.385524
0.14428
0.287235
0.641245
0.755788
0.9595
0.584713
0.451831
0.551298
0.736318
0.694551
0.022162
0.778349
0.238596
0.725165
0.178209
0.644037
0.915462
0.823821
0.975726
0.666007
0.717249
0.204826
0.999932
0.615814
0.157398
0.39878
0.50994
0.487888
0.275261
0.638318
0.581959
0.070813
0.865516
0.595498
0.224027
0.704476
0.894242
0.919971
0.155092
0.640773
0.061843
0.299842
0.860222
0.607564
0.700392
0.061555
0.6187
0.817404
0.622625
0.090446
0.885106
0.613103
0.27411
0.814176
0.324216
0.203061
0.932839
0.105928
0.382634
0.38355
0.319654
0.864744
0.6921
0.220724
0.277457
0.319589
0.17567
0.620685
0.782341
0.185533
0.647697
0.408798
0.93524
0.153534
0.536662
0.064447
0.34604
0.92989
0.440626
0.050585
0.637774
0.253067
0.599022
0.838446
0.055239
0.587939
0.369671
0.304039
0.313298
0.767172
0.223842
0.495481
0.796531
0.004524
0.313058
0.904046
0.614581
0.318526
0.360269
0.691153
0.922875
0.757666
0.402775
0.99331
0.549375
0.741292
0.632791
0.809762
0.4419
0.495791
0.174473
0.652914
0.646586
0.725499
0.900187
0.611709
0.609408
0.53964
0.247762
0.924888
0.601412
0.970684
0.240202
0.200525
0.15666
0.617309
0.319042
0.635406
0.82086
0.70676
0.335397
0.141758
0.894372
0.447839
0.185974
0.780045
0.256684
0.705284
0.035228
0.60414
0.028536
0.268139
0.465171
0.544859
0.371949
0.270744
0.877109
0.369277
0.698364
0.879297
0.104529
0.963424
0.769739
0.193572
0.572382
0.316127
0.508404
0.842387
0.082867
0.632534
0.088656
0.678523
0.701463
0.965282
0.881365
0.279206
0.049877
0.749191
0.420202
0.847988
0.149195
0.930912
0.581762
0.568129
0.761364
0.040875
0.48794
0.470723
0.204959
0.664641
0.977532
0.506639
0.043385
0.53958
0.014715
0.455659
0.700514
0.821358
0.1742
0.13121
0.58433
0.314808
0.246348
0.797409
0.098981
0.287277
0.937228
0.210506
0.982646
0.091529
0.504155
0.020203
0.281467
0.151875
0.688812
0.937768
0.198619
0.634516
0.511963
0.038753
0.956325
0.026414
0.825718
0.777822
0.293046
0.813339
0.513892
0.263244
0.56332
0.314639
0.232436
0.842792
0.696365
0.842561
0.497098
0.843105
0.058175
0.15432
0.882725
0.520049
0.286267
0.522592
0.051207
0.919517
0.568779
0.318033
0.699189
0.550635
0.784758
0.154404
0.349148
0.426739
0.992051
0.754368
0.35662
0.773037
0.092441
0.207544
0.587499
0.001074
0.09086
0.944333
0.478606
0.453071
0.03351
0.595319
0.335087
0.87778
0.705469
0.496837
0.416864
0.279151
0.626266
0.486853
0.150817
0.606758
0.396396
0.78661
0.292699
0.468318
0.215969
0.819676
0.409661
0.166509
0.414757
0.871356
0.683193
0.724421
0.724943
0.270216
0.739656
0.938342
0.816026
0.854944
0.836613
0.664846
0.383046
0.010131
0.78787
0.954729
0.271476
0.351699
0.465461
0.885906
0.498025
0.054539
0.718667
0.702935
0.589286
0.57472
0.660129
0.95688
0.01372
0.843564
0.342472
0.708186
0.556347
0.146952
0.08717
0.521603
0.229109
0.593684
0.170467
0.434672
0.772125
0.774545
0.991317
0.095046
0.168993
0.444009
0.261897
0.095579
0.138914
0.305422
0.098633
0.601315
0.384565
0.736682
0.891718
0.354672
0.158701
0.933553
0.648032
0.923834
0.101036
0.380705
0.9821
0.366338
0.880587
0.879887
0.631817
0.779347
0.166585
0.749529
0.665867
0.564305
0.978375
0.668583
0.04183
0.954976
0.243823
0.364123
0.059193
0.372098
0.338931
0.067847
0.125097
0.013892
0.334277
0.488571
0.226922
0.883111
0.308814
0.698069
0.940636
0.693971
0.610968
0.250694
0.067301
0.264676
0.440574
0.803982
0.661369
0.718586
0.727385
0.940669
0.088737
0.537432
0.650101
0.200346
0.559853
0.251427
0.804803
0.647542
0.162368
0.294899
0.903629
0.312804
0.565614
0.15028
0.424842
0.528007
0.658966
0.473754
0.137455
0.436236
0.044402
0.123335
0.250795
0.940483
0.240953
0.698874
0.976175
0.450134
0.609096
0.219494
0.540356
0.271902
0.050382
0.285957
0.716653
0.294103
0.755431
0.793375
0.376137
0.607762
0.165556
0.510514
0.808413
0.673541
0.07834
0.180832
0.568526
0.714962
0.340654
0.566468
0.037578
0.319994
0.293829
0.61732
0.893386
0.709796
0.085102
0.116907
0.366439
0.234549
0.11717
0.001827
0.058633
0.818537
0.69718
0.431664
0.235898
0.648252
0.902318
0.239026
0.756382
0.004553
0.895066
0.699326
0.423258
0.647306
0.620395
0.733522
0.716009
0.881938
0.56126
0.477527
0.428333
0.850232
0.440196