128 4
0
24
45
97
118
1
19
65
99
117
2
6
102
112
118
3
12
28
33
71
4
35
63
82
84
5
7
12
26
103
5
6
85
104
124
7
37
43
85
87
8
40
49
76
122
3
9
10
119
120
2
6
10
71
97
11
14
82
83
105
4
12
35
92
97
13
42
43
55
115
14
54
69
72
87
7
15
43
61
71
16
67
76
96
107
17
50
85
86
104
7
18
34
51
107
4
19
30
44
119
5
20
58
68
103
21
42
92
110
112
15
22
37
39
126
0
23
52
101
106
24
53
66
96
106
25
62
73
100
120
3
6
7
16
26
4
27
63
68
93
18
19
28
41
44
5
11
17
29
109
30
32
45
46
61
8
17
31
94
104
16
21
32
39
73
33
45
56
89
92
3
27
34
67
122
6
27
35
46
58
15
36
73
108
109
37
81
102
119
126
6
31
35
38
39
39
55
90
104
113
40
67
74
84
108
41
65
84
114
115
39
42
78
102
112
43
46
79
82
101
13
21
44
45
94
45
52
89
105
106
46
53
55
62
127
13
21
47
94
115
11
15
48
83
108
28
49
72
88
113
7
26
50
53
85
43
51
63
73
84
5
7
27
52
116
2
22
53
98
112
2
12
54
94
108
9
28
42
55
100
29
39
56
75
110
1
3
23
56
57
57
58
69
113
121
59
74
88
113
115
2
21
27
60
117
19
59
61
98
103
37
48
62
82
112
23
63
75
83
120
56
58
64
69
95
49
65
66
92
120
21
40
66
110
114
33
66
67
90
107
1
40
58
68
104
10
16
69
80
91
15
28
70
96
107
41
71
83
118
119
7
72
75
78
127
63
66
73
91
98
27
46
50
72
74
11
64
75
76
109
16
18
76
83
92
42
53
65
77
101
1
12
24
50
78
12
52
62
79
89
16
30
38
80
86
33
41
42
81
99
24
43
64
82
121
3
11
83
121
126
15
35
84
90
102
6
44
85
107
110
65
68
71
75
86
31
37
74
87
103
0
33
48
72
88
24
27
84
88
89
31
74
90
104
106
30
38
81
91
117
50
54
70
92
118
3
21
52
68
93
15
25
94
104
107
19
61
95
100
108
23
36
41
96
105
30
56
77
97
116
85
93
98
112
126
20
39
99
119
121
33
95
100
106
125
7
86
88
91
101
17
50
84
102
124
31
98
100
103
113
43
65
96
104
116
20
68
105
107
114
13
47
49
77
106
56
59
107
114
124
20
38
61
108
124
25
58
73
84
109
0
19
67
73
110
16
54
109
111
127
0
44
53
55
112
23
41
78
113
124
27
73
85
92
114
19
100
104
108
115
14
28
101
113
116
44
64
83
117
123
1
4
7
9
118
54
102
103
113
119
29
41
70
120
122
24
45
82
108
121
10
80
86
121
122
51
59
93
100
123
55
58
103
111
124
24
36
88
103
125
45
50
72
101
126
13
68
116
121
127
0.662297
0.44548
0.448534
0.448686
0.23316
0.713973
0.211719
0.490844
0.648088
0.612775
0.450781
0.484219
0.06504
0.07005
0.952937
0.563041
0.401582
0.426075
0.21683
0.586082
0.002915
0.823314
0.547538
0.055597
0.953033
0.833109
0.705501
0.200884
0.135776
0.344491
0.870959
0.372796
0.782294
0.024745
0.89117
0.183993
0.877397
0.996654
0.442356
0.073452
0.78672
0.546725
0.728188
0.106241
0.914038
0.458183
0.715751
0.860525
0.059236
0.290505
0.596993
0.064057
0.391506
0.661908
0.371542
0.097117
0.058826
0.593887
0.978271
0.605895
0.780102
0.834022
0.013687
0.073939
0.104671
0.938385
0.332392
0.55744
0.883584
0.655766
0.420884
0.910644
0.62932
0.126243
0.579304
0.814275
0.865981
0.330014
0.217653
0.314723
0.877314
0.983277
0.38395
0.690644
0.971668
0.209744
0.141514
0.889574
0.947775
0.237201
0.860514
0.282168
0.044919
0.686817
0.668768
0.264578
0.294187
0.137074
0.536026
0.359444
0.354906
0.097397
0.997036
0.615293
0.806414
0.23457
0.857052
0.252477
0.875231
0.262429
0.562876
0.292187
0.441962
0.32385
0.182116
0.51458
0.830053
0.622957
0.968333
0.232999
0.356947
0.482902
0.17271
0.822743
0.85125
0.272202
0.662879
0.045179
0.872486
0.639927
0.741899
0.918388
0.332622
0.50763
0.891885
0.530995
0.656356
0.167845
0.624568
0.47206
0.334233
0.279779
0.261283
0.987168
0.244537
0.063603
0.179668
0.10617
0.922707
0.563012
0.943683
0.965555
0.937089
0.57187
0.322726
0.419834
0.640713
0.699966
0.495425
0.294778
0.339769
0.012711
0.296069
0.051542
0.125384
0.108035
0.901231
0.335498
0.792332
0.29673
0.148301
0.1107
0.264158
0.350564
0.736344
0.683804
0.244631
0.049024
0.902081
0.181199
0.987569
0.173463
0.0168
0.432063
0.166602
0.982667
0.344883
0.206054
0.888819
0.857865
0.151871
0.533265
0.80888
0.271011
0.650051
0.216087
0.823364
0.749411
0.545311
0.386274
0.407672
0.32018
0.834986
0.811493
0.381729
0.282944
0.020124
0.161035
0.261521
0.75738
0.375362
0.629276
0.716212
0.641134
0.404451
0.494286
0.134957
0.549884
0.743051
0.477208
0.311896
0.038417
0.721898
0.291131
0.419974
0.294491
0.827208
0.511915
0.438174
0.889351
0.751645
0.825123
0.683912
0.610138
0.995111
0.584452
0.694079
0.42323
0.372939
0.514067
0.06152
0.293395
0.038748
0.347911
0.373965
0.360817
0.738546
0.057791
0.562951
0.584023
0.387331
0.612777
0.148467
0.834154
0.355662
0.281202
0.20063
0.71989
0.05251
0.527391
0.104351
0.38816
0.087093
0.910448
0.221762
0.785497
0.294099
0.105512
0.823149
0.332956
0.075412
0.578287
0.503625
0.678236
0.316104
0.833919
0.852996
0.068565
0.64944
0.012155
0.876729
0.317428
0.511469
0.186459
0.225718
0.74911
0.150527
0.165105
0.459686
0.33262
0.751823
0.155941
0.738956
0.655048
0.843403
0.032299
0.29983
0.613315
0.261134
0.914805
0.797934
0.582024
0.680526
0.84219
0.080813
0.179423
0.483963
0.957933
0.202069
0.090035
0.921224
0.595386
0.929608
0.035443
0.201116
0.363516
0.665039
0.849729
0.708082
0.416619
0.195482
0.334746
0.419662
0.563955
0.29071
0.480775
0.551371
0.950572
0.988785
0.033077
0.684196
0.88115
0.023629
0.055114
0.890435
0.056275
0.134764
0.004906
0.944775
0.402725
0.632588
0.223375
0.713035
0.674835
0.123049
0.613056
0.191211
0.719563
0.004188
0.109157
0.603829
0.852395
0.007187
0.268075
0.954105
0.293522
0.48692
0.273355
0.383968
0.820448
0.452314
0.413508
0.978661
0.000711
0.216643
0.422303
0.392375
0.318659
0.308656
0.941014
0.658167
0.895541
0.57291
0.893398
0.573927
0.42118
0.636498
0.153225
0.982931
0.898936
0.930084
0.496956
0.843012
0.164916
0.651437
0.97296
0.73774
0.014528
0.766083
0.138119
0.871642
0.33738
0.393449
0.329049
0.298759
0.418016
0.883673
0.303506
0.278277
0.669791
0.072063
0.971799
0.182828
0.519028
0.881205
0.574273
0.062936
0.264148
0.649769
0.410477
0.429391
0.468623
0.146127
0.168236
0.146568
0.845879
0.204897
0.425359
0.865342
0.924684
0.644341
0.362114
0.384046
0.214284
0.786781
0.198535
0.209432
0.007433
0.721028
0.734904
0.366684
0.466484
0.461423
0.606414
0.492837
0.519545
0.344951
0.270664
0.241494
0.27763
0.412342
0.397791
0.38024
0.435191
0.031685
0.7866
0.14764
0.609902
0.977124
0.469261
0.566209
0.244012
0.128354
0.840619
0.368951
0.353788
0.39839
0.716095
0.328198
0.685186
0.861692
0.32228
0.779884
0.430497
0.472258
0.707136
0.723584
0.424159
0.770603
0.103682
0.10294
0.469204
0.353372
0.090356
0.550114
0.576078
0.732102
0.07605
0.496643
0.597147
0.972089
0.721098
0.963095
0.496157
0.006305
0.311592
0.343666
0.48306
0.988829
0.43766
0.862186
0.30095
0.134036
0.047056
0.953275
0.29881
0.580527
0.010188
0.068251
0.143259
0.274368
0.58855
0.925272
0.400339
0.72449
0.006839
0.780952
0.052259
0.111554
0.145219
0.071768
0.260564
0.768196
0.597889
0.794213
0.975881
0.169978
0.197171
0.076191
0.164581
0.415327
0.357502
0.285289
0.679682
0.56022
0.369014
0.58043
0.355131
0.363621
0.473352
0.032725
0.008914
0.848657
0.957642
0.059248
0.12545
0.958598
0.289315
0.086596
0.917451
0.350978
0.090322
0.18516
0.624248
0.015406
0.523977
0.724054
0.230191
0.97812
0.895339
0.893817
0.818207
0.811411
0.800431
0.805036
0.426576
0.44641
0.105641
0.339154
0.40768
0.607591
0.183795
0.287661
0.557561
0.999227
0.55777
0.474312
0.979573
0.529056
0.181498
0.343971
0.013059
0.267262
0.614355
0.028555
0.265167
0.855536
0.703291
0.404705
0.270142
0.972667
0.594779
0.450627
0.602346
0.916286
0.833998
0.015046
0.406001
0.83652
0.743126
0.608794
0.995391
0.445298
0.904546
0.381773
0.734293
0.970321
0.502022
0.970952
0.805673
0.871807
0.720367
0.108882
0.608626
0.658586
0.312278
0.689894
0.411026
0.829227
0.133698
0.567359
0.693556
0.786235
0.107205
0.998207
0.570056
0.725412
0.012505
0.9766
0.821657
0.568264
0.875696
0.115354
0.954338
0.670414
0.958505
0.014424
0.833615
0.64458
0.175153
0.672331
0.622533
0.99266
0.056615
0.947921
0.793991
0.053172
0.159666
0.622678
0.797565
0.291585
0.818329
0.496116
0.662263
0.35522
0.919442
0.585052
0.2249
0.317953
0.969697
0.497353
0.717308
0.061712
0.792635
0.060948
0.677571
0.907925
0.152747
0.273398
0.914874
0.12075
0.186504
0.85582
0.891915
0.484622
0.1589
0.433601
0.881948
0.385772
0.487101
0.111533
0.205172
0.921241
0.128998
0.903275
0.823451
0.394207
0.104242
0.187606
0.657378
0.063752
0.85127
0.019724
0.54444
0.164621
0.028429
0.04507
0.402447
0.360449
0.132499
0.934023
0.644649
0.964813
0.040194
0.475285
0.118283
0.302176
0.907669
0.314613
0.394641
0.04819
0.5392
0.864333
0.499981
0.792801
0.440533
0.032378
0.391071
0.567241
0.472329
0.495941
0.568426
0.67656
0.916705
0.445157
0.692666
0.53198
0.331331
0.879229
0.869685
0.342457
0.69943
0.994936
0.162831
0.876711
0.947288
0.827238
0.384739
0.625477
0.653417
0.473156
0.066739
0.041284
0.407084
0.282229
0.098515
0.270222
0.516724
0.307647
0.535898
0.817147
0.89144
0.570605
0.891901
0.760887
0.167557
0.778128
0.694477
0.855137
0.813504
0.605356
0.866711
0.965791
0.760762
0.816441
0.396186
0.387136
0.603901
0.965829
0.352826
0.905177
0.973193
0.396575
0.56753
0.872468
0.028545
0.796499
0.782866
0.675041
0.970504
0.968716
0.569027
0.147012
0.419933
0.097457
0.277842
0.890574
0.56961
0.253524
0.967772
0.684543
0.081511
0.055487
0.370868
0.33882
0.462166
0.70529
0.918942
0.299435
0.985132
0.790456
0.433295
0.397828
0.312733
0.495622
0.218131
0.727459
0.01331
0.754118
0.526211
0.718614
0.771297
0.932324
0.678004
0.161694
0.254719
0.191391
0.247971
0.85738
0.323171
0.508098
0.59129
0.059503
0.456616
0.627153
0.136794
0.586631
0.01152
0.820255
0.230208
0.288492
0.109107
0.223807
0.040349
0.853356
0.154511
0.315899
0.036529
0.070298
0.998958
0.710458
0.708578
0.593001
0.114062
0.867278
0.058692
0.121888
0.865009
0.082294
0.282592
0.281514
0.484747
0.520904
0.332142
0.020973
0.312256
0.723311
0.104799
0.73078
0.812779
0.069529
0.721006
0.974776
0.682267
0.125221
0.264591
0.797336
0.331321
0.018236
0.474356
0.19807
0.01911
0.668028
0.225526
0.483297
0.622281
0.68607
0.208905
0.049915
0.477462
0.922544
0.089769
0.491315
0.803869
0.377677
0.885044
0.053126
0.579621
0.90088
0.567896
0.76729
0.024935
0.944421
0.978525
0.772496
0.740428
0.245748
0.828302
0.260427
0.710684
0.997272
0.242539
0.03109
0.667145
0.175694
0.16929
0.550025
0.07894
0.255891
0.280277
0.698882
0.152048
0.8873
0.983502
0.897845
0.111177
0.183376
0.955575
0.97834
0.029264
0.073925
0.924163
0.686843
0.982145
0.72725
0.065449
0.204439
0.515857
0.265678
0.680903
0.665742
0.39538
0.048678
0.886763
0.071911
0.801951
0.74404
0.062488
0.708579
0.083017
0.413744
0.840641
0.704132
0.835134
0.134612
0.26287
0.544552
0.945669
0.483772
0.425001
0.699525
0.935375
0.071955
0.455093
0.097789
0.814667
0.442785
0.051258
0.062159
0.667872
0.836587
0.430963
0.218425
0.26059
0.110835
0.021343
0.256565
0.256039
0.604151
0.106685
0.441003
0.301752
0.780571
0.483493
0.96319
0.910127
0.127811
0.175386
0.001932
0.472089
0.123361
0.773447
0.606154
0.719283
0.939556
0.842053
0.419713
0.76101
0.449656
0.447472
0.34998
0.428289
0.988552
0.771005
0.504868
0.997749
0.941014
0.524105
0.949461
0.049439
0.064533
0.644204
0.369209
0.402044
0.033132
0.654548
0.529156
0.127865
0.945078
0.384711
0.736175
0.478182
0.677307
0.232293
0.032477
0.512321
0.86068
0.832909
0.847632
0.048988
0.882841
0.958272
0.816071
0.837061
0.484857
0.204692
0.67232
0.513386
0.317913
0.268721
0.548283
0.511478
0.234251
0.303157
0.426852
0.046513
0.580039
0.297288
0.018894
0.851661
0.248953
0.368031
0.306886
0.03217
0.6046
0.941831
0.749349
0.554125
0.319638
0.366306
0.982459
0.507439
0.560693
0.5854
0.303882
0.96542
0.259402
0.003108
0.559545
0.435455
0.663988
0.909413
0.066668
0.361474
0.188303
0.081649
0.509782
0.408272
0.837591
0.979864
0.280329
0.930119
0.447049
0.473263
0.07165
0.381507
0.909357
0.074334
0.030487
0.779989
0.342408
0.904887
0.131739
0.301366
0.023208
0.010219
0.502768
0.376218
0.672714
0.174723
0.410547
0.37944
0.532007
0.519205
0.236432
0.127175
0.80495
0.282613
0.151329
0.606886
0.495171
0.566409
0.739929
0.031189
0.99109
0.900299
0.309854
0.476581
0.397766
0.33856
0.536806
0.423859
0.375969
0.789248
0.44521
0.051345
0.633175
0.628527
0.603954
0.217371
0.544802
0.368253
0.875087
0.254807
0.209579
0.472256
0.813685
0.269069
0.520134
0.19314
0.122586
0.912912
0.169971
0.278766
0.336821
0.892027
0.953409
0.945784
0.227044
0.483879
0.011503
0.988454
0.230164
0.018252
0.836667
0.024464
0.671539
0.810507
0.408925
0.575165
0.226055
0.68276
0.969859
0.577849
0.702369
0.910063
0.564065
0.609866
0.247571
0.735791
0.272183
0.149153
0.027555
0.260475
0.716901
0.874321
0.480688
0.401176
0.799181
0.318249
0.401406
0.580519
0.897778
0.892906
0.966303
0.635619
0.935167
0.150171
0.303617
0.170162
0.198671
0.079665
0.610362
0.576411
0.197906
0.9486
0.859148
0.536983
0.486878
0.031167
0.503344
0.239224
0.640812
0.902858
0.139931
0.811214
0.917123
0.604529
0.756462
0.281654
0.1309
0.672107
0.742347
0.267365
0.700652
0.906313
0.820068
0.397557
0.477992
0.424062
0.694551
0.418122
0.468948
0.988359
0.375937
0.908544
0.925109
0.34322
0.749049
0.813044
0.022291
0.226256
0.676683
0.08305
0.067171
0.148922
0.397637
0.908758
0.22722
0.901523
0.090858
0.542566
0.235992
0.350153
0.246885
0.460422
0.47963
0.315263
0.07656
0.110167
0.278116
0.749398
0.723285
0.370898
0.249455
0.053157
0.05297
0.24376
0.570214
0.117715
0.430574
0.165166
0.026901
0.709092
0.68067
0.664504
0.871292
0.88656
0.792854
0.725091
0.105225
0.73132
0.324413
0.332759
0.837444
0.447954
0.513561
0.498676
0.20865
0.137308
0.554787
0.579844
0.599359
0.26535
0.368954
0.722148
0.597556
0.802258
0.609977
0.650638
0.904516
0.086775
0.691854
0.998236
0.821152
0.079272
0.416773
0.255562
0.598592
0.516143
0.915507
0.228598
0.882684
0.922185
0.849591
0.591044
0.28323
0.29116
0.72224
0.32531
0.295662
0.8903
0.244745
0.577141
0.206404
0.360393
0.766919
0.654109
0.237144
0.32628
0.069336
0.230817
0.809467
0.281858
0.437656
0.64124
0.662408
0.011066
0.612133
0.932441
0.645442
0.141546
0.039591
0.760249
0.740785
0.063646
0.989171
0.703125
0.388859
0.107915
0.948756
0.535497
0.89616
0.955089
0.118857
0.45828
0.982007
0.434661
0.226435
0.819761
0.913863
0.583939
0.56447
0.002022
0.364245
0.38062
0.41616
0.408342
0.805056
0.539853
0.059809
0.340137
0.045984
0.631103
0.552344
0.981096
0.91738
0.16697
0.629789
0.22469
0.871359
0.049159
0.806099
0.26224
0.501245
0.272131
0.548984
0.732955
0.296047
0.914725
0.254014
0.665339
0.05163
0.294109
0.414142
0.75582
0.61314
0.363153
0.425282
0.189775
0.171006
0.624431
0.164841
0.408585
0.92391
0.161867
0.724023
0.538062
0.165123
0.073192
0.043784
0.992267
0.325768
0.187554
0.541795
0.904606
0.679337
0.897207
0.950068
0.733587
0.78829
0.659939
0.176074
0.980426
0.504735
0.246728
0.129014
0.345934
0.749508
0.638215
0.919405
0.049276
0.879986
0.801898
0.110229
0.05129
0.618205
0.916544
0.093086
0.216695
0.239401
0.604165
0.786482
0.34788
0.286882
0.718177
0.455234
0.999746
0.594607
0.139193
0.035268
0.646824
0.318619
0.702991
0.681043
0.130796
0.735283
0.218199
0.797515
0.854288
0.496508
0.468947
0.49456
0.682389
0.131668
0.264495
0.767984
0.064465
0.437603
0.65651
0.020262
0.065354
0.974999
0.534593
0.079587
0.812637
0.609154
0.245533
0.179075
0.051435
0.056881
0.488128
0.365156
0.154529
0.574817
0.907851
0.02642
0.940194
0.199816
0.498688
0.202345
0.364666
0.398655
0.931199
0.747065
0.915655
0.607658
0.347581
0.455366
0.583271
0.722921
0.593456
0.070317
0.974831
0.050068
0.185082
0.059157
0.710906
0.985291
0.339405
0.62442
0.07873
0.225769
0.90654
0.111373
0.152728
0.804886
0.906548
0.938267
0.831215
0.850822
0.519253
0.281042
0.033224
0.131195
0.167239
0.8198
0.670972
0.859784
0.237478
0.160764
0.758801
0.486696
0.894624
0.858843
0.098821
0.298896
0.076673
0.982296
0.592409
0.206566
0.560335
0.841148
0.131917
0.018588
0.436107
0.228089
0.05871
0.16362
0.049326
0.865421
0.789569
0.854177
0.263265
0.452742
0.881722
0.973744
0.159964
0.055153
0.489855
0.374477
0.376877
0.193913
0.384908
0.875204
0.187231
0.831421
0.610323
0.072194
0.847496
0.522358
0.255214
0.661645
0.61733
0.985545
0.282962
0.273971
0.33158
0.682585
0.168588
0.56005
0.508377
0.255268
0.752592
0.076602
0.26405
0.222323
0.775322
0.475825
0.255031
0.607423
0.813305
0.870004
0.570847
0.095141
0.060929
0.055848
0.900154
0.531843
0.509348
0.074887
0.48361
0.592409
0.004553
0.827591
0.870425
0.0795
0.978484
0.065072
0.356921
0.637233
0.729072
0.442128
0.993005
0.570161
0.123191
0.814124
0.818136
0.043461
0.652119
0.163508
0.215253
0.377547
0.275505
0.090026
0.178036
0.382865
0.135795
0.798237
0.423499
0.013736
0.063596
0.110938
0.008953
0.773771
0.439947
0.154126
0.442478
0.974093
0.212671
0.432952
0.832416
0.876232
0.565209
0.974702
0.217611
0.973516
0.461753
0.450446
0.584185
0.349219
0.136803
0.710574
0.560665
0.47686
0.335227
0.547484
0.071892
0.384302
0.365616
0.967153
0.3496
0.875363
0.281645
0.45766
0.955354
0.836419
0.324769
0.297231
0.241909
0.458786
0.644628
0.730477
0.077701
0.333744
0.219778
0.247883
0.736323
0.363863
0.710259
0.108403
0.702714
0.832335
0.237021
0.377362
0.428368
0.726343
0.952352
0.138813
0.202395
0.613274
0.446663
0.230079
0.677659
0.110728
0.255904
0.418256
0.392249
0.473021
0.633377
0.88832
0.909701
0.661831
0.782767
0.694786
0.220532
0.695782
0.300066
0.101392
0.407707
0.600706
0.157669
0.436014
0.522555
0.214569
0.789793
0.424724
0.09561
0.57365
0.581465
0.301835
0.770696
0.351074
0.587669
0.696672
0.452784
0.366716
0.383806
0.312461
0.678966
0.420735
0.605623
0.055469
0.002561
0.661609
0.505431
0.273507
0.991279
0.479007
0.603088
0.302227
0.377584
0.033372
0.721029
0.973515
0.833129
0.282156
0.352457
0.687082
0.911186
0.58949
0.33988
0.257565
0.480958
0.32051
0.104216
0.216233
0.692059
0.315969
0.782459
0.628857
0.501142
0.149497
0.967169
0.250625
0.439379
0.214106
0.400268
0.322525
0.421439
0.786398
0.28851
0.153524
0.273361
0.734799
0.97752
0.58686
0.166735
0.494613
0.554638
0.266882
0.789191
0.11262
0.603647
0.865735
0.450677
0.572587
0.287897
0.033923
0.41262
0.761962
0.713766
0.044543
0.123422
0.284273
0.504494
0.786935
0.162048
0.644104
0.835704
0.00226
0.245116
0.243664
0.858252
0.7956
0.13641
0.983103
0.458838
0.333509
0.049739
0.218113
0.775682
0.293547
0.151037
0.778644
0.296711
0.329039
0.154847
0.672293
0.574644
0.890414
0.350556
0.514916
0.159581
0.203409
0.130212
0.497376
0.081359
0.167381
0.13379
0.018257
0.513302
0.953798
0.93376
0.6018
0.145502
0.966288
0.995671
0.689351
0.61287
0.107326
0.218207
0.932134
0.647931
0.113155
0.669711
0.328562
0.621764
0.152436
0.87894
0.900212
0.08283
0.711713
0.58788
0.193652
0.975284
0.111121
0.90024
0.691795
0.0748
0.100505
0.145736
0.873886
0.930734
0.274667
0.625918
0.809289
0.460544
0.760827
0.761864
0.315978
0.51906
0.810404
0.529004
0.004262
0.967456
0.443549
0.420251
0.722183
0.507594
0.539113
0.486812
0.285276
0.552247
0.110384
0.572727
0.566581
0.21051
0.299775
0.022425
0.008693
0.781547
0.805782
0.332252
0.709387
0.185969
0.930951
0.084193
0.516379
0.673401
0.45944
0.482019
0.579283
0.696464
0.383155
0.596804
0.034673
0.804833
0.371776
0.372782
0.629441
0.132032
0.548276
0.033492
0.783672
0.053631
0.009123
0.885478
0.250626
0.967279
0.279954
0.165816
0.088318
0.138116
0.960144
0.112826
0.382239
0.695995
0.726793
0.034078
0.696645
0.627708
0.947854
0.900481
0.153162
0.800301
0.544162
0.396835
0.324428
0.660458
0.172185
0.5476
0.68039
0.906619
0.813726
0.273651
0.023285
0.47407
0.82284
0.146918
0.901463
0.250705
0.747945
0.847309
0.616898
0.304965
0.052086
0.960761
0.851949
0.230046
0.895746
0.876618
0.864802
0.200564
0.682521
0.619858
0.964696
0.899239
0.127508
0.36467
0.386664
0.581021
0.78031
0.886525
0.476827
0.478833
0.266712
0.863602
0.732559
0.48054
0.288084
0.603568
0.451918
0.837445
0.958106
0.411111
0.234084
0.498556
0.076915
0.140593
0.338499
0.982309
0.874649
0.242539
0.452433
0.121802
0.146539
0.809853
0.264475
0.013928
0.481302
0.238838
0.738499
0.823992
0.575557
0.140794
0.71786
0.59177
0.428918
0.889797
0.366003
0.901313
0.072915
0.325026
0.556752
0.948558
0.691189
0.60421
0.882269
0.633636
0.472168
0.897186
0.278663
0.440372
0.99785
0.60704
0.877123
0.227977
0.840638
0.047767
0.08936
0.882912
0.021673
0.734556
0.528444
0.39559
0.192361
0.715604
0.446987
0.912433
0.449159
0.003109
0.046056
0.053866
0.065272
0.874659
0.644733
0.774272
0.341179
0.681553
0.527384
0.719984
0.870955
0.489351
0.920991
0.007295
0.263321
0.491457
0.33805
0.654834
0.910424
0.192808
0.427095
0.819399
0.176461
0.165273
0.147428
0.307583
0.970655
0.191919
0.78032
0.499488
0.468148
0.406244
0.694561
0.974081
0.123716
0.378125
0.010342
0.139652
0.01719
0.279587
0.724778
0.141425
0.198343
0.164381
0.473382
0.795441
0.502676
0.099474
0.087888
0.583498
0.795836
0.261547
0.354942
0.366265
0.801574
0.067417
0.469571
0.846546
0.529623
0.077785
0.433498
0.662562
0.75269
0.985505
0.104837
0.270271
0.541652
0.079378
0.089039
0.109255
0.215969
0.848367
0.869402
0.541682
0.24549
0.868019
0.165215
0.353657
0.335174
0.349373
0.154978
0.642545
0.356409
0.823641
0.108814
0.842612
0.802506
0.860169
0.339271
0.234783
0.831455
0.324113
0.21336
0.761276
0.944398
0.95904
0.895827
0.773073
0.94038
0.12835
0.759967
0.93521
0.078722
0.507442
0.999657
0.700001
0.74569
0.318823
0.086539
0.941915
0.034556
0.837141
0.44731
0.483155
0.413655
0.215686
0.467142
0.673143
0.217875
0.097021
0.556207
0.608361
0.284846
0.98332
0.92309
0.303181
0.758343
0.562531
0.008483
0.830166
0.825728
0.396792
0.191619
0.133874
0.811239
0.889983
0.226144
0.119746
0.707609
0.206986
0.644922
0.480816
0.039974
0.952069
0.64118
0.675982
0.685143
0.226136
0.199644
0.253483
0.741771
0.699593
0.080045
0.884602
0.244516
0.705291
0.706976
0.473993
0.107605
0.121676
0.321567
0.845177
0.985651
0.355147
0.153704
0.566415
0.902803
0.969217
0.511745
0.818207
0.121916
0.598382
0.302892
0.778121
0.919927
0.869397
0.129928
0.748165
0.380858
0.434572
0.774402
0.588056
0.142384
0.379311
0.382783
0.382352
0.274236
0.245127
0.080146
0.887998
0.814048
0.575994
0.474912
0.471525
0.112828
0.557568
0.554741
0.900017
0.018813
0.218776
0.140794
0.121955
0.170352
0.680058
0.287679
0.046212
0.68131
0.197294
0.06031
0.550057
0.562529
0.397679
0.353376
0.143996
0.341978
0.316047
0.910753
0.294165
0.028355
0.006679
0.01214
0.387351
0.872589
0.549456
0.499385
0.546634
0.899754
0.244138
0.602001
0.403975
0.274725
0.083719
0.403869
0.683844
0.54138
0.201101
0.459494
0.820443
0.87022
0.271608
0.403601
0.780738
0.65387
0.393868
0.148043
0.423861
0.255981
0.326792
0.472424
0.520461
0.057945
0.673219
0.08193
0.659713
0.293315
0.444839
0.615934
0.234212
0.605736
0.319544
0.906067
0.982941
0.916694
0.613097
0.623705
0.492714
0.686315
0.301572
0.961064
0.259568
0.555297
0.709851
0.633942
0.371236
0.800015
0.648229
0.537895
0.396865
0.235181
0.657245
0.006017
0.242731
0.056698
0.605084
0.200876
0.205302
0.828093
0.764629
0.282643
0.291738
0.816935
0.010863
0.141612
0.289493
0.940326
0.204528
0.995405
0.576028
0.139469
0.461979
0.490824
0.281558
0.807125
0.11788
0.488867
0.111434
0.171011
0.722425
0.686848
0.509002
0.399455
0.603562
0.881831
0.03041
0.74541
0.625176
0.12058
0.269493
0.898996
0.16531
0.74686
0.624942
0.585868
0.899779
0.630677
0.072945
0.302374
0.771106
0.714825
0.750846
0.880289
0.011711
0.873086
0.514956
0.497428
0.776913
0.847095
0.203421
0.343162
0.681626
0.502615
0.538492
0.41332
0.300592
0.106643
0.354371
0.603197
0.127527
0.577942
0.596803
0.383143
0.778729
0.612253
0.581883
0.627112
0.492795
0.959878
0.289514
0.869016
0.277806
0.306899
0.997197
0.637129
0.464222
0.610492
0.924601
0.505917
0.381339
0.564572
0.335517
0.544712
0.845662
0.034162
0.178732
0.97136
0.358901
0.733289
0.922467
0.678095
0.345672
0.318128
0.57914
0.669045
0.501708
0.524426
0.707936
0.719539
0.823368
0.101241
0.5642
0.607067
0.969565
0.280814
0.491735
0.636686
0.977504
0.690854
0.100862
0.742486
0.966914
0.804318
0.484633
0.487242
0.887374
0.658045
0.322851
0.440672
0.58372
0.427189
0.875545
0.207609
0.091079
0.344974
0.832118
0.467995
0.74251
0.215458
0.230597
0.189151
0.920603
0.3414
0.560662
0.7161
0.149557
0.038634
0.894981
0.445342
0.205164
0.091832
0.779119
0.915101
0.239521
0.476934
0.121076
0.849092
0.318836
0.996137
0.986631
0.002904
0.925842
0.806645
0.241175
0.38474
0.26024
0.652929
0.38254
0.775937
0.029239
0.012024
0.021341
0.427911
0.833499
0.230782
0.022756
0.305155
0.925133
0.250384
0.942389
0.234566
0.402722
0.460989
0.315118
0.872835
0.152372
0.869065
0.698211
0.969008
0.711342
0.751055
0.903008
0.968053
0.722515
0.893311
0.268597
0.349474
0.736007
0.162013
0.516425
0.182446
0.816171
0.163886
0.875389
0.296967
0.972339
0.531359
0.485864
0.451188
0.851775
0.854597
0.525231
0.757886
0.707145
0.975349
0.192106
0.929657
0.233217
0.148272
0.505314
0.075311
0.949226
0.042416
0.658917
0.071862
0.46752
0.313184
0.09674
0.630218
0.579874
0.139321
0.452313
0.188785
0.556834
0.595304
0.266185
0.754506
0.368346
0.917589
0.079591
0.801868
0.584533
0.442337
0.25258
0.951136
0.884554
0.522027
0.994247
0.712145
0.271894
0.8086
0.851816
0.224
0.690947
0.268325
0.761444
0.958237
0.223998
0.239584
0.874498
0.150023
0.149309
0.2345
0.02962
0.25864
0.223425
0.230746
0.279689
0.537893
0.346192
0.275162
0.479794
0.281483
0.894627
0.649427
0.236048
0.199704
0.055438
0.20468
0.360502
0.871154
0.713025
0.060397
0.964412
0.384019
0.738888
0.141546
0.320545
0.505683
0.121776
0.087881
0.831822
0.209948
0.362843
0.790075
0.727573
0.437966
0.490646
0.827508
0.253617
0.683665
0.351368
0.645447
0.137565
0.193549
0.137787
0.391152
0.242529
0.016694
0.279759
0.995153
0.308475
0.128647
0.62376
0.461835
0.163853
0.629824
0.17673
0.61285
0.237935
0.726377
0.850143
0.087591
0.557048
0.689006
0.80361
0.15206
0.129169
0.698246
0.266285
0.201957
0.265915
0.283104
0.360816
0.653938
0.709602
0.036655
0.197261
0.750262
0.355765
0.270407
0.060727
0.732754
0.979787
0.15917
0.716065
0.855948
0.715411
0.309015
0.257999
0.228878
0.58209
0.566684
0.373889
0.347804
0.480802
0.219346
0.399698
0.768142
0.772144
0.363203
0.297358
0.617232
0.548955
0.076496
0.72481
0.647732
0.531413
0.857779
0.294669
0.473657
0.385835
0.109039
0.989263
0.883486
0.5223
0.33342
0.086375
0.53998
0.453491
0.510595
0.909459
0.758147
0.122876
0.316234
0.877171
0.157821
0.980894
0.894586
0.869509
0.96048
0.664122
0.535788
0.181602
0.806492
0.760321
0.470372
0.975732
0.367324
0.435233
0.015305
0.191356
0.130768
0.223533
0.757392
0.334504
0.076163
0.593252
0.102478
0.029513
0.750011
0.154389
0.385983
0.390368
0.904558
0.252922
0.29005
0.933042
0.373524
0.343997
0.554579
0.66445
0.662593
0.158074
0.027787
0.843745
0.603959
0.972913
0.517972
0.42127
0.406744
0.555828
0.624094
0.237341
0.514715
0.941054
0.465211
0.018082
0.215121
0.668457
0.204096
0.880796
0.740096
0.50046
0.428367
0.572617
0.115025
0.712939
0.180947
0.56863
0.411098
0.147296
0.258476
0.36664
0.370078
0.031883
0.51116
0.02721
0.899291
0.227515
0.130986
0.293358
0.028144
0.116913
0.695272
0.567706
0.518204
0.953064
0.655549
0.081625
0.568588
0.042691
0.355013
0.581596
0.106559
0.498446
0.71638
0.494007
0.230058
0.829805
0.371275
0.470495
0.657033
0.535286
0.731069
0.706301
0.760196
0.941451
0.907612
0.456572
0.998949
0.862785
0.934319
0.563725
0.02526
0.681292
0.915867
0.206369
0.85015
0.463409
0.161248
0.893437
0.947939
0.793057
0.117134
0.950848
0.715101
0.71193
0.575755
0.357921
0.510492
0.786178
0.14457
0.543156
0.165015
0.384129
0.803336
0.128248
0.245782
0.150508
0.977148
0.503947
0.839585
0.518242
0.59691
0.122688
0.901052
0.44
0.476676
0.475942
0.722027
0.39907
0.439793
0.683105
0.082439
0.102826
0.764513
0.14024
0.31582
0.321477
0.152255
0.093759
0.711905
0.630296
0.55139
0.457093
0.57598
0.637994
0.068581
0.176041
0.714592
0.096414
0.76609
0.365534
0.443761
0.082033
0.182146
0.857428
0.927047
0.602463
0.897966
0.820156
0.30076
0.622621
0.675852
0.688436
0.144809
0.064315
0.534839
0.32984
0.209147
0.034811
0.736732
0.171309
0.059096
0.415996
0.382028
0.06021
0.191218
0.492747
0.581803
0.606393
0.019615
0.835439
0.486502
0.09522
0.569532
0.574216
0.895374
0.542419
0.940541
0.181245
0.773427
0.429054
0.117405
0.511863
0.165286
0.575123
0.813893
0.733435
0.083188
0.89129
0.863151
0.661865
0.964717
0.63861
0.838055
0.070388
0.329316
0.661631
0.261597
0.81986
0.013815
0.447967
0.954758
0.336648
0.489856
0.129226
0.846904
0.632741
0.010158
0.741461
0.306396
0.949266
0.185328
0.159858
0.392136
0.94407
0.313362
0.346163
0.216264
0.36169
0.958523
0.110034
0.21232
0.195937
0.193432
0.147815
0.863601
0.229512
0.494858
0.583177
0.635084
0.841059
0.586308
0.44614
0.212103
0.926256
0.503168
0.767959
0.954651
0.89329
0.542936
0.21427
0.429643
0.360222
0.641617
0.620961
0.535173
0.09194
0.934869
0.598393
0.891775
0.832731
0.140876
0.138384
0.777779
0.960251
0.723479
0.405057
0.848286
0.338299
0.470711
0.927816
0.88542
0.924841
0.928391
0.099896
0.074691
0.581997
0.278503
0.923249
0.902837
0.696057
0.431465
0.714801
0.568577
0.923519
0.429529
0.692317
0.600699
0.056868
0.973554
0.537063
0.888437
0.58224
0.472596
0.373359
0.155084
0.039825
0.171054
0.59809
0.175572
0.614598
0.294711
0.470321
0.670489
0.700823
0.177286
0.79822
0.675733
0.358571
0.314166
0.678383
0.006486
0.419741
0.109744
0.955761
0.400266
0.646028
0.299515
0.092488
0.529313
0.522925
0.01947
0.379352
0.612066
0.951349
0.292512
0.915295
0.928518
0.948153
0.759843
0.647944
0.527432
0.958714
0.681112
0.252951
0.230787
0.297535
0.914461
0.965728
0.947172
0.147518
0.758395
0.924009
0.090142
0.471031
0.121731
0.404145
0.160914
0.70224
0.120847
0.738867
0.655229
0.861175
0.009363
0.898162
0.907531
0.925598
0.83338
0.591839
0.94123
0.835685
0.712884
0.172886
0.247866
0.61802
0.394739
0.038638
0.656992
0.104765
0.166595
0.2346
0.819165
0.050889
0.748648
0.040232
0.128882
0.172036
0.058935
0.794801
0.211315
0.569681
0.361769
0.257481
0.313433
0.814897
0.901339
0.890471
0.087462
0.025356
0.526723
0.806281
0.933681
0.035461
0.729543
0.30629
0.909731
0.35915
0.388043
0.059673
0.319717
0.722367
0.483308
0.596654
0.657729
0.588708
0.767078
0.289962
0.774107
0.449722
0.639293
0.058415
0.055509
0.454831
0.129669
0.553334
0.557711
0.492827
0.181208
0.366968
0.409451
0.379639
0.726742
0.635328
0.486284
0.236165
0.719937
0.441484
0.397109
0.391706
0.731152
0.844993
0.320542
0.048191
0.065553
0.428113
0.236067
0.259191
0.736539
0.870354
0.349603
0.48802
0.086041
0.579027
0.511948
0.553443
0.783804
0.782432
0.66785
0.355488
0.344812
0.674936
0.107106
0.939521
0.150426
0.306841
0.438168
0.872938
0.766928
0.835108
0.889321
0.302048
0.419039
0.662653
0.024289
0.33304
0.012973
0.687234
0.474272
0.259018
0.865432
0.112201
0.484365
0.646861
0.551171
0.942397
0.403048
0.122626
0.750655
0.080384
0.467913
0.908874
0.344733
0.885765
0.985633
0.510327
0.592713
0.118229
0.102452
0.811716
0.644079
0.2217
0.09797
0.279946
0.181072
0.879939
0.011831
0.814536
0.101284
0.675829
0.668074
0.093129
0.302943
0.639134
0.538341
0.053265
0.110479
0.757638
0.712343
0.114639
0.605093
0.334088
0.136639
0.649801
0.244714
0.852665
0.659173
0.201933
0.107519
0.84767
0.947832
0.918675
0.090869
0.400511
0.315718
0.624311
0.892972
0.625344
0.165722
0.214072
0.320616
0.321519
0.796832
0.911422
0.481221
0.824511
0.895531
0.849791
0.438082
0.826406
0.609109
0.889967
0.598065
0.607624
0.510348
0.005391
0.833613
0.033259
0.020696
0.421772
0.329525
0.931867
0.854964
0.506108
0.731222
0.538641
0.174719
0.061317
0.845032
0.5976
0.994913
0.15195
0.341061
0.480129
0.142242
0.500289
0.971043
0.757241
0.17882
0.503431
0.224262
0.959061
0.44643
0.302333
0.802825
0.136319
0.945686
0.659968
0.367116
0.969313
0.91786
0.753967
0.380553
0.388832
0.354774
0.753405
0.84432
0.166496
0.599118
0.093803
0.777686
0.000341
0.134711
0.407039
0.489085
0.798947
0.479812
0.684758
0.841294
0.526636
0.910087
0.873744
0.94833
0.530131
0.968617
0.586466
0.556878
0.247369
0.103991
0.294526
0.985831
0.675174
0.829826
0.962385
0.312436
0.522135
0.310566
0.381041
0.644283
0.002334
0.813877
0.363978
0.320393
0.034492
0.072169
0.254262
0.629246
0.777239
0.503835
0.576785
0.301665
0.307655
0.409931
0.671292
0.717546
0.621124
0.651472
0.835175
0.044527
0.003069
0.065458
0.592208
0.81249
0.756435
0.463391
0.575939
0.044407
0.605922
0.490658
0.252785
0.247162
0.075612
0.236296
0.37079
0.214181
0.374019
0.160849
0.97633
0.771515
0.230957
0.120177
0.316841
0.541509
0.970022
0.814369
0.674176
0.785203
0.65356
0.257012
0.341666
0.939731
0.915281
0.144581
0.778115
0.361502
0.116075
0.888142
0.812026
0.196625
0.563526
0.442293
0.401162
0.59024
0.352449
0.165965
0.995016
0.609302
0.889817
0.847339
0.002076
0.386028
0.638025
0.088066
0.252395
0.644833
0.974662
0.011146
0.913354
0.144778
0.584728
0.81969
0.419748
0.065778
0.13853
0.302333
0.137487
0.893679
0.242951
0.44601
0.061439
0.61103
0.555778
0.937611
0.993953
0.036184
0.90012
0.252613
0.099245
0.147643
0.779972
0.000292
0.683629
0.434765
0.604995
0.833658
0.492194
0.125517
0.082202
0.105934
0.413099
0.781752
0.517224
0.107636
0.125987
0.112472
0.707051
0.672098
0.177368
0.049324
0.976042
0.210995
0.103422
0.016491
0.310813
0.025818
0.131599
0.265057
0.479515
0.735813
0.751434
0.446593
0.490059
0.179786
0.477461
0.615119
0.963306
0.304681
0.478046
0.546475
0.420367
0.357736
0.727249
0.650304
0.332948
0.161991
0.438534
0.814881
0.285796
0.297205
0.814006
0.885479
0.804753
0.782662
0.700832
0.099221
0.236024
0.817552
0.069389
0.531144
0.044086
0.749211
0.728585
0.485871
0.976906
0.131405
0.564399
0.211361
0.194205
0.52888
0.167786
0.286144
0.055222
0.205888
0.585216
0.062325
0.162698
0.485051
0.82178
0.683371
0.097759
0.684496
0.986822
0.740186
0.65471
0.125157
0.977667
0.596331
0.614515
0.456766
0.321148
0.438103
0.909391
0.853335
0.078895
0.769007
0.547768
0.455036
0.954182
0.811213
0.333839
0.150732
0.421829
0.17851
0.471587
0.58068
0.938484
0.036443
0.257026
0.023219
0.64521
0.213935
0.991398
0.307058
0.537808
0.638951
0.633104
0.584294
0.175465
0.719297
0.603925
0.934916
0.655477
0.880644
0.567779
0.104034
0.606116
0.812367
0.836014
0.826731
0.175698
0.14477
0.997902
0.015587
0.740551
0.51791
0.243592
0.624749
0.309228
0.010959
0.644054
0.952592
0.693975
0.465196
0.496808
0.710628
0.231613
0.503325
0.548999
0.495878
0.669304
0.246959
0.819777
0.696971
0.53736
0.641864
0.132278
0.074695
0.069476
0.916026
0.713933
0.078011
0.972634
0.880975
0.356783
0.941605
0.159905
0.12105
0.63761
0.693455
0.158662
0.821173
0.132249
0.443395
0.731747
0.761032
0.38813
0.327315
0.055097
0.125963
0.230881
0.182688
0.825448
0.218099
0.056007
0.525922
0.332606
0.323519
0.762092
0.070482
0.10524
0.779183
0.824891
0.010764
0.378376
0.334967
0.992539
0.548818
0.392155
0.790086
0.332847
0.270322
0.588018
0.810211
0.314639
0.934853
0.634106
0.064204
0.549789
0.741298
0.526373
0.153621
0.717916
0.819767
0.851856
0.475321
0.625135
0.297938
0.876288
0.711439
0.462231
0.566218
0.014021
0.933544
0.875009
0.935582
0.936966
0.135514
0.618821
0.452763
0.657898
0.539434
0.843778
0.964478
0.867038
0.398858
0.637284
0.185929
0.911598
0.54468
0.386295
0.327651
0.129416
0.91022
0.497392
0.10035
0.697252
0.678282
0.425716
0.587791
0.331052
0.00518
0.220204
0.539329
0.092738
0.546706
0.887964
0.630286
0.018412
0.012165
0.839457
0.935605
0.245953
0.433341
0.747265
0.37636
0.907127
0.186278
0.616828
0.673399
0.414887
0.696089
0.072556
0.723409
0.037885
0.581583
0.644622
0.137696
0.468969
0.275151
0.908246
0.191343
0.724245
0.031281
0.139616
0.129965
0.23057
0.5603
0.644987
0.355159
0.080114
0.388447
0.519061
0.550488
0.974351
0.323729
0.424899
0.360721
0.91008
0.372071
0.296822
0.861072
0.207869
0.271937
0.866223
0.072515
0.48457
0.943336
0.053332
0.019351
0.890165
0.108007
0.239666
0.176543
0.595461
0.120868
0.495503
0.411588
0.826905
0.135647
0.6465
0.855716
0.794721
0.157544
0.793917
0.656416
0.13689
0.133394
0.819932
0.24865
0.746595
0.991448
0.339278
0.253208
0.48706
0.852483
0.576143
0.695408
0.641145
0.081265
0.661676
0.010679
0.327291
0.294576
0.901855
0.198737
0.726291
0.767819
0.249789
0.177997
0.489371
0.577528
0.72493
0.545047
0.690044
0.049454
0.758495
0.024319
0.34309
0.310817
0.581785
0.195983
0.964711
0.430422
0.915291
0.038716
0.25531
0.211376
0.369173
0.340998
0.292218
0.03031
0.306818
0.050354
0.980569
0.32644
0.427469
0.824098
0.678218
0.092848
0.787696
0.186398
0.814272
0.049899
0.414032
0.001885
0.281278
0.109396
0.219643
0.837622
0.0143
0.441635
0.283127
0.082782
0.734486
0.95872
0.415357
0.30841
0.694902
0.340496
0.297845
0.173759
0.516412
0.313522
0.746706
0.654476
0.210735
0.531297
0.928892
0.417124
0.835361
0.957055
0.663773
0.663466
0.017402
0.981015
0.025181
0.367351
0.378046
0.436366
0.380318
0.436345
0.913885
0.479871
0.072188
0.95496
0.0954
0.071492
0.607598
0.457632
0.988607
0.459268
0.004827
0.720201
0.473474
0.056114
0.099125
0.040246
0.013849
0.764712
0.767176
0.309329
0.238704
0.31507
0.120351
0.230296
0.589412
0.418172
0.159314
0.590684
0.222575
0.277353
0.611451
0.877844
0.429714
0.702651
0.983198
0.866237
0.111824
0.785394
0.289211
0.069561
0.764945
0.201331
0.436565
0.076046
0.236707
0.979594
0.025792
0.799636
0.137266
0.837433
0.820101
0.670162
0.445054
0.502252
0.147986
0.055846
0.992801
0.416248
0.813779
0.231863
0.19503
0.343269
0.636407
0.494353
0.67715
0.88359
0.935559
0.386326
0.794973
0.437603
0.734
0.290013
0.857071
0.836425
0.26731
0.502409
0.333163
0.168998
0.68116
0.519416
0.711436
0.024649
0.918685
0.298064
0.517793
0.434148
0.828629
0.389902
0.15314
0.34246
0.088487
0.841281
0.214954
0.643273
0.711202
0.401355
0.260231
0.197825
0.393528
0.147637
0.564063
0.836361
0.798657
0.778471
0.141499
0.171198
0.659249
0.014091
0.208712
0.469841
0.157758
0.775665
0.2848
0.378314
0.709543
0.426396
0.654925
0.917452
0.616825
0.91597
0.404448
0.57715
0.748838
0.406933
0.755147
0.967355
0.218687
0.133909
0.931057
0.831128
0.067545
0.53403
0.501283
0.330734
0.25658
0.000866
0.224957
0.204526
0.950314
0.905463
0.099854
0.588559
0.275933
0.607873
0.194977
0.639867
0.117912
0.760063
0.348702
0.060444
0.604297
0.510073
0.167116
0.418183
0.804825
0.686099
0.635646
0.737734
0.518108
0.408473
0.944086
0.295346
0.378999
0.800292
0.239714
0.059399
0.443684
0.376079
0.917454
0.525203
0.214159
0.284845
0.092363
0.864205
0.48481
0.613516
0.871607
0.687395
0.511478
0.578791
0.365045
0.691326
0.891545
0.494277
0.676687
0.981214
0.863111
0.508951
0.797235
0.977155
0.725915
0.028114
0.8571
0.70132
0.889418
0.829561
0.830304
0.323709
0.94663
0.390981
0.326422
0.990153
0.419863
0.7566
0.894011
0.711663
0.248498
0.964407
0.863315
0.035767
0.198482
0.235245
0.429693
0.800922
0.786658
0.982218
0.701336
0.673611
0.901323
0.213936
0.533807
0.688985
0.264291
0.443961
0.435509
0.692225
0.300243
0.720896
0.716997
0.124375
0.070424
0.76151
0.022319
0.193444
0.022336
0.367272
0.051831
0.726458
0.211991
0.39393
0.777436
0.43302
0.941868
0.229547
0.458956
0.868442
0.238036
0.167969
0.872826
0.237468
0.520724
0.318938
0.234648
0.729117
0.942801
0.105038
0.014261
0.753545
0.764934
0.640072
0.703792
0.590054
0.721438