128 4
0
10
68
82
100
1
7
15
17
55
2
22
38
42
104
3
12
85
87
108
1
4
17
56
93
5
29
53
59
113
6
13
30
70
122
7
32
71
95
102
4
8
46
54
55
9
16
42
84
89
10
31
57
78
121
2
11
45
121
126
12
13
15
70
98
3
13
44
97
124
3
14
17
62
118
15
26
48
81
94
2
16
50
74
76
8
13
17
84
102
18
44
73
100
126
19
46
50
62
81
8
20
45
80
120
21
62
70
79
96
22
26
36
68
98
17
23
34
42
55
24
45
53
110
125
25
67
76
83
93
11
26
44
69
84
10
27
32
79
108
3
28
35
55
121
16
29
33
57
65
30
46
51
67
120
31
47
75
118
127
32
47
49
63
90
17
33
34
103
108
21
34
50
75
100
35
41
45
71
93
36
43
81
96
125
37
75
99
100
124
25
38
73
84
118
10
39
49
59
80
34
40
56
62
116
6
38
41
59
116
42
46
66
80
111
15
40
43
86
116
0
2
44
56
122
9
39
45
93
98
37
46
74
101
117
26
31
47
88
99
21
48
53
103
114
49
64
71
78
107
8
50
59
93
121
1
51
53
76
87
52
76
83
105
111
38
47
53
85
118
28
32
36
54
92
6
22
55
69
123
25
45
56
80
100
11
21
22
57
98
41
58
63
72
109
15
32
59
61
111
48
60
72
77
124
1
61
90
93
108
2
48
62
81
99
32
63
93
107
121
32
41
64
95
104
3
26
65
93
123
22
66
75
76
81
6
8
16
67
122
7
9
32
68
101
32
37
59
69
87
15
16
65
70
76
44
71
103
104
111
43
72
78
106
121
71
73
87
88
115
18
74
80
104
111
17
18
48
59
75
2
8
17
58
76
8
77
98
117
124
51
78
82
114
123
26
46
68
79
122
19
41
57
80
86
13
80
81
95
115
7
82
108
123
127
20
83
87
88
125
18
23
57
81
84
9
48
78
81
85
61
67
86
94
100
38
48
56
87
101
16
34
88
102
119
27
67
89
110
113
20
52
90
119
121
30
39
55
89
91
6
14
15
92
125
42
93
95
106
111
15
29
45
62
94
7
66
87
95
120
18
45
72
89
96
63
65
97
102
103
19
58
76
98
120
26
53
59
70
99
52
80
93
100
122
12
54
90
94
101
29
30
102
109
112
63
91
101
103
116
21
28
32
104
118
59
69
85
105
111
13
29
97
106
118
10
17
32
78
107
8
29
42
95
108
11
34
45
109
116
38
41
88
110
119
32
64
69
77
111
12
101
103
112
119
17
20
96
113
115
8
67
95
114
118
0
29
77
101
115
18
45
104
105
116
63
88
115
116
117
23
46
50
110
118
62
80
90
117
119
19
57
75
120
122
12
42
76
97
121
11
31
42
70
122
4
14
48
82
123
7
35
63
70
124
12
27
113
122
125
15
21
70
71
126
8
16
69
111
127
0.543476
0.362304
0.876049
0.94418
0.93122
0.152816
0.862339
0.446057
0.789767
0.918998
0.738662
0.608532
0.327424
0.697471
0.056206
0.651676
0.146901
0.89312
0.822335
0.769102
0.351275
0.922038
0.632633
0.931617
0.089652
0.121596
0.390836
0.193088
0.499446
0.846484
0.372998
0.266374
0.107814
0.850341
0.788918
0.639801
0.153207
0.569425
0.681353
0.252725
0.939638
0.574313
0.070101
0.637545
0.727476
0.606617
0.781063
0.820305
0.582117
0.800345
0.110305
0.430602
0.773313
0.883062
0.414721
0.628721
0.010012
0.134059
0.357069
0.04119
0.243343
0.370864
0.379328
0.998452
0.099786
0.619766
0.680284
0.211341
0.608791
0.443478
0.533857
0.252296
0.62393
0.185994
0.338641
0.798168
0.279731
0.405811
0.430471
0.031333
0.928096
0.912818
0.344033
0.537149
0.017393
0.210699
0.148762
0.363745
0.153209
0.696482
0.913851
0.864314
0.432078
0.733118
0.730831
0.822926
0.186278
0.293001
0.230894
0.760408
0.219632
0.671982
0.252934
0.452908
0.487563
0.635582
0.964998
0.772599
0.810743
0.605921
0.741659
0.643032
0.948629
0.873026
0.300716
0.870751
0.473721
0.395976
0.696256
0.028273
0.97675
0.786929
0.947899
0.461247
0.747357
0.940998
0.656962
0.003974
0.409696
0.095895
0.055029
0.904882
0.159532
0.35304
0.68657
0.663956
0.729477
0.902899
0.015678
0.947282
0.304804
0.420232
0.729054
0.323328
0.721577
0.12522
0.320566
0.409936
0.323121
0.320691
0.125997
0.310044
0.445808
0.943123
0.272358
0.185678
0.261584
0.563331
0.831253
0.108584
0.173685
0.490876
0.943681
0.768454
0.914856
0.827498
0.145972
0.054335
0.865371
0.787843
0.746007
0.991728
0.744432
0.254678
0.218487
0.137447
0.498225
0.289959
0.176373
0.870628
0.583795
0.901906
0.048261
0.32207
0.131385
0.744989
0.003695
0.92977
0.82054
0.268908
0.562116
0.228205
0.874496
0.816995
0.237888
0.080174
0.028844
0.690392
0.332551
0.910538
0.826717
0.537635
0.918534
0.56731
0.17485
0.309318
0.762193
0.896252
0.07059
0.507669
0.362585
0.105178
0.378256
0.33028
0.5791
0.992204
0.319134
0.649655
0.302342
0.901254
0.808368
0.215924
0.406458
0.327414
0.402743
0.118244
0.511316
0.374214
0.201218
0.662459
0.174843
0.086138
0.701738
0.190128
0.183526
0.099255
0.770417
0.785622
0.206462
0.760784
0.22083
0.026671
0.781066
0.935135
0.985138
0.767584
0.956255
0.423594
0.119542
0.834371
0.784373
0.035898
0.13243
0.976045
0.805255
0.359075
0.107886
0.355089
0.811258
0.869357
0.409225
0.940683
0.876344
0.050214
0.68856
0.066151
0.704435
0.086661
0.07828
0.876148
0.141491
0.78656
0.36518
0.042222
0.514965
0.973512
0.985711
0.8388
0.178852
0.111289
0.021188
0.274789
0.391363
0.505666
0.220605
0.513369
0.171033
0.684673
0.171392
0.979853
0.555635
0.884121
0.380293
0.151073
0.979425
0.238136
0.661171
0.279448
0.143388
0.169139
0.46091
0.714087
0.72823
0.660349
0.535508
0.124566
0.341311
0.741923
0.648387
0.187296
0.385309
0.395244
0.171187
0.768148
0.954874
0.642016
0.781967
0.891691
0.763409
0.53467
0.270056
0.988265
0.608121
0.517125
0.41263
0.267204
0.994547
0.566922
0.888892
0.366675
0.685738
0.641811
0.52464
0.843792
0.198567
0.360072
0.769904
0.31291
0.180943
0.297717
0.058389
0.197186
0.642213
0.048884
0.011269
0.215182
0.498619
0.866626
0.080389
0.236565
0.760033
0.292379
0.046857
0.999585
0.633235
0.703309
0.795022
0.306642
0.303964
0.755434
0.017825
0.798139
0.061128
0.570999
0.471867
0.353334
0.466876
0.68099
0.585128
0.5212
0.577956
0.292248
0.745191
0.093619
0.485313
0.210006
0.51799
0.518143
0.748417
0.363177
0.777919
0.609025
0.613603
0.392178
0.793488
0.560094
0.069563
0.368008
0.91708
0.511554
0.383874
0.048054
0.72086
0.823682
0.713884
0.126139
0.116777
0.226025
0.525257
0.105536
0.709091
0.574809
0.510017
0.327481
0.313955
0.082002
0.61473
0.60212
0.800145
0.312057
0.895238
0.562836
0.439548
0.734206
0.059667
0.107427
0.20964
0.029733
0.009083
0.950425
0.439311
0.307722
0.849622
0.686684
0.806515
0.456014
0.495697
0.913122
0.30123
0.71703
0.4557
0.034107
0.152443
0.054979
0.102551
0.399021
0.744548
0.421768
0.749027
0.299222
0.607307
0.00245
0.937064
0.009227
0.881289
0.202357
0.374209
0.313086
0.00331
0.351451
0.311325
0.384236
0.059654
0.163526
0.713167
0.000287
0.063757
0.699091
0.151702
0.988061
0.399016
0.324412
0.289335
0.768418
0.903951
0.131318
0.125807
0.988443
0.302078
0.05355
0.343031
0.914468
0.611002
0.504795
0.508423
0.888596
0.047685
0.678361
0.472442
0.406338
0.111484
0.106013
0.711621
0.55555
0.582802
0.804676
0.648309
0.043934
0.185388
0.608671
0.36221
0.471108
0.783516
0.116353
0.121076
0.328452
0.671294
0.277504
0.038707
0.752591
0.683927
0.406996
0.538111
0.829637
0.363107
0.494208
0.327317
0.24735
0.554385
0.180928
0.238957
0.722648
0.073008
0.40434
0.228928
0.614394
0.517587
0.747935
0.640347
0.2933
0.1185
0.587039
0.044417
0.800626
0.084971
0.93306
0.321344
0.71865
0.117289
0.500438
0.954756
0.205665
0.924083
0.59749
0.548115
0.660274
0.01093
0.955417
0.98183
0.374116
0.468389
0.146651
0.393522
0.981921
0.048396
0.751718
0.595494
0.337485
0.14742
0.604564
0.785032
0.585255
0.99806
0.639001
0.80281
0.185876
0.619846
0.807466
0.01981
0.593891
0.520673
0.571271
0.714998
0.879164
0.959104
0.851355
0.412055
0.675208
0.560835
0.22742
0.125922
0.706008
0.30969
0.918691
0.741532
0.777537
0.577722
0.55
0.206022
0.766305
0.280822
0.352365
0.400643
0.032809
0.926895
0.272215
0.394354
0.369551
0.332204
0.055628
0.606497
0.785866
0.386054
0.395964
0.158757
0.812494
0.970153
0.919094
0.960247
0.293425
0.84193
0.296757
0.231818
0.504516
0.749378
0.106493
0.494376
0.767215
0.330614
0.756486
0.08083
0.332294
0.740015
0.629678
0.451478
0.359457
0.149278
0.054499
0.199896
0.737219
0.872472
0.020297
0.282741
0.212274
0.584183
0.953771
0.851829
0.094892
0.562245
0.049363
0.575825
0.871765
0.689138
0.199576
0.031178
0.17659
0.265243
0.56809
0.311843
0.681321
0.129805
0.173014
0.425932
0.984372
0.626089
0.560863
0.502828
0.779652
0.983639
0.665968
0.824884
0.541255
0.30814
0.458962
0.702084
0.331757
0.029299
0.921284
0.377327
0.851147
0.409499
0.756583
0.8694
0.96627
0.417824
0.544085
0.851309
0.555383
0.001679
0.684652
0.628835
0.678459
0.795861
0.805682
0.573241
0.77912
0.62174
0.542533
0.676599
0.148199
0.718911
0.040581
0.223722
0.626612
0.020415
0.251085
0.112325
0.743914
0.379512
0.957961
0.483835
0.946299
0.177157
0.602591
0.427455
0.51085
0.004806
0.5515
0.226925
0.765536
0.867621
0.711762
0.02761
0.407385
0.926668
0.947277
0.15311
0.698633
0.852983
0.429816
0.16138
0.83324
0.332377
0.676709
0.52842
0.843972
0.167221
0.695141
0.10434
0.194758
0.188908
0.85903
0.877416
0.139072
0.604558
0.018423
0.916719
0.454567
0.216299
0.469992
0.912401
0.44586
0.097887
0.58293
0.39249
0.496563
0.398521
0.03054
0.740556
0.915306
0.062045
0.585364
0.250785
0.044608
0.399449
0.204517
0.031428
0.798039
0.180321
0.973238
0.132434
0.091791
0.838034
0.581073
0.637259
0.720045
0.464709
0.874106
0.098804
0.911135
0.770882
0.555452
0.079775
0.686868
0.431119
0.101767
0.124255
0.640994
0.51059
0.009707
0.892826
0.141093
0.599154
0.248099
0.865685
0.28801
0.114551
0.925257
0.557487
0.681829
0.671106
0.984481
0.144083
0.276976
0.282889
0.788376
0.399385
0.51739
0.88816
0.870344
0.179874
0.614597
0.815439
0.388092
0.101077
0.958938
0.588427
0.863601
0.894177
0.386291
0.564394
0.740813
0.089956
0.532195
0.71296
0.372127
0.71901
0.617199
0.46471
0.108915
0.075218
0.753874
0.60738
0.445729
0.406289
0.689659
0.446953
0.178007
0.030559
0.833424
0.969086
0.411687
0.494871
0.164389
0.938291
0.667852
0.007014
0.140975
0.19784
0.795392
0.620294
0.190091
0.66913
0.898836
0.980955
0.628804
0.014748
0.740262
0.196006
0.697463
0.435483
0.68281
0.064048
0.281201
0.150218
0.352218
0.890642
0.038237
0.470775
0.193155
0.333756
0.762056
0.5475
0.685604
0.213372
0.73079
0.942009
0.809791
0.700158
0.615676
0.784189
0.642294
0.39554
0.121821
0.71601
0.643774
0.562337
0.897149
0.691388
0.910546
0.962219
0.42123
0.743625
0.773761
0.924926
0.526966
0.099703
0.835098
0.560202
0.899223
0.583304
0.504784
0.706237
0.84013
0.156492
0.098134
0.270406
0.314933
0.912047
0.97958
0.526198
0.376618
0.054959
0.943436
0.798919
0.064974
0.349296
0.18184
0.065111
0.808124
0.995709
0.886748
0.289605
0.105696
0.6139
0.140917
0.878281
0.320425
0.799895
0.359215
0.413158
0.428694
0.908857
0.617424
0.904064
0.790161
0.17274
0.091745
0.890131
0.581515
0.974649
0.220081
0.22809
0.855764
0.369609
0.469899
0.911908
0.059923
0.183747
0.212302
0.162942
0.571769
0.992252
0.437478
0.117552
0.133062
0.655157
0.489983
0.080358
0.955344
0.439362
0.216962
0.150878
0.090144
0.441037
0.316631
0.541589
0.380067
0.342724
0.491539
0.397779
0.834561
0.574525
0.385471
0.553192
0.248134
0.455634
0.261226
0.111676
0.481122
0.059218
0.648499
0.667835
0.508307
0.082605
0.378321
0.110167
0.330826
0.923591
0.51875
0.760504
0.723463
0.756415
0.553305
0.781078
0.670137
0.400908
0.096875
0.314088
0.613057
0.589466
0.709585
0.397044
0.127243
0.263508
0.162761
0.49568
0.74934
0.706773
0.571734
0.177836
0.287937
0.845333
0.147942
0.874592
0.059923
0.556229
0.543404
0.990603
0.522313
0.55246
0.564821
0.509024
0.870456
0.106335
0.206693
0.198433
0.794923
0.907278
0.435859
0.597945
0.337143
0.627501
0.05254
0.050039
0.030909
0.8871
0.6741
0.542675
0.085037
0.150026
0.458937
0.484911
0.723798
0.236159
0.822377
0.307573
0.158818
0.67503
0.782212
0.28854
0.788555
0.937174
0.432193
0.804231
0.437293
0.012729
0.550286
0.210292
0.481549
0.334335
0.922862
0.050815
0.96977
0.306414
0.049386
0.943938
0.62045
0.843436
0.436511
0.168036
0.366256
0.286212
0.660331
0.290614
0.070257
0.936833
0.076005
0.918032
0.089554
0.540406
0.034301
0.491761
0.892109
0.366368
0.600606
0.643261
0.056226
0.112063
0.88004
0.157307
0.898375
0.646324
0.967861
0.441497
0.707971
0.858805
0.268704
0.925516
0.474752
0.328642
0.522557
0.894999
0.819608
0.544938
0.403088
0.91587
0.062342
0.72191
0.056205
0.940933
0.126179
0.160982
0.588119
0.968688
0.807163
0.401034
0.907278
0.949124
0.478444
0.166357
0.493415
0.249755
0.755744
0.936392
0.4635
0.707425
0.665613
0.400235
0.0913
0.527744
0.750065
0.288382
0.41265
0.185384
0.037479
0.560282
0.218524
0.164941
0.110552
0.835007
0.129729
0.522186
0.627509
0.240085
0.274495
0.856032
0.24144
0.172022
0.937067
0.419687
0.737977
0.501199
0.50021
0.537745
0.707304
0.966719
0.855426
0.301263
0.265515
0.964588
0.034985
0.105692
0.807058
0.020455
0.332831
0.831484
0.549956
0.656399
0.454059
0.720262
0.815983
0.482108
0.495698
0.162721
0.005515
0.528676
0.009351
0.996533
0.490372
0.162721
0.613324
0.526774
0.383326
0.99601
0.222628
0.882373
0.402119
0.604447
0.501718
0.942308
0.361031
0.946399
0.806686
0.852011
0.008978
0.422893
0.336772
0.302255
0.843782
0.611268
0.338074
0.772378
0.827819
0.185079
0.880306
0.92272
0.181116
0.735655
0.233488
0.959839
0.535539
0.834626
0.472182
0.874311
0.025007
0.057838
0.653478
0.443854
0.972585
0.673344
0.325201
0.647398
0.09086
0.696145
0.465647
0.80797
0.995748
0.711154
0.976712
0.453088
0.992677
0.266878
0.389147
0.034115
0.906026
0.934922
0.368552
0.403851
0.337069
0.785031
0.309019
0.988565
0.782841
0.759874
0.567649
0.104158
0.977814
0.955389
0.999648
0.997473
0.807064
0.271722
0.496987
0.851091
0.979348
0.397306
0.947158
0.832545
0.984591
0.758433
0.819946
0.709304
0.673021
0.676251
0.376915
0.469415
0.174664
0.991464
0.565703
0.107941
0.433941
0.481303
0.468323
0.662187
0.519688
0.987051
0.458129
0.338792
0.180388
0.111396
0.191201
0.535366
0.879703
0.872619
0.253625
0.644749
0.844034
0.40134
0.196174
0.097725
0.603576
0.974861
0.941126
0.944514
0.586153
0.413594
0.488145
0.028689
0.248637
0.655772
0.929957
0.133092
0.549907
0.88024
0.456051
0.439385
0.866256
0.292559
0.289296
0.849376
0.609481
0.423723
0.75335
0.732774
0.978778
0.317962
0.635506
0.873087
0.709273
0.451337
0.899741
0.02154
0.933757
0.17277
0.715421
0.135883
0.82147
0.531643
0.078035
0.42572
0.477861
0.448737
0.881298
0.43788
0.167884
0.1231
0.751458
0.767787
0.860189
0.605446
0.95089
0.298539
0.223895
0.887885
0.72672
0.480638
0.176842
0.74779
0.332213
0.118147
0.037946
0.213657
0.651101
0.91074
0.612417
0.562744
0.81673
0.983267
0.642963
0.712517
0.000985
0.565713
0.628548
0.613436
0.809599
0.29776
0.766811
0.308277
0.987473
0.916723
0.230582
0.475752
0.30066
0.465456
0.23214
0.136565
0.32118
0.349043
0.541684
0.743585
0.916849
0.592519
0.39647
0.931925
0.664015
0.363308
0.147269
0.151246
0.86245
0.124007
0.829785
0.321413
0.969059
0.965237
0.773412
0.56588
0.594178
0.771879
0.706258
0.99903
0.427396
0.116844
0.947242
0.658655
0.31243
0.411554
0.308986
0.873243
0.733626
0.285274
0.919866
0.541895
0.789791
0.959716
0.9217
0.197876
0.455865
0.461412
0.858252
0.572411
0.227841
0.330547
0.285573
0.50109
0.160003
0.062058
0.722624
0.798118
0.745926
0.867516
0.287511
0.363506
0.603071
0.378522
0.476454
0.226477
0.364766
0.114424
0.582266
0.155759
0.382664
0.04902
0.707926
0.083963
0.645028
0.978469
0.761317
0.223922
0.682487
0.208095
0.488571
0.957339
0.060409
0.886687
0.38046
0.892713
0.721131
0.404317
0.38198
0.649477
0.819978
0.757775
0.601664
0.405238
0.598332
0.342157
0.142472
0.412251
0.142312
0.602815
0.820243
0.482523
0.486351
0.532851
0.562626
0.074243
0.206337
0.578108
0.050118
0.654568
0.767683
0.1484
0.202349
0.86958
0.53157
0.491393
0.378849
0.963425
0.491567
0.255195
0.68428
0.392702
0.851687
0.569964
0.74892
0.259979
0.949307
0.835881
0.244265
0.550063
0.888819
0.659567
0.229023
0.631302
0.717025
0.239315
0.408534
0.7129
0.49829
0.916978
0.353891
0.074621
0.718124
0.202424
0.346449
0.687199
0.566589
0.235562
0.649034
0.615533
0.711558
0.540577
0.70206
0.327706
0.899493
0.779753
0.245807
0.265669
0.40373
0.225198
0.729736
0.455571
0.624662
0.809851
0.336865
0.133507
0.349536
0.808826
0.442405
0.503979
0.39844
0.483181
0.35951
0.791369
0.942735
0.326439
0.792923
0.733313
0.904722
0.595256
0.346071
0.018637
0.466066
0.122639
0.092095
0.19415
0.017869
0.297251
0.797897
0.695105
0.562525
0.687524
0.422661
0.195339
0.667072
0.18453
0.993428
0.713677
0.182402
0.74215
0.778769
0.636803
0.100531
0.628313
0.415414
0.341248
0.909076
0.345437
0.167786
0.515525
0.782261
0.837605
0.003731
0.176588
0.755746
0.472407
0.590187
0.252952
0.129331
0.660822
0.448025
0.962052
0.781977
0.998493
0.000327
0.428649
0.640492
0.150895
0.173245
0.984852
0.652366
0.815072
0.034765
0.134881
0.828585
0.188468
0.991077
0.445227
0.774958
0.116758
0.63949
0.78689
0.954986
0.672165
0.2995
0.961201
0.046331
0.333435
0.047491
0.068901
0.847876
0.912778
0.563404
0.174057
0.253533
0.843559
0.703372
0.154964
0.430021
0.08267
0.133682
0.704596
0.104019
0.168262
0.387166
0.650063
0.269911
0.354465
0.738594
0.366263
0.494287
0.550675
0.936384
0.560065
0.189923
0.706211
0.191521
0.876393
0.372509
0.366544
0.993872
0.590714
0.589776
0.228907
0.248114
0.390868
0.067118
0.297267
0.813232
0.636908
0.250671
0.908625
0.047496
0.087126
0.746955
0.120789
0.625088
0.093576
0.227567
0.547272
0.358683
0.129038
0.424091
0.863664
0.325566
0.066788
0.587403
0.492807
0.233032
0.611645
0.682068
0.550485
0.671656
0.693691
0.717785
0.325673
0.565486
0.249986
0.255116
0.444743
0.836854
0.61263
0.69795
0.670953
0.970829
0.374684
0.810859
0.843216
0.903912
0.527132
0.730892
0.401603
0.358289
0.899783
0.688621
0.161325
0.236458
0.983277
0.546799
0.454732
0.068961
0.05233
0.730237
0.131974
0.738491
0.397873
0.638342
0.981755
0.267294
0.136608
0.219951
0.314832
0.24936
0.80641
0.159126
0.218102
0.827155
0.596195
0.53862
0.703064
0.218292
0.87134
0.842915
0.57853
0.484932
0.526169
0.608977
0.888798
0.556992
0.409661
0.22214
0.452575
0.283167
0.858423
0.049197
0.938512
0.340114
0.60854
0.257411
0.363159
0.601586
0.687639
0.782409
0.283695
0.830786
0.401864
0.16201
0.261332
0.838006
0.281628
0.35208
0.63515
0.734755
0.893035
0.397328
0.967671
0.519822
0.273932
0.302242
0.208649
0.097255
0.414933
0.158986
0.688256
0.256052
0.758204
0.089225
0.1001
0.4221
0.660651
0.720281
0.299049
0.792738
0.398436
0.032628
0.222721
0.402655
0.826408
0.410049
0.2183
0.571604
0.969695
0.856028
0.23817
0.15139
0.529264
0.634216
0.48731
0.354754
0.601958
0.531709
0.595369
0.853367
0.91982
0.569161
0.190424
0.826714
0.457107
0.519486
0.830622
0.77638
0.205457
0.462043
0.048359
0.213797
0.533772
0.473231
0.143979
0.310675
0.681786
0.869133
0.26498
0.245493
0.969454
0.185996
0.825875
0.172492
0.272227
0.378315
0.824437
0.660371
0.191473
0.73291
0.562616
0.501722
0.993227
0.671476
0.171496
0.736795
0.488144
0.093603
0.004095
0.451256
0.445421
0.543914
0.231486
0.88064
0.199735
0.367225
0.701249
0.495062
0.921475
0.592008
0.24503
0.298327
0.255654
0.248475
0.673178
0.890554
0.453895
0.870169
0.501289
0.439615
0.844332
0.539779
0.43154
0.850606
0.018808
0.532708
0.342158
0.370087
0.668916
0.832786
0.790525
0.185681
0.119365
0.924109
0.717386
0.334038
0.077794
0.290464
0.27166
0.622538
0.10632
0.882129
0.985488
0.342693
0.262494
0.297062
0.222066
0.054834
0.483676
0.399213
0.654197
0.676544
0.270521
0.991453
0.935521
0.235392
0.370801
0.198314
0.99751
0.924544
0.831882
0.282403
0.333151
0.410503
0.414964
0.299648
0.931592
0.776599
0.545546
0.323037
0.19945
0.689382
0.382682
0.355462
0.393973
0.326922
0.273342
0.973382
0.792801
0.158477
0.27819
0.793879
0.171251
0.138251
0.749597
0.12063
0.023966
0.031777
0.66741
0.901761
0.743286
0.994738
0.501967
0.257592
0.256244
0.894487
0.664794
0.026068
0.060854
0.98952
0.333256
0.585635
0.397289
0.865722
0.710593
0.556425
0.384482
0.613116
0.563
0.071421
0.119641
0.045684
0.209683
0.750212
0.538136
0.617607
0.570334
0.8837
0.516989
0.31109
0.142302
0.918923
0.876767
0.650806
0.252234
0.261428
0.590209
0.931887
0.275426
0.735695
0.414572
0.835134
0.916727
0.605137
0.226732
0.983285
0.277783
0.62647
0.863368
0.552451
0.485652
0.373349
0.936591
0.952803
0.633772
0.434631
0.554475
0.839332
0.017274
0.271193
0.967359
0.59767
0.55908
0.849811
0.844227
0.006793
0.851807
0.100331
0.88238
0.176658
0.919211
0.715257
0.844553
0.924794
0.404473
0.816269
0.840625
0.802221
0.942596
0.066363
0.980052
0.795843
0.459784
0.341203
0.847747
0.483305
0.634587
0.602005
0.810601
0.228798
0.622882
0.11839
0.41672
0.570733
0.197791
0.936412
0.258952
0.916302
0.179628
0.251913
0.556841
0.752104
0.202039
0.98877
0.223646
0.935021
0.200077
0.368547
0.285846
0.037633
0.002664
0.913788
0.362314
0.192851
0.492402
0.762043
0.208923
0.431381
0.19469
0.035959
0.573227
0.810118
0.814362
0.326494
0.508399
0.577497
0.587592
0.779408
0.076587
0.913539
0.353378
0.507663
0.741916
0.910428
0.761471
0.711408
0.202349
0.853028
0.149784
0.855277
0.854481
0.09174
0.061617
0.830372
0.534773
0.473493
0.613805
0.652255
0.044547
0.985278
0.504015
0.269667
0.801887
0.365622
0.500293
0.235416
0.661299
0.634779
0.785047
0.573278
0.967656
0.110294
0.653093
0.093575
0.893107
0.537967
0.288912
0.067135
0.2098
0.211133
0.078753
0.021435
0.051273
0.807968
0.585085
0.906192
0.233553
0.156099
0.719627
0.264062
0.647037
0.790514
0.392456
0.180569
0.515228
0.017808
0.234369
0.630308
0.511122
0.563669
0.95912
0.261188
0.540509
0.483185
0.916683
0.209237
0.789857
0.193373
0.119461
0.928421
0.260407
0.614509
0.328382
0.947618
0.577287
0.635284
0.590154
0.732119
0.832533
0.973181
0.995664
0.225616
0.523972
0.579036
0.567612
0.254506
0.664213
0.818153
0.131305
0.086771
0.285774
0.742512
0.148775
0.222926
0.53825
0.339786
0.099723
0.607035
0.009447
0.307597
0.705601
0.722095
0.629691
0.255197
0.154143
0.683544
0.18765
0.739017
0.961767
0.068143
0.516174
0.549574
0.407715
0.902992
0.463509
0.697546
0.542818
0.378338
0.624767
0.469415
0.247374
0.339369
0.327044
0.206316
0.311982
0.95719
0.286878
0.391549
0.846781
0.284066
0.45791
0.17849
0.337115
0.7032
0.562844
0.500593
0.488518
0.828995
0.856597
0.863421
0.585332
0.251853
0.458177
0.248027
0.250146
0.755502
0.420412
0.560368
0.661844
0.949735
0.806369
0.883993
0.923477
0.292606
0.067362
0.972192
0.899797
0.656239
0.708699
0.119852
0.144078
0.216853
0.295959
0.24428
0.567802
0.310644
0.190772
0.872302
0.040719
0.511274
0.254258
0.53561
0.114131
0.921334
0.601343
0.200937
0.574533
0.945679
0.599468
0.618801
0.010206
0.508844
0.067966
0.47981
0.332583
0.249149
0.228076
0.154079
0.656721
0.945201
0.145714
0.071186
0.992569
0.472317
0.066651
0.868706
0.257233
0.310164
0.29447
0.215723
0.165826
0.023434
0.783435
0.987921
0.78241
0.675271
0.978279
0.644813
0.53179
0.956925
0.317462
0.985953
0.406144
0.915429
0.002457
0.842487
0.716992
0.08038
0.941194
0.238599
0.48442
0.991841
0.597674
0.455677
0.166209
0.768919
0.042137
0.847034
0.439036
0.703413
0.301152
0.786834
0.769765
0.10442
0.924398
0.863361
0.97197
0.928949
0.017221
0.584779
0.128003
0.358917
0.327944
0.508899
0.871892
0.999212
0.577702
0.529128
0.612183
0.620569
0.164445
0.186605
0.537883
0.999986
0.59539
0.26575
0.967484
0.247297
0.009763
0.822073
0.617058
0.734568
0.197283
0.031407
0.536154
0.655784
0.231638
0.405155
0.318151
0.404504
0.69349
0.289979
0.25399
0.759414
0.793756
0.239867
0.772033
0.599808
0.851543
0.025077
0.101168
0.636747
0.546935
0.519217
0.713422
0.335587
0.312377
0.409527
0.185274
0.204486
0.682622
0.141416
0.838835
0.183941
0.495302
0.781612
0.160873
0.75857
0.601352
0.533688
0.309981
0.494821
0.899555
0.193193
0.795994
0.481455
0.399302
0.342257
0.199197
0.25983
0.320602
0.39297
0.231807
0.90838
0.123566
0.130971
0.264749
0.721348
0.694374
0.627329
0.050747
0.882938
0.848948
0.225018
0.156701
0.253703
0.668268
0.09813
0.276935
0.724925
0.308628
0.988565
0.37682
0.576455
0.314464
0.550349
0.648806
0.350983
0.321289
0.654821
0.704869
0.588113
0.239874
0.801906
0.069232
0.384271
0.923147
0.164821
0.348685
0.228832
0.905719
0.44482
0.080234
0.876355
0.209027
0.569249
0.681337
0.614199
0.786113
0.618472
0.170811
0.282833
0.893684
0.579799
0.104711
0.189193
0.036338
0.785953
0.355602
0.71827
0.732341
0.338791
0.006747
0.807836
0.931702
0.365458
0.173455
0.443873
0.618072
0.832212
0.189855
0.303344
0.607829
0.06259
0.24161
0.346176
0.484313
0.576879
0.928369
0.36236
0.563652
0.238076
0.251128
0.768367
0.486967
0.680557
0.63618
0.555644
0.689921
0.415617
0.484665
0.426741
0.874344
0.241199
0.247701
0.658925
0.204764
0.397197
0.491695
0.023406
0.624537
0.601714
0.93138
0.370096
0.331851
0.080595
0.466863
0.848714
0.328731
0.274302
0.24282
0.325986
0.995001
0.005211
0.81209
0.176627
0.784785
0.705781
0.887567
0.382643
0.583945
0.323782
0.125205
0.560859
0.00597
0.451046
0.865189
0.34398
0.011604
0.067781
0.107866
0.825771
0.946976
0.142682
0.086987
0.509478
0.32379
0.339837
0.427272
0.947871
0.438496
0.685899
0.960517
0.633446
0.967574
0.916964
0.236213
0.922008
0.076301
0.269136
0.164246
0.375695
0.581544
0.209024
0.843944
0.284581
0.17674
0.153225
0.140882
0.715041
0.916289
0.764315
0.342626
0.193797
0.306958
0.406879
0.471139
0.590148
0.273435
0.78702
0.53912
0.175389
0.406927
0.338412
0.8625
0.688098
0.622953
0.736438
0.706907
0.510753
0.616807
0.054952
0.074172
0.557866
0.957539
0.34064
0.202181
0.984739
0.407891
0.96934
0.185841
0.917779
0.598458
0.74556
0.431772
0.002307
0.224957
0.493414
0.309335
0.100061
0.882957
0.245439
0.234844
0.749454
0.646154
0.681529
0.361961
0.063299
0.528685
0.491418
0.910702
0.298081
0.438557
0.416795
0.082138
0.761491
0.451148
0.421191
0.962769
0.401525
0.196954
0.428242
0.241195
0.351534
0.248228
0.468375
0.93111
0.81448
0.346177
0.91986
0.296707
0.999581
0.504986
0.737798
0.210349
0.723311
0.490123
0.761636
0.841125
0.856928
0.454613
0.556498
0.876777
0.879668
0.07481
0.739039
0.803112
0.752892
0.381946
0.061578
0.49475
0.508586
0.701713
0.223531
0.236963
0.164682
0.154138
0.140158
0.120374
0.031975
0.650763
0.301217
0.442667
0.271899
0.044857
0.628479
0.823782
0.595394
0.278389
0.206867
0.474642
0.744527
0.801548
0.504301
0.225447
0.695705
0.432071
0.164552
0.131975
0.814165
0.681153
0.050649
0.894768
0.365317
0.626081
0.91685
0.260241
0.123125
0.775474
0.869943
0.876291
0.652229
0.94421
0.77569
0.051372
0.606267
0.914599
0.024063
0.421885
0.704925
0.961282
0.510994
0.062342
0.657045
0.613707
0.678321
0.36676
0.278837
0.785986
0.789392
0.263585
0.987829
0.518911
0.941876
0.287014
0.712035
0.803606
0.007066
0.726681
0.942647
0.140349
0.950927
0.228061
0.073908
0.275534
0.081096
0.278621
0.902707
0.871404
0.079896
0.70435
0.289237
0.223352
0.50302
0.811232
0.992113
0.861981
0.217147
0.996352
0.665718
0.326828
0.398722
0.310051
0.17426
0.810517
0.949383
0.566882
0.535595
0.4644
0.263862
0.554971
0.032268
0.639876
0.571317
0.63508
0.973753
0.269941
0.31183
0.623661
0.118201
0.747706
0.298066
0.162539
0.853696
0.388998
0.570054
0.623102
0.414912
0.861257
0.38063
0.717707
0.623139
0.724474
0.907882
0.551414
0.720664
0.671421
0.283001
0.517881
0.555558
0.622255
0.934719
0.2911
0.874451
0.307691
0.911371
0.789679
0.350971
0.061206
0.750457
0.817491
0.8248
0.982843
0.424833
0.277999
0.828528
0.789438
0.611887
0.683684
0.681119
0.534146
0.234347
0.127028
0.710175
0.59198
0.034641
0.012083
0.17682
0.215406
0.184783
0.108208
0.423689
0.88906
0.196163
0.497649
0.793319
0.537778
0.826463
0.743179
0.362843
0.637049
0.195805
0.390382
0.325802
0.698809
0.84011
0.389911
0.5954
0.110428
0.46686
0.885563
0.453329
0.304382
0.652951
0.586712
0.246659
0.48082
0.39496
0.291806
0.947321
0.937242
0.035615
0.79462
0.889717
0.101095
0.117901
0.085829
0.259837
0.660752
0.611568
0.247993
0.40624
0.768734
0.19388
0.076736
0.578609
0.318793
0.240006
0.995212
0.375946
0.53064
0.716064
0.152414
0.02988
0.100371
0.346015
0.262277
0.592355
0.415763
0.414437
0.316616
0.499126
0.533165
0.440797
0.354847
0.788886
0.79536
0.34257
0.735019
0.15361
0.675121
0.930742
0.489485
0.347893
0.774992
0.783665
0.459647
0.725174
0.614305
0.389434
0.678971
0.848467
0.096115
0.319875
0.929748
0.188208
0.910994
0.643816
0.512594
0.413245
0.987196
0.07206
0.355262
0.081451
0.701537
0.38134
0.605589
0.187018
0.434047
0.966474
0.849162
0.246547
0.973145
0.905482
0.083878
0.805159
0.283869
0.690766
0.48821
0.707137
0.528043
0.638505
0.340236
0.22717
0.551936
0.329109
0.389323
0.301337
0.07889
0.918166
0.46832
0.352293
0.368907
0.733836
0.261209
0.881443
0.193187
0.997358
0.747272
0.362818
0.239901
0.83101
0.709401
0.053709
0.170185
0.093626
0.928296
0.310699
0.502024
0.512435
0.416658
0.548312
0.442069
0.848476
0.381105
0.256424
0.732993
0.814806
0.591439
0.827133
0.528825
0.390047
0.355916
0.677675
0.129581
0.547616
0.911511
0.081545
0.032363
0.393462
0.412117
0.992011
0.467895
0.138575
0.360867
0.368205
0.903982
0.619035
0.704683
0.831484
0.287139
0.421114
0.621421
0.343371
0.003567
0.586227
0.004338
0.777813
0.907491
0.329717
0.364484
0.966278
0.06515
0.799469
0.940243
0.561503
0.531861
0.573964
0.776688
0.715404
0.890629
0.689101
0.199159
0.583041
0.277604
0.48499
0.622244
0.808515
0.7005
0.993422
0.553483
0.667163
0.471284
0.801815
0.628213
0.20626
0.534964
0.366477
0.328118
0.757759
0.606118
0.711199
0.901239
0.844664
0.153963
0.864255
0.108402
0.879948
0.365401
0.737215
0.046928
0.271383
0.962256
0.453095
0.858355
0.042282
0.883918
0.324027
0.092878
0.460002
0.145896
0.541677
0.262183
0.067382
0.498914
0.037419
0.224697
0.453479
0.76465
0.208635
0.319438
0.331152
0.925124
0.849077
0.281906
0.762844
0.945879
0.939443
0.50631
0.132366
0.158769
0.307335
0.032536
0.654159
0.862588
0.778521
0.482036
0.635879
0.436905
0.762873
0.543291
0.187903
0.82901
0.198776
0.550727
0.866091
0.593869
0.860596
0.355957
0.538419
0.136244
0.456186
0.938672
0.56565
0.957139
0.198582
0.066873
0.586171
0.592286
0.491887
0.323979
0.809829
0.83654
0.65568
0.684077
0.451043
0.608842
0.639465
0.729085
0.467149
0.779135
0.257598
0.522562
0.548626
0.748317
0.059771
0.388086
0.96134
0.78556
0.559515
0.724199
0.886629
0.227209
0.227242
0.519168
0.987343
0.827832
0.471682
0.894801
0.821659
0.700131
0.42716
0.764864
0.613569
0.0363
0.528355
0.603644
0.243931
0.116274
0.851137
0.740728
0.919115
0.142028
0.389768
0.138944
0.40647
0.417448
0.684187
0.068244
0.383778
0.885642
0.159163
0.963651
0.005726
0.153266
0.537746
0.305569
0.119392
0.000199
0.034259
0.323003
0.063873
0.775068
0.486151
0.222802
0.72994
0.833219
0.910051
0.111868
0.182008
0.716446
0.150068
0.720709
0.82332
0.628319
0.385766
0.558082
0.627635
0.779446
0.416274
0.771252
0.875215
0.124646
0.122379
0.630954
0.684977
0.798852
0.83624
0.768202
0.365461
0.216583
0.789845
0.350236
0.397018
0.237906
0.072452
0.690175
0.629431
0.3186
0.614854
0.735812
0.456571
0.092417
0.890788
0.658437
0.660097
0.474276
0.918552
0.273839
0.100499
0.100425
0.229824
0.821261
0.065115
0.271583
0.632873
0.660868
0.387763
0.594755
0.067189
0.119733
0.951982
0.243545
0.008827
0.227803
0.245081
0.846878
0.705656
0.753862
0.965132
0.767767
0.407421
0.067909
0.94629
0.44287
0.841419
0.059311
0.4699
0.546525
0.593179
0.104352
0.21181
0.057883
0.573243
0.078815
0.075235
0.248246
0.799589
0.13556
0.962901
0.703855
0.961957
0.92152
0.457945
0.981454
0.23859
0.724147
0.437486
0.849028
0.859271
0.071835
0.481398
0.285813
0.431345
0.843837
0.097272
0.667662
0.433863
0.877634
0.079688
0.441818
0.086036
0.169361
0.866392
0.85517
0.880203
0.71891
0.37589
0.528904
0.478226
0.68606
0.480111
0.573353
0.588951
0.494371
0.449078
0.708984
0.451509
0.601314
0.461879
0.561154
0.506226
0.922246
0.752204
0.569777
0.160622
0.663372
0.702107
0.813114
0.903516
0.818157
0.654017
0.513439
0.880494
0.900176
0.337593
0.987583
0.717538
0.229794
0.454131
0.78586
0.682235
0.432509
0.850511
0.41099
0.835808
0.206568
0.573186
0.532362
0.414415
0.039475
0.579176
0.143515
0.795743
0.627292
0.129204
0.353259
0.065234
0.060457
0.895423
0.089685
0.687891
0.602937
0.912304
0.899895
0.581354
0.140852
0.904203
0.785965
0.989623
0.001518
0.231855
0.036187
0.87771
0.21262
0.40305
0.417174
0.438871
0.344611
0.550788
0.082497
0.49367
0.40048
0.494164
0.284997
0.325216
0.23051
0.349769
0.63039
0.507995
0.638546
0.349291
0.945319
0.3451
0.595018
0.49254
0.218117
0.668028
0.442077
0.996203
0.762101
0.345463
0.899004
0.186427
0.605881
0.152709
0.267244
0.14924
0.989314
0.565298
0.946147
0.228421
0.476178
0.006912
0.723442
0.726247
0.556673
0.867597
0.673786
0.072953
0.356768
0.664782
0.617665
0.205429
0.273966
0.262365
0.069349
0.997117
0.960584
0.092265
0.546424
0.509648
0.294658
0.255167
0.729868
0.211204
0.519894
0.177338
0.13562
0.542265
0.274948
0.163378
0.884844
0.657243
0.277887
0.67673
0.407867
0.422474
0.203912
0.115747
0.648145
0.079531
0.66481
0.713063
0.036988
0.539087
0.429041
0.265338
0.459481
0.610201
0.236671
0.205796
0.720717
0.889026
0.390827
0.93144
0.293473
0.296169
0.629511
0.291704
0.511705
0.560207
0.884053
0.106045
0.05333
0.137328
0.436285
0.010405
0.332795
0.149533
0.955272
0.975709
0.940542
0.910461
0.594387
0.582608
0.446093
0.018058
0.97044
0.774727
0.652455
0.437941
0.976168
0.78451
0.137893
0.326928
0.828677
0.248782
0.692948
0.028773
0.118231
0.02406
0.612936
0.108824
0.007505
0.189439
0.032335
0.964002
0.477475
0.077584
0.854113
0.24163
0.330151
0.773642
0.196133
0.476985
0.394952
0.691975
0.75941
0.73112
0.271072
0.970565
0.091829
0.297974
0.129815
0.657822
0.13682
0.712653
0.634012
0.635332
0.307317
0.686405
0.692002
0.391113
0.124809
0.836964
0.180528
0.045526
0.816825
0.310959
0.172351
0.427163
0.786004
0.651459
0.041863
0.470042
0.297456
0.313775
0.640486
0.426825
0.528431
0.407742
0.955945
0.970911
0.565282
0.779357
0.011282
0.963016
0.766884
0.299736
0.653646
0.157856
0.52581
0.58485
0.822096
0.073938
0.868514
0.772502
0.721135
0.751617
0.937093
0.009069
0.984743
0.162858
0.893783
0.991018
0.187872
0.900592
0.201199
0.016927
0.675911
0.547305
0.819466
0.89746
0.391223
0.233783
0.931589
0.892415
0.367328
0.410211
0.054764
0.754766
0.420333
0.431205
0.96168
0.427026
0.603203
0.684555
0.4307
0.552686
0.107878
0.708368
0.332126
0.098976
0.202013
0.74136
0.618269
0.276586
0.02583
0.300874
0.821675
0.360232
0.313078
0.6126
0.785787
0.216203
0.175758
0.039978
0.00232
0.918174
0.784994
0.127137
0.136752
0.678847
0.367093
0.307883
0.319879
0.800683
0.892261
0.422382
0.338982
0.14034
0.00792
0.640589
0.573482
0.755589
0.442579
0.644426
0.071306
0.453336
0.657617
0.957294
0.855629
0.717088
0.396732
0.653946
0.241029
0.428105
0.742795
0.679647
0.345843
0.855528
0.771632
0.163846
0.896566
0.760309
0.093581
0.024536
0.823588
0.202426
0.618351
0.953281
0.659481
0.498311
0.15492
0.449912
0.307954
0.050653
0.386538
0.397492
0.243223
0.658299
0.776303
0.903309
0.385922
0.749869
0.742402
0.835848
0.745935
0.44695
0.539395
0.822439
0.13599
0.961617
0.108607
0.638975
0.077308
0.8999
0.238101
0.058134
0.226403
0.200305
0.168144
0.430367
0.385331
0.21757
0.641186
0.412623
0.246645
0.811013
0.059766
0.590639
0.326417
0.403098
0.891698
0.718893
0.899442
0.020885
0.368381
0.78724
0.540626
0.422015
0.758615
0.232995
0.117763
0.681613
0.413146
0.963587
0.369383
0.003526
0.391077
0.226339
0.52747
0.718749
0.107377
0.372062
0.780986
0.116448
0.704658
0.538353
0.273348
0.353147
0.922394
0.520995
0.047064
0.853889
0.824819
0.945792
0.372973
0.591314
0.396569
0.797853
0.623511
0.19532
0.814887
0.081439
0.123257
0.255832
0.552928
0.56551
0.092565
0.423093
0.74705
0.795887
0.27137
0.096023
0.604704
0.130125
0.849683
0.057406
0.667933
0.340628
0.077568
0.413422
0.197753
0.244144
0.664444
0.932857
0.844505
0.41475
0.052345
0.241071
0.15966
0.467896
0.656523
0.779841
0.51237
0.579635
0.404928
0.316805
0.222442
0.680069
0.437283
0.494301
0.031083
0.285695
0.367142
0.867766
0.650378
0.941314
0.877166
0.780531
0.041948
0.329049
0.997718
0.881312
0.117817
0.574336
0.142105
0.718127
0.231682
0.944864
0.687936
0.461092
0.843225
0.141895
0.949137
0.437392
0.646127
0.303117
0.913596
0.91351
0.087489
0.867928
0.890915
0.333771
0.431607
0.846017
0.70316
0.74733
0.210663
0.46893
0.229497
0.518625
0.706906
0.526393
0.13304
0.630632
0.778075
0.657198
0.244293
0.16667
0.073811
0.351277
0.498167
0.534188
0.209725
0.597462
0.841564
0.125031
0.946949
0.203114
0.890904
0.438256
0.248887
0.056184
0.18199
0.531085
0.249879
0.407721
0.436898
0.291843
0.092823
0.194787
0.992762
0.062736
0.836623
0.533262
0.484105
0.099245
0.089413
0.067606
0.212589
0.9109
0.311391
0.431964
0.71403
0.388889
0.584973
0.606799
0.523614
0.071245
0.677685
0.653328
0.215207
0.252003
0.144196
0.930432
0.556049
0.488543
0.262083
0.844006
0.266917
0.613309
0.026211
0.320783
0.270522
0.958628
0.065042
0.604487
0.221348
0.038857
0.876192
0.158954
0.704872
0.783803
0.4876
0.81121
0.413717
0.15404
0.272347
0.577042
0.029719
0.805984
0.291419
0.402807
0.123606
0.892512
0.124576
0.855922
0.197246
0.814914
0.296905
0.65
0.455689
0.678017
0.375659
0.334118
0.681503
0.47995
0.823423
0.856473
0.857461
0.618236
0.544609
0.689501
0.529372
0.408203
0.030464
0.556541
0.74732
0.297748
0.78596
0.917723
0.346581
0.229494
0.510197
0.004147
0.92998
0.458734
0.296255
0.79837
0.61237
0.480047
0.399482
0.604926
0.54224
0.282793
0.668179
0.686138
0.597129
0.559852
0.424459
0.356777
0.365012
0.458575
0.182248
0.416482
0.534302
0.143599
0.735235
0.452653
0.364448
0.692384
0.462516
0.486374
0.140211
0.934289
0.79358
0.148689
0.279952
0.142371
0.444076
0.487832
0.66281
0.857256
0.837485
0.515662
0.677075
0.527483
0.933446
0.990281
0.030064
0.888463
0.84109
0.20938
0.847403
0.318221
0.013569
0.993456
0.692305
0.845247
0.057599
0.90344
0.875017
0.134779
0.950292
0.284534
0.347237
0.664134
0.897317
0.193536
0.824827
0.442424
0.133103
0.325185
0.594643
0.958084
0.007436
0.43616
0.056729
0.885271
0.264064
0.610474
0.615909
0.227955
0.113437
0.090516
0.428051
0.622158
0.361167
0.50198
0.241041
0.881238
0.033559
0.490385
0.294337
0.380175
0.404552
0.788091
0.152259
0.51277
0.363365
0.071784
0.526778
0.731062
0.691644
0.498807
0.077399
0.983693
0.478456
0.726514
0.869865
0.901076
0.945738
0.282112
0.771469
0.584109
0.855215
0.649804
0.729649
0.06543
0.284163
0.157984
0.40478
0.745427
0.44635
0.032013
0.730794
0.67381
0.853422
0.012813
0.262189
0.914222
0.546437
0.194917
0.363007
0.165401
0.991054
0.663887
0.281561
0.581905
0.865789
0.370205
0.277712
0.104217
0.422785
0.383988
0.847103
0.766985
0.578426
0.396693
0.850511
0.90132
0.119936
0.017792
0.552695
0.694148
0.413313
0.804039
0.670392
0.270404
0.411074
0.073412
0.113206
0.993828
0.628457
0.443003
0.48426
0.075168
0.614151
0.841713
0.493277
0.276789
0.287773
0.011143
0.117881
0.343243
0.45511
0.860707
0.259067
0.197001
0.716073
0.350154
0.432827
0.631281
0.166504
0.347033
0.846161
0.267182
0.679814
0.351952
0.43512
0.306397
0.058131
0.146264
0.566984
0.971317
0.933024
0.312118
0.955018
0.691737
0.125442
0.124187
0.489179
0.808325
0.269234
0.712618
0.342943
0.380975
0.875957
0.376112
0.715136
0.582061
0.046518
0.624393
0.424126
0.699112
0.083082
0.252469
0.051061
0.413944
0.769464
0.312543
0.556041
0.774661
0.462324
0.038959
0.8719
0.764426
0.433226
0.61956
0.481975
0.202758
0.493338
0.183369
0.955874
0.257411
0.860636
0.416999
0.795018
0.771884
0.313267
0.693999
0.215928
0.18289
0.94922
0.800567
0.246864
0.441701
0.316722
0.874288