128 4
0
18
32
59
76
1
9
83
87
123
2
9
44
55
81
3
28
32
119
124
4
55
104
113
122
5
13
35
51
89
6
42
51
67
102
2
5
7
49
115
8
36
95
97
102
9
71
83
89
99
10
24
35
78
91
11
35
58
73
100
12
15
18
46
78
13
24
45
72
120
14
36
73
82
127
15
16
34
39
99
9
16
27
109
112
12
17
36
50
57
8
18
87
88
90
11
19
47
53
119
20
30
74
90
121
21
74
97
106
119
15
22
38
84
87
23
25
36
56
81
24
70
102
117
118
25
27
66
108
113
14
26
52
97
108
22
27
39
109
111
28
43
49
95
112
21
27
29
85
118
5
28
30
88
106
31
86
101
114
120
32
50
60
61
64
33
34
47
95
127
16
34
40
110
119
8
25
32
35
72
17
36
72
78
113
37
54
77
83
112
5
38
50
72
118
3
39
41
59
63
20
35
40
64
94
8
33
41
60
103
6
39
42
54
71
43
47
58
59
127
32
44
52
94
111
9
17
27
45
53
6
14
32
46
93
12
41
47
70
78
22
48
70
73
74
6
37
49
113
116
20
37
50
91
100
34
41
44
45
51
10
52
63
104
125
2
19
33
53
105
20
40
54
76
104
5
55
71
74
102
16
18
32
43
56
30
52
57
72
109
0
7
58
75
121
40
59
66
110
114
19
31
60
101
123
27
28
61
80
82
31
40
57
58
62
40
63
71
110
116
45
64
76
101
118
6
19
44
65
79
3
65
66
94
120
2
5
46
67
82
27
34
68
100
103
27
33
57
69
106
31
70
103
104
111
4
39
71
120
126
15
64
69
70
72
3
36
58
73
85
39
43
74
104
124
5
20
24
47
75
59
76
87
94
118
0
14
65
77
83
12
19
23
37
78
15
19
33
41
79
30
35
39
80
114
23
62
81
91
107
38
56
60
82
100
6
10
14
45
83
8
72
76
84
111
46
52
54
65
85
23
86
91
96
105
46
86
87
102
122
66
80
84
88
92
35
57
89
99
108
6
19
85
90
91
3
7
43
53
91
45
82
84
92
98
7
85
93
106
115
35
52
84
94
95
11
41
60
95
125
24
39
73
96
113
16
28
35
55
97
47
59
62
98
106
2
21
22
71
99
2
4
100
102
115
1
61
101
107
112
5
26
54
102
118
22
87
103
109
121
25
33
41
43
104
3
18
99
105
110
13
24
41
104
106
27
85
105
107
121
43
74
99
100
108
67
86
93
105
109
21
33
95
110
120
3
16
61
92
111
5
31
84
90
112
6
14
47
91
113
20
52
83
114
120
9
11
63
115
116
24
44
63
107
116
56
61
84
95
117
33
67
89
92
118
1
45
70
119
122
10
70
86
120
127
30
44
66
93
121
16
75
95
116
122
40
84
90
91
123
25
44
47
75
124
52
75
81
120
125
12
26
115
116
126
20
25
26
87
127
0.550474
0.351133
0.351514
0.062775
0.88206
0.734358
0.714663
0.245322
0.63866
0.891487
0.250192
0.126686
0.896674
0.386806
0.908292
0.206087
0.583397
0.216289
0.596944
0.807674
0.987163
0.864942
0.008406
0.676085
0.604239
0.516502
0.749768
0.978438
0.059058
0.495003
0.909547
0.604042
0.848319
0.742586
0.086038
0.896729
0.517026
0.33815
0.116329
0.826504
0.453
0.701326
0.674412
0.449984
0.203749
0.997498
0.309704
0.815169
0.917444
0.468014
0.575333
0.993812
0.253784
0.524557
0.019131
0.737948
0.194141
0.036653
0.513253
0.624571
0.98119
0.212941
0.672058
0.157158
0.486958
0.98063
0.908656
0.780353
0.510385
0.420578
0.663857
0.932376
0.949169
0.738221
0.113152
0.401428
0.153462
0.260347
0.107654
0.429445
0.703395
0.190365
0.969069
0.870611
0.103342
0.611352
0.143879
0.240896
0.727376
0.816994
0.998032
0.082344
0.290701
0.998414
0.309885
0.343522
0.488432
0.194692
0.826254
0.225234
0.768818
0.814433
0.467628
0.489684
0.742757
0.256989
0.833812
0.269964
0.732229
0.252974
0.007636
0.781947
0.720523
0.783049
0.652105
0.877027
0.850672
0.66928
0.993905
0.529094
0.752977
0.104397
0.581559
0.718231
0.309623
0.058646
0.586337
0.633431
0.121942
0.741481
0.325427
0.593797
0.176026
0.24675
0.145997
0.92975
0.697827
0.733963
0.296085
0.49447
0.339731
0.76506
0.790854
0.07746
0.255847
0.454428
0.823495
0.060658
0.053422
0.254068
0.698567
0.31863
0.590615
0.310919
0.449066
0.484582
0.010687
0.774236
0.528959
0.025731
0.131818
0.013498
0.333886
0.42992
0.441481
0.985041
0.350535
0.752945
0.562072
0.188989
0.540365
0.090402
0.402444
0.886215
0.066513
0.748143
0.884028
0.805666
0.332543
0.10194
0.791277
0.519813
0.727329
0.650761
0.082524
0.013519
0.289805
0.501817
0.790873
0.091515
0.025796
0.340558
0.328665
0.378041
0.363436
0.036641
0.886994
0.399788
0.993784
0.935603
0.000195
0.194677
0.372539
0.95319
0.834826
0.579099
0.248577
0.873793
0.045947
0.495614
0.915411
0.204658
0.963107
0.156297
0.921348
0.733017
0.957194
0.89271
0.646304
0.257752
0.27095
0.095465
0.716424
0.034401
0.73373
0.578328
0.398691
0.682343
0.718279
0.185509
0.830723
0.788238
0.790914
0.109682
0.370909
0.294448
0.182086
0.959261
0.851121
0.90148
0.938518
0.553346
0.353776
0.61085
0.876336
0.58496
0.069204
0.749326
0.49692
0.536052
0.762117
0.683372
0.498849
0.337522
0.67108
0.650219
0.687097
0.784311
0.52071
0.991019
0.125292
0.233986
0.282491
0.654537
0.42479
0.83971
0.714047
0.917745
0.493542
0.420612
0.543482
0.520589
0.650484
0.47309
0.001818
0.380086
0.575752
0.74182
0.8886
0.348913
0.119416
0.133248
0.43173
0.905204
0.614863
0.708621
0.21046
0.480154
0.276904
0.554342
0.740019
0.609668
0.309087
0.788625
0.39117
0.817014
0.367096
0.602198
0.109179
0.671589
0.137464
0.369382
0.807374
0.749992
0.430215
0.742872
0.318499
0.960952
0.137891
0.493853
0.386269
0.381479
0.18212
0.212991
0.195036
0.199159
0.28875
0.46235
0.238884
0.255251
0.122283
0.057279
0.321016
0.217621
0.417129
0.129198
0.697975
0.658424
0.977849
0.18264
0.872348
0.89404
0.61125
0.306699
0.279411
0.418863
0.380421
0.291339
0.241819
0.915896
0.74633
0.247968
0.406517
0.725042
0.525414
0.172969
0.964098
0.037398
0.891246
0.296747
0.925579
0.253728
0.56763
0.920974
0.491094
0.689788
0.291975
0.310232
0.895558
0.776439
0.493185
0.739266
0.215711
0.005788
0.320229
0.435003
0.48819
0.421714
0.210169
0.237932
0.865557
0.513461
0.28089
0.496168
0.121874
0.793879
0.085743
0.536193
0.775669
0.836559
0.675091
0.773321
0.461101
0.383956
0.055527
0.893678
0.89361
0.874852
0.285466
0.192978
0.720298
0.917179
0.300039
0.131956
0.14898
0.143966
0.745253
0.991266
0.397641
0.458597
0.328418
0.090077
0.622409
0.55261
0.934134
0.301302
0.284413
0.777935
0.162847
0.172487
0.192265
0.66457
0.058037
0.9505
0.167391
0.890175
0.654817
0.077401
0.436879
0.115464
0.599519
0.512334
0.110213
0.402209
0.032501
0.595039
0.394683
0.938839
0.325513
0.498747
0.879304
0.074568
0.655884
0.258548
0.523516
0.171269
0.704171
0.184698
0.715159
0.724719
0.612578
0.781308
0.758164
0.75943
0.159289
0.464793
0.857321
0.685601
0.058528
0.203002
0.265765
0.006161
0.938032
0.867238
0.173471
0.054902
0.469857
0.821497
0.536952
0.551382
0.816829
0.998995
0.623671
0.946661
0.679489
0.34969
0.107574
0.645407
0.929472
0.580908
0.264045
0.52405
0.084803
0.197643
0.66612
0.030796
0.705383
0.233614
0.645498
0.23154
0.711236
0.13225
0.985384
0.525077
0.94471
0.363359
0.221248
0.721393
0.948051
0.679951
0.563466
0.257276
0.084729
0.148764
0.404425
0.047741
0.144646
0.695308
0.782266
0.767337
0.206439
0.704431
0.101864
0.184545
0.520542
0.321678
0.40846
0.853731
0.180832
0.257089
0.291875
0.894458
0.047172
0.961985
0.177588
0.125879
0.202927
0.194526
0.319793
0.236622
0.317838
0.74277
0.90409
0.122545
0.710581
0.03601
0.27509
0.142713
0.268754
0.490601
0.408768
0.425688
0.940503
0.709018
0.689563
0.656588
0.100623
0.593948
0.083755
0.500228
0.127745
0.504873
0.30413
0.983547
0.702563
0.780367
0.035525
0.405052
0.789061
0.170575
0.101914
0.678247
0.254939
0.788028
0.116568
0.205792
0.472781
0.133424
0.34852
0.610426
0.538433
0.700345
0.959817
0.542838
0.997648
0.964932
0.338801
0.962096
0.176059
0.991029
0.935302
0.419667
0.185429
0.574496
0.610918
0.666579
0.874321
0.87823
0.997119
0.18403
0.195479
0.346654
0.333142
0.918382
0.894578
0.634058
0.999254
0.387284
0.792779
0.763227
0.677216
0.665409
0.055482
0.224585
0.484191
0.769725
0.717089
0.876662
0.663553
0.212112
0.812846
0.023121
0.631533
0.941724
0.842546
0.850805
0.661847
0.114023
0.918987
0.220571
0.885032
0.464086
0.615662
0.676162
0.963585
0.488607
0.053556
0.275223
0.734953
0.304065
0.717671
0.572679
0.495058
0.145812
0.279147
0.509469
0.514195
0.648567
0.206434
0.893832
0.2592
0.652834
0.136392
0.720929
0.366861
0.6231
0.558991
0.161567
0.20967
0.424166
0.266822
0.165472
0.210198
0.622177
0.033339
0.403949
0.675691
0.550671
0.483817
0.237969
0.942473
0.273032
0.680748
0.67143
0.061583
0.529068
0.046804
0.384644
0.318115
0.686451
0.600616
0.80753
0.263262
0.761711
0.605236
0.794749
0.431016
0.915238
0.419863
0.579487
0.923726
0.95821
0.517207
0.157551
0.030975
0.250584
0.233116
0.775538
0.969657
0.271891
0.617253
0.682736
0.750363
0.862651
0.734402
0.103643
0.78465
0.25945
0.038184
0.737096
0.841674
0.731716
0.038951
0.470531
0.436967
0.714717
0.72593
0.897384
0.006651
0.836667
0.735467
0.333937
0.194708
0.450752
0.245542
0.267631
0.53576
0.697719
0.972661
0.900557
0.38611
0.998344
0.188742
0.717003
0.967725
0.995837
0.210873
0.606485
0.749027
0.608683
0.711046
0.922791
0.71275
0.910079
0.714715
0.983381
0.62497
0.332191
0.700998
0.620475
0.103929
0.964696
0.696628
0.535067
0.694695
0.835032
0.708844
0.838863
0.838048
0.193391
0.984088
0.081441
0.715317
0.112482
0.112252
0.530534
0.338664
0.107507
0.223649
0.253284
0.185772
0.879935
0.695647
0.666328
0.348119
0.616409
0.591626
0.448291
0.386178
0.704874
0.727096
0.97056
0.337881
0.091294
0.713709
0.794571
0.129887
0.391449
0.262934
0.441547
0.240763
0.376339
0.482404
0.970323
0.665129
0.713545
0.296411
0.197615
0.286507
0.205154
0.7755
0.90057
0.497484
0.44259
0.595078
0.063972
0.361091
0.719915
0.245805
0.914241
0.936951
0.655563
0.351693
0.09669
0.007019
0.983474
0.537155
0.859945
0.059533
0.54797
0.474812
0.723315
0.865341
0.855957
0.665119
0.848559
0.70826
0.390318
0.295852
0.526413
0.225528
0.670882
0.957461
0.552946
0.401985
0.992451
0.367801
0.734155
0.440455
0.393926
0.213224
0.772948
0.147231
0.914751
0.013986
0.895046
0.986073
0.377423
0.658478
0.608937
0.128751
0.284277
0.438068
0.159601
0.82703
0.951316
0.379811
0.775584
0.09174
0.571578
0.762192
0.14047
0.274619
0.27054
0.870304
0.124335
0.37205
0.48826
0.786184
0.284787
0.432922
0.06084
0.826037
0.749856
0.008502
0.758191
0.490914
0.288317
0.542753
0.531463
0.644677
0.694201
0.408174
0.218626
0.246847
0.435919
0.006886
0.40461
0.254579
0.456673
0.870428
0.872316
0.885921
0.113228
0.622682
0.035683
0.626263
0.430895
0.349839
0.272012
0.373777
0.527597
0.978004
0.563319
0.678149
0.849557
0.687185
0.994037
0.058882
0.827503
0.255907
0.391504
0.731188
0.842355
0.627907
0.456905
0.739203
0.785093
0.490953
0.706077
0.221911
0.608079
0.944419
0.379313
0.751317
0.713639
0.115661
0.900294
0.730878
0.782652
0.895804
0.448556
0.22365
0.256635
0.046738
0.182735
0.676228
0.935795
0.156516
0.719038
0.372525
0.597987
0.538837
0.371118
0.983086
0.460819
0.194692
0.977855
0.194352
0.120789
0.475193
0.013462
0.847699
0.194059
0.453368
0.509867
0.432639
0.396076
0.075945
0.346343
0.788718
0.019564
0.222375
0.771327
0.090282
0.180214
0.34378
0.514585
0.309759
0.563969
0.644019
0.808934
0.767413
0.277849
0.596686
0.535381
0.085516
0.531623
0.883049
0.183407
0.751044
0.160924
0.424969
0.531647
0.181548
0.84118
0.513103
0.458827
0.507348
0.493018
0.591714
0.339778
0.124569
0.425748
0.367815
0.72824
0.742586
0.100958
0.028118
0.88416
0.480763
0.094746
0.608132
0.154028
0.351742
0.552496
0.329449
0.09354
0.688472
0.39069
0.887721
0.805424
0.590058
0.355786
0.036289
0.931943
0.366226
0.325569
0.578424
0.452203
0.477112
0.013569
0.637282
0.829302
0.880705
0.548398
0.391015
0.260828
0.246606
0.14968
0.802726
0.074443
0.564913
0.794119
0.474934
0.417184
0.986768
0.235017
0.2387
0.026484
0.30029
0.053743
0.603016
0.479528
0.528648
0.109749
0.145835
0.982272
0.097763
0.788178
0.036051
0.97248
0.856066
0.825831
0.246718
0.751642
0.465115
0.7156
0.359114
0.390863
0.68221
0.198065
0.721444
0.051459
0.80447
0.84761
0.576198
0.483938
0.021313
0.280308
0.896656
0.091209
0.356686
0.044861
0.606095
0.173469
0.439257
0.923061
0.26924
0.140032
0.601312
0.502965
0.136667
0.382579
0.954197
0.262482
0.979233
0.550744
0.252113
0.618046
0.893863
0.647825
0.456537
0.34334
0.785074
0.041357
0.048341
0.221779
0.658154
0.471648
0.144554
0.954634
0.937901
0.83815
0.223038
0.205286
0.777046
0.381611
0.514129
0.532191
0.198422
0.106587
0.975964
0.226429
0.745761
0.253616
0.370299
0.292184
0.452254
0.396453
0.285808
0.427562
0.101488
0.130605
0.871851
0.443101
0.378529
0.761248
0.364406
0.533216
0.252157
0.265939
0.143024
0.683297
0.806923
0.228322
0.242082
0.276747
0.75194
0.216884
0.727076
0.43723
0.297888
0.24035
0.891494
0.541684
0.209917
0.879155
0.061724
0.424036
0.413326
0.440608
0.639423
0.180652
0.012791
0.573349
0.257273
0.202199
0.727338
0.745014
0.361744
0.825898
0.7329
0.644732
0.592205
0.149227
0.838057
0.45058
0.987214
0.497536
0.10036
0.609605
0.608336
0.50266
0.239967
0.275175
0.206285
0.662997
0.676535
0.057811
0.539947
0.676233
0.154022
0.362084
0.080776
0.375329
0.50997
0.228871
0.798757
0.414677
0.577823
0.763137
0.915971
0.369346
0.735702
0.37576
0.753564
0.219812
0.722266
0.351338
0.376377
0.468615
0.249596
0.254533
0.364844
0.455458
0.54816
0.592546
0.65073
0.979162
0.889083
0.292164
0.305065
0.622812
0.27748
0.322636
0.558465
0.957764
0.449304
0.710234
0.108992
0.467424
0.12902
0.281868
0.670704
0.524405
0.495105
0.489896
0.672232
0.399585
0.80813
0.824178
0.732771
0.776972
0.016166
0.946727
0.949601
0.803953
0.509005
0.370815
0.47127
0.827689
0.224671
0.301328
0.611829
0.00397
0.48746
0.589243
0.504839
0.759251
0.573874
0.835079
0.578125
0.183064
0.981178
0.687129
0.752547
0.699665
0.295093
0.410274
0.587765
0.441332
0.815916
0.646909
0.763965
0.319294
0.210893
0.908682
0.001869
0.10134
0.340035
0.686968
0.872195
0.113347
0.987963
0.218451
0.25752
0.162899
0.319417
0.67107
0.400781
0.996894
0.481124
0.862345
0.904474
0.309059
0.749764
0.156815
0.237579
0.486029
0.058203
0.048342
0.460853
0.751785
0.900758
0.602867
0.066344
0.196025
0.702944
0.6971
0.468864
0.430898
0.132061
0.677371
0.195718
0.705255
0.329977
0.781761
0.912048
0.920855
0.064017
0.49967
0.689826
0.646124
0.298904
0.133931
0.036322
0.661813
0.846784
0.464898
0.420404
0.176334
0.494587
0.106118
0.197437
0.44307
0.339906
0.073069
0.402959
0.205072
0.435717
0.12758
0.368863
0.603471
0.383321
0.907822
0.692209
0.770499
0.105808
0.906489
0.896889
0.442652
0.338417
0.266783
0.308131
0.294066
0.321803
0.421278
0.517221
0.857836
0.311247
0.776784
0.75771
0.72327
0.961185
0.099032
0.59503
0.67048
0.596984
0.572932
0.137547
0.391483
0.01911
0.408917
0.129103
0.47456
0.464817
0.95707
0.842352
0.050014
0.064884
0.893697
0.670918
0.981952
0.39944
0.989506
0.441347
0.377522
0.09646
0.568059
0.69387
0.150536
0.597184
0.043924
0.459084
0.343558
0.448311
0.348407
0.411909
0.794821
0.33939
0.968461
0.077937
0.223346
0.192436
0.370614
0.676375
0.441119
0.110002
0.343311
0.296486
0.953631
0.664321
0.938467
0.760023
0.131992
0.629865
0.283904
0.973586
0.001439
0.744152
0.848544
0.38485
0.013149
0.108057
0.042619
0.840823
0.592211
0.31995
0.658062
0.708235
0.96261
0.601399
0.496532
0.029814
0.460461
0.689928
0.798855
0.57155
0.471832
0.107159
0.243472
0.235711
0.210428
0.828171
0.633269
0.509128
0.807763
0.237771
0.456705
0.570493
0.682467
0.837848
0.004741
0.245898
0.434339
0.675019
0.09701
0.434563
0.062019
0.090498
0.366018
0.322244
0.912644
0.115012
0.166994
0.359743
0.604402
0.104395
0.3476
0.432371
0.042592
0.827685
0.890276
0.07258
0.72038
0.655319
0.840311
0.369784
0.435842
0.898462
0.893263
0.702382
0.958144
0.693279
0.705177
0.40152
0.10727
0.075677
0.32798
0.484686
0.258118
0.150691
0.047253
0.874764
0.286853
0.038706
0.141486
0.654694
0.072169
0.101933
0.170942
0.438444
0.990025
0.356405
0.789186
0.263449
0.929485
0.920166
0.034988
0.940735
0.891035
0.834178
0.122145
0.3589
0.658919
0.920739
0.920824
0.183229
0.577137
0.683458
0.812616
0.578434
0.26631
0.885687
0.027283
0.493357
0.100641
0.414125
0.828341
0.393798
0.218227
0.453313
0.837699
0.552149
0.496407
0.631158
0.98481
0.25521
0.769525
0.37553
0.085243
0.425281
0.38863
0.738676
0.237482
0.031623
0.699965
0.820804
0.411992
0.393773
0.727037
0.197568
0.061304
0.226683
0.34246
0.986452
0.031522
0.959963
0.56808
0.284994
0.161187
0.341926
0.515503
0.150548
0.118359
0.674439
0.811605
0.207885
0.393719
0.469401
0.862044
0.547714
0.601649
0.232948
0.458159
0.874662
0.377484
0.356337
0.440687
0.978079
0.48321
0.679762
0.5066
0.030468
0.331171
0.071703
0.459004
0.521452
0.319023
0.560028
0.484937
0.754126
0.017266
0.481643
0.658914
0.516332
0.693131
0.576804
0.645641
0.636635
0.340515
0.330281
0.117996
0.675214
0.894674
0.301513
0.036366
0.851539
0.710821
0.212342
0.211264
0.798056
0.100295
0.700031
0.822042
0.770165
0.715192
0.210628
0.282411
0.939807
0.319575
0.958523
0.660045
0.663821
0.323746
0.327915
0.070335
0.78229
0.3461
0.246311
0.850021
0.977928
0.750601
0.905901
0.961775
0.641533
0.109876
0.238053
0.487643
0.823517
0.946467
0.270487
0.482725
0.158874
0.372019
0.588162
0.999573
0.801468
0.867535
0.033915
0.450462
0.980794
0.087827
0.436163
0.509161
0.927656
0.096382
0.247345
0.406372
0.518564
0.140916
0.904745
0.221793
0.943823
0.214751
0.29647
0.15854
0.022707
0.815804
0.366948
0.462312
0.341694
0.754292
0.518941
0.670851
0.465165
0.177243
0.745527
0.310491
0.722901
0.272128
0.102535
0.249086
0.566666
0.481877
0.980208
0.397328
0.441547
0.334686
0.845072
0.07325
0.604739
0.404218
0.771868
0.840271
0.60833
0.673405
0.950489
0.934377
0.752708
0.471351
0.895379
0.778638
0.918696
0.21621
0.149417
0.992104
0.870244
0.078517
0.717225
0.662282
0.262551
0.448829
0.857304
0.916975
0.518797
0.127341
0.21074
0.38544
0.467354
0.899129
0.395411
0.547834
0.291391
0.882558
0.51254
0.905312
0.855502
0.268869
0.35254
0.334942
0.152573
0.049677
0.69426
0.958962
0.381529
0.048146
0.186403
0.830626
0.605774
0.468063
0.249557
0.290226
0.820976
0.63633
0.588975
0.785353
0.761439
0.074213
0.559958
0.149482
0.653855
0.272909
0.075347
0.775322
0.203428
0.127652
0.42655
0.38076
0.752337
0.778447
0.637902
0.03102
0.265672
0.336993
0.438679
0.143587
0.437697
0.09729
0.688414
0.942532
0.587942
0.102704
0.977322
0.240003
0.983926
0.881119
0.228277
0.422352
0.119643
0.216297
0.072057
0.28248
0.210895
0.365351
0.672897
0.43761
0.428841
0.562483
0.412918
0.615964
0.713534
0.453921
0.988355
0.744095
0.557688
0.751238
0.537026
0.382377
0.833647
0.704747
0.209343
0.346782
0.451702
0.036881
0.181709
0.436957
0.355359
0.735608
0.575746
0.777801
0.783146
0.293575
0.972817
0.384785
0.788967
0.182953
0.166408
0.068002
0.357935
0.82123
0.566576
0.368957
0.474308
0.353703
0.570853
0.633395
0.407882
0.654839
0.340193
0.482486
0.366114
0.62655
0.670688
0.056795
0.774831
0.837329
0.416334
0.022347
0.377909
0.671711
0.594723
0.244817
0.36151
0.154534
0.9806
0.999722
0.850846
0.641704
0.928245
0.057357
0.228622
0.542499
0.212867
0.307508
0.466431
0.07862
0.540804
0.928256
0.770792
0.429778
0.590558
0.957297
0.954921
0.796057
0.075891
0.337822
0.501259
0.745045
0.234637
0.296947
0.932561
0.186346
0.79804
0.334678
0.321038
0.533847
0.142071
0.440299
0.509034
0.10704
0.797511
0.751524
0.622618
0.846984
0.742568
0.666208
0.068973
0.435565
0.696451
0.454858
0.977794
0.529215
0.101289
0.209796
0.384344
0.972003
0.461891
0.483317
0.086147
0.901738
0.960497
0.716219
0.939724
0.769555
0.130105
0.464823
0.211798
0.233671
0.068001
0.18481
0.094876
0.85101
0.926631
0.433832
0.17864
0.690347
0.796697
0.625283
0.875631
0.459157
0.986663
0.583644
0.427426
0.109657
0.14025
0.25148
0.318726
0.606074
0.242631
0.844672
0.077764
0.06172
0.312224
0.090337
0.917386
0.556036
0.332613
0.942272
0.316139
0.669461
0.12933
0.814159
0.505537
0.684553
0.287117
0.969504
0.31974
0.445163
0.715747
0.682058
0.984122
0.009289
0.39429
0.658176
0.683664
0.856742
0.081283
0.707695
0.397988
0.57589
0.484219
0.608518
0.57265
0.695992
0.782965
0.554434
0.085479
0.802207
0.159681
0.554592
0.13067
0.853183
0.773551
0.619969
0.991821
0.97939
0.574462
0.8572
0.128985
0.689968
0.716735
0.009704
0.603381
0.485324
0.177162
0.49315
0.457594
0.783149
0.704641
0.046332
0.052164
0.293554
0.023697
0.294307
0.113706
0.752122
0.7718
0.897221
0.30696
0.717861
0.646569
0.199024
0.913952
0.450005
0.433758
0.774169
0.540876
0.733672
0.286752
0.157228
0.928891
0.913489
0.256108
0.910765
0.520622
0.657364
0.965123
0.690861
0.310089
0.708038
0.781995
0.990763
0.786109
0.403009
0.752789
0.560118
0.539062
0.175539
0.342494
0.189523
0.362092
0.146778
0.225257
0.227196
0.272323
0.695837
0.530879
0.4279
0.28861
0.37444
0.11368
0.268035
0.362296
0.946719
0.263712
0.169997
0.276633
0.137411
0.548631
0.980662
0.1525
0.838238
0.555703
0.337204
0.585819
0.308674
0.674185
0.303305
0.762874
0.376076
0.894178
0.128704
0.42321
0.768056
0.293338
0.093625
0.734064
0.125603
0.970438
0.480821
0.822083
0.835371
0.293337
0.387237
0.528844
0.301195
0.745966
0.586655
0.414108
0.976947
0.77022
0.84189
0.095588
0.208713
0.487199
0.541708
0.171767
0.040019
0.59769
0.39453
0.995163
0.056281
0.313461
0.954487
0.388663
0.208028
0.38973
0.522866
0.661399
0.119674
0.634275
0.271777
0.040866
0.679979
0.374506
0.963874
0.939016
0.50059
0.186867
0.179355
0.158047
0.185739
0.76646
0.329428
0.884745
0.206159
0.857573
0.059916
0.611804
0.559828
0.630805
0.456785
0.804234
0.567387
0.39884
0.178024
0.022758
0.66825
0.977485
0.570033
0.601509
0.484415
0.195858
0.226086
0.648119
0.909056
0.461133
0.429511
0.33966
0.600298
0.690872
0.087162
0.253816
0.832712
0.902115
0.319299
0.373829
0.212726
0.519209
0.020088
0.307464
0.757594
0.180381
0.186768
0.969299
0.217974
0.312083
0.24667
0.016678
0.39431
0.606259
0.348833
0.753959
0.524226
0.783508
0.800369
0.208112
0.997109
0.097679
0.543272
0.855219
0.57195
0.849615
0.115998
0.430276
0.340872
0.607888
0.235662
0.167341
0.419791
0.445815
0.861515
0.997152
0.461924
0.677197
0.052816
0.275461
0.219814
0.590241
0.560822
0.986956
0.188254
0.807848
0.946506
0.876549
0.309431
0.058646
0.461711
0.033592
0.945814
0.288189
0.167472
0.369271
0.326606
0.87338
0.314949
0.374965
0.695235
0.403445
0.670773
0.45809
0.184347
0.783712
0.626154
0.677647
0.312038
0.284852
0.119425
0.166336
0.999108
0.040058
0.610466
0.640251
0.572172
0.375907
0.700489
0.568824
0.892218
0.591634
0.919244
0.417238
0.445421
0.648353
0.225935
0.554479
0.493039
0.843798
0.57611
0.807629
0.413531
0.695216
0.478624
0.249669
0.19681
0.044342
0.733244
0.082037
0.241611
0.594452
0.449865
0.014251
0.6811
0.935754
0.855185
0.649916
0.6666
0.972237
0.24221
0.618736
0.951287
0.755371
0.786724
0.511715
0.347541
0.898573
0.988062
0.665372
0.739088
0.523931
0.408091
0.567155
0.426674
0.36813
0.284473
0.528056
0.220809
0.713748
0.454092
0.506208
0.495021
0.829189
0.369728
0.305611
0.625297
0.722974
0.673022
0.818167
0.621534
0.798721
0.972015
0.353082
0.075869
0.425763
0.629254
0.973901
0.738869
0.675534
0.69972
0.924803
0.385671
0.643693
0.246097
0.461476
0.354387
0.17831
0.865434
0.999214
0.783872
0.770921
0.492857
0.624023
0.312691
0.968212
0.668325
0.285756
0.428407
0.641024
0.798528
0.525143
0.210621
0.119888
0.954018
0.979586
0.022872
0.563236
0.319632
0.879505
0.47784
0.822955
0.968286
0.408668
0.925959
0.632187
0.347989
0.35264
0.887835
0.190981
0.527845
0.996494
0.964846
0.247461
0.035123
0.437867
0.462603
0.202863
0.511389
0.984075
0.86104
0.540138
0.499736
0.331643
0.793009
0.519137
0.059554
0.153007
0.116364
0.583352
0.100828
0.830866
0.30388
0.521448
0.66339
0.186672
0.454462
0.641298
0.859078
0.262264
0.401795
0.656801
0.652218
0.925151
0.290762
0.532042
0.338682
0.113361
0.063542
0.374895
0.474667
0.637262
0.935425
0.190729
0.71136
0.803158
0.256094
0.723829
0.083105
0.799851
0.760144
0.493482
0.291651
0.302452
0.574578
0.336113
0.539897
0.210823
0.696474
0.09121
0.912473
0.375324
0.350839
0.100716
0.981622
0.261494
0.411041
0.730806
0.917554
0.154812
0.351792
0.74593
0.494577
0.998962
0.028293
0.664135
0.086255
0.542475
0.819862
0.301822
0.70195
0.616212
0.084254
0.755241
0.530803
0.000416
0.485764
0.01938
0.268365
0.245937
0.446819
0.525833
0.795511
0.46835
0.248511
0.297144
0.834516
0.0461
0.35063
0.788739
0.240182
0.463322
0.662494
0.555056
0.600006
0.756688
0.599349
0.051058
0.054338
0.90513
0.677337
0.279892
0.371652
0.06082
0.482072
0.946449
0.774671
0.838655
0.286056
0.422748
0.264257
0.687457
0.223002
0.342344
0.715129
0.879298
0.109469
0.953144
0.693313
0.777259
0.751061
0.836077
0.272771
0.434791
0.745141
0.563559
0.744192
0.305492
0.799137
0.615593
0.427807
0.404391
0.235595
0.007337
0.313527
0.514763
0.232007
0.460105
0.443974
0.389189
0.478502
0.838643
0.485022
0.772393
0.554318
0.979842
0.245265
0.048861
0.005942
0.601335
0.58242
0.830237
0.975667
0.133224
0.258844
0.948126
0.435183
0.2649
0.719416
0.216901
0.398721
0.502097
0.312283
0.325826
0.221265
0.145102
0.291825
0.562624
0.599529
0.905598
0.727435
0.494368
0.0009
0.466009
0.533454
0.134886
0.253425
0.313346
0.205983
0.849797
0.993762
0.730353
0.894916
0.814224
0.309169
0.796771
0.528695
0.800829
0.189625
0.894224
0.053864
0.08035
0.762084
0.042528
0.994021
0.913994
0.397021
0.688747
0.545974
0.710085
0.207503
0.210777
0.553725
0.118397
0.082037
0.101077
0.475427
0.035597
0.260318
0.196433
0.021391
0.593596
0.806273
0.997307
0.558181
0.813866
0.068225
0.710673
0.635357
0.355529
0.364084
0.029282
0.266526
0.058341
0.433297
0.845411
0.47607
0.898241
0.666421
0.492159
0.474844
0.887579
0.052588
0.302313
0.873657
0.433338
0.915889
0.706451
0.525785
0.907132
0.793981
0.993595
0.90407
0.895276
0.991935
0.700534
0.648299
0.917156
0.266594
0.74917
0.620291
0.249471
0.336654
0.012162
0.133972
0.15019
0.254706
0.340758
0.731801
0.688836
0.426202
0.342496
0.468706
0.577776
0.072824
0.944457
0.179254
0.832951
0.494507
0.726291
0.454874
0.597177
0.010939
0.88465
0.404194
0.933271
0.823446
0.136664
0.203824
0.296009
0.819924
0.332376
0.736396
0.410264
0.529513
0.277415
0.553456
0.081216
0.150587
0.825051
0.212462
0.819513
0.364668
0.742129
0.369121
0.334309
0.786853
0.868
0.914685
0.930465
0.942295
0.451861
0.229689
0.579532
0.582891
0.11566
0.99342
0.579006
0.972112
0.503648
0.205169
0.699967
0.291394
0.023702
0.583952
0.255342
0.158748
0.489692
0.727272
0.523822
0.935319
0.607427
0.699632
0.651004
0.668333
0.350866
0.619047
0.279559
0.458669
0.946546
0.927091
0.203476
0.014584
0.303793
0.665758
0.940363
0.05917
0.297893
0.459338
0.109825
0.188211
0.472786
0.987087
0.506074
0.386107
0.161489
0.814875
0.508453
0.29239
0.075778
0.989822
0.262126
0.120712
0.989761
0.557136
0.068185
0.350871
0.81926
0.967424
0.055163
0.660728
0.837589
0.623659
0.559811
0.861271
0.058115
0.134719
0.724021
0.971724
0.93204
0.206546
0.595971
0.389509
0.327405
0.158671
0.127068
0.347288
0.423017
0.511371
0.005889
0.996264
0.721718
0.514704
0.412144
0.923663
0.301172
0.795041
0.942124
0.11309
0.413873
0.559583
0.898
0.772547
0.032547
0.510901
0.427707
0.579772
0.525651
0.739957
0.225814
0.208776
0.807283
0.897008
0.08103
0.361778
0.812817
0.064411
0.872475
0.69019
0.922684
0.855793
0.432049
0.362834
0.941065
0.747705
0.591417
0.085426
0.462223
0.366708
0.210868
0.665403
0.634416
0.642177
0.56347
0.127215
0.220726
0.833223
0.583408
0.403857
0.966486
0.943368
0.915569
0.437924
0.133674
0.034113
0.063342
0.619047
0.620669
0.653197
0.438331
0.846328
0.114878
0.873297
0.759368
0.26231
0.238236
0.595732
0.094491
0.054272
0.053941
0.747981
0.55429
0.670956
0.283724
0.973896
0.376792
0.04643
0.58442
0.54131
0.790573
0.960689
0.649413
0.695266
0.337303
0.760116
0.908211
0.607556
0.022513
0.929156
0.625693
0.456545
0.253891
0.163724
0.838596
0.213319
0.639247
0.317258
0.990123
0.582558
0.509431
0.04702
0.617103
0.01793
0.560939
0.369941
0.94432
0.435809
0.194123
0.042935
0.919804
0.601173
0.399043
0.612754
0.175937
0.797776
0.483015
0.663143
0.547575
0.352448
0.43016
0.466062
0.080112
0.161792
0.125891
0.610989
0.084811
0.081615
0.63075
0.07383
0.764748
0.086277
0.533868
0.077846
0.202989
0.958132
0.744645
0.54636
0.500432
0.805245
0.478168
0.587116
0.965129
0.52089
0.310048
0.438193
0.497921
0.013857
0.195931
0.676418
0.467188
0.161425
0.221568
0.487501
0.260082
0.861079
0.778739
0.091945
0.800754
0.789195
0.7546
0.076225
0.755579
0.534974
0.734698
0.44696
0.295783
0.522709
0.380316
0.335282
0.711859
0.858861
0.393002
0.628824
0.851758
0.924557
0.157463
0.526809
0.144602
0.32463
0.548099
0.255522
0.949328
0.193739
0.58344
0.505248
0.759948
0.255606
0.578249
0.2673
0.262951
0.157853
0.356298
0.813962
0.175276
0.764584
0.53332
0.490878
0.079245
0.197413
0.859418
0.150959
0.830362
0.146668
0.883369
0.49182
0.896778
0.584021
0.803351
0.993382
0.661386
0.493407
0.52092
0.63926
0.673349
0.122523
0.79323
0.532052
0.792579
0.357569
0.966207
0.690761
0.238718
0.163308
0.076369
0.20846
0.315849
0.036273
0.106856
0.697286
0.787888
0.176914
0.311261
0.153139
0.964778
0.833944
0.616342
0.583332
0.316316
0.106074
0.993746
0.634654
0.545817
0.419169
0.955764
0.419561
0.602954
0.624209
0.500471
0.33494
0.858657
0.795872
0.522642
0.585208
0.549944
0.487558
0.609884
0.642288
0.745744
0.184803
0.879486
0.777303
0.809733
0.011874
0.085525
0.191602
0.807389
0.024515
0.951684
0.230287
0.1505
0.596761
0.642824
0.45605
0.312834
0.255473
0.108566
0.130138
0.796057
0.187033
0.330358
0.2234
0.689551
0.73211
0.988049
0.451263
0.129806
0.586342
0.477671
0.858602
0.422698
0.301402
0.861544
0.50636
0.613138
0.433167
0.712181
0.836736
0.262088
0.444151
0.271072
0.775502
0.605003
0.167816
0.004292
0.458014
0.074109
0.876137
0.226544
0.442538
0.173357
0.860438
0.101258
0.770952
0.947488
0.979479
0.637299
0.679992
0.206721
0.118744
0.026384
0.251617
0.505779
0.282253
0.601445
0.066968
0.123323
0.724173
0.535963
0.171183
0.349234
0.38337
0.521212
0.767518
0.972239
0.843276
0.737941
0.48183
0.590798
0.607736
0.062423
0.31338
0.490126
0.114199
0.400904
0.003746
0.947834
0.735785
0.35619
0.716618
0.965754
0.062972
0.153684
0.242045
0.804582
0.116595
0.664151
0.278039
0.837488
0.63187
0.02951
0.166959
0.822544
0.418148
0.238139
0.770899
0.476607
0.71069
0.275639
0.684218
0.195373
0.098026
0.958066
0.72539
0.537135
0.767863
0.835491
0.547087
0.134849
0.439593
0.77503
0.723535
0.481329
0.236644
0.180853
0.50305
0.201191
0.080767
0.472017
0.225596
0.147294
0.461644
0.028491
0.907602
0.562987
0.254221
0.922775
0.127169
0.871398
0.88103
0.383437
0.881201
0.702164
0.610298
0.236263
0.245108
0.317861
0.412026
0.889623
0.019853
0.024697
0.826432
0.78106
0.164624
0.736385
0.789628
0.774139
0.610762
0.159825
0.095717
0.977124
0.377962
0.941106
0.727642
0.886815
0.777127
0.090311
0.364942
0.703625
0.246103
0.460585
0.340363
0.62949
0.655824
0.127503
0.626332
0.915183
0.012889
0.82325
0.381504
0.854566
0.413033
0.084713
0.127873
0.068319
0.306612
0.271745
0.792107
0.919924
0.994965
0.220172
0.084119
0.756675
0.048636
0.904684
0.26172
0.536033
0.139477
0.054364
0.824186
0.612919
0.5127
0.070528
0.420483
0.47384
0.750926
0.876943
0.953902
0.573365
0.845541
0.976939
0.451554
0.374468
0.558329
0.870948
0.632955
0.580075
0.596521
0.392109
0.738324
0.587521
0.262436
0.770058
0.426519
0.301636
0.812364
0.807984
0.14485
0.090454
0.969676
0.946215
0.367224
0.573386
0.577499
0.438065
0.781842
0.469016
0.904439
0.48181
0.129514
0.871266
0.346711
0.086707
0.318562
0.879936
0.33866
0.507883
0.481503
0.212943
0.110373
0.911426
0.022491
0.700502
0.500054
0.428128
0.832949
0.63954
0.216205
0.020529
0.023643
0.586952
0.918671
0.23138
0.214703
0.426783
0.646896
0.014291
0.227245
0.619911
0.299994
0.095025
0.679746
0.481686
0.068649
0.782314
0.539403
0.26428
0.286585
0.942231
0.154077
0.221232
0.899014
0.652254
0.019475
0.336285
0.159842
0.365483
0.382969
0.256507
0.407871
0.338482
0.497456
0.37111
0.521227
0.847986
0.121665
0.560951
0.899381
0.052501
0.667739
0.243576
0.848491
0.541031
0.8828
0.178885
0.535158
0.117718
0.01018
0.877505
0.537869
0.899538
0.44049
0.485814
0.686157
0.328437
0.283059
0.667194
0.638945
0.455116
0.713559
0.874941
0.026921
0.232021
0.892853
0.013033
0.158396
0.280756
0.36853
0.106674
0.622929
0.884669
0.576411
0.100692
0.700169
0.772882
0.612996
0.6574
0.805879
0.204688
0.981413
0.791494
0.435067
0.470998
0.275892
0.204335
0.534562
0.731275
0.014649
0.594492
0.43202
0.911696
0.808904
0.16075
0.361386
0.857541
0.761407
0.845489
0.479095
0.96615
0.587344
0.047284
0.422276
0.219868
0.069033
0.172922
0.609049
0.974595
0.840817
0.703141
0.083592
0.557488
0.71724
0.269232
0.515859
0.085463
0.61947
0.438911
0.119864
0.623216
0.497825
0.385127
0.521342
0.371948
0.898318
0.719378
0.6445
0.153861
0.428779
0.166476
0.16496
0.713331
0.014231
0.933442
0.370024
0.847896
0.954886
0.853654
0.555324
0.335364
0.57483
0.912568
0.067662
0.207348
0.38937
0.413702
0.950043
0.833933
0.782913
0.230523
0.725826
0.992194
0.835239
0.023809
0.946332
0.767193
0.37244
0.221691
0.8261
0.909082
0.733581
0.868544
0.040715
0.267836
0.316335
0.943646
0.267542
0.091738
0.340777
0.327359
0.673992
0.616246
0.437216
0.856956
0.248634
0.554029
0.739742
0.466229
0.686931
0.284924
0.502237
0.894308
0.151573
0.613583
0.496114
0.376755
0.140903
0.313046
0.596161
0.128102
0.481027
0.05543
0.358712
0.249572
0.690682
0.195807
0.545692
0.809235
0.768836
0.337418
0.792554
0.934595
0.097267
0.840754
0.160407
0.114097
0.349069
0.261292
0.065881
0.61885
0.149144
0.976779
0.280198
0.828379
0.566826
0.922512
0.139543
0.872647
0.02717
0.31705
0.538449
0.602599
0.084551
0.27916
0.025587
0.827362
0.618631
0.493759
0.989346
0.879248
0.433448
0.096372
0.872838
0.811051
0.45761
0.529618
0.570849
0.850723
0.849826
0.12292
0.895179
0.009712
0.632087
0.814456
0.968642
0.808987
0.672797
0.145894
0.715692
0.330828
0.999826
0.46385
0.387386
0.773611
0.824704
0.281438
0.719756
0.026103
0.31845
0.181011
0.456898
0.458236
0.632019
0.785284
0.201337
0.938378
0.983284
0.129556
0.2562
0.318816
0.652282
0.824604
0.726015
0.170588
0.524018
0.898384
0.329459
0.640445
0.337432
0.50227
0.189759
0.073516
0.683361
0.882916
0.83776
0.989946
0.704499
0.999197
0.721499
0.069956
0.870742
0.30384
0.031287
0.085348
0.856669
0.738984
0.84163
0.87647
0.896048
0.058505
0.779205
0.683859
0.912161
0.655391
0.894023
0.073398
0.493562
0.880209
0.100792
0.67566
0.490343
0.797663
0.495935
0.993684
0.622145
0.016066
0.821484
0.648307
0.540338
0.700812
0.485535
0.076034
0.377441
0.300571
0.993822
0.710497
0.448915
0.508989
0.388358
0.380643
0.725612
0.64361
0.406982
0.154332
0.158652
0.56461
0.125199
0.810191
0.232945
0.245818
0.177582
0.175105
0.852513
0.039486
0.054946
0.28412
0.589163
0.948211
0.712546
0.429074
0.587898
0.532259
0.775326
0.235064
0.279999
0.225718
0.779478
0.648085
0.767021
0.14344
0.835575
0.411691
0.935489
0.722628
0.666794
0.86922
0.309236
0.179516
0.446424
0.590054
0.025311
0.968369
0.596979
0.924081
0.769534
0.982085
0.78752
0.54722
0.810682
0.874726
0.002285
0.114294
0.803153
0.954522
0.92152
0.09332
0.369253
0.219054
0.682221
0.257361
0.498403
0.797104
0.815147
0.712862
0.544192
0.494188
0.56134
0.439761
0.976078
0.709026
0.710158
0.941759
0.0046
0.296484
0.841234
0.348474
0.162069
0.764706
0.107611
0.795491
0.517302
0.547726
0.048219
0.125239
0.925785
0.77513
0.802143
0.300347
0.057183
0.727285
0.227539
0.866602
0.393442
0.866078
0.714303
0.751408
0.997483
0.860469
0.967264
0.192711
0.239395
0.112408
0.814651
0.477783
0.111618
0.119441
0.061105
0.37388
0.161079
0.782861
0.951379
0.750642
0.146926
0.785692
0.527695
0.629182
0.773762
0.790322
0.656732
0.618125
0.397519
0.380645
0.70658
0.67434
0.925621
0.831989
0.041346
0.363871
0.049862
0.929936
0.109849
0.875571
0.553267
0.8226
0.257601
0.940022
0.67281
0.747152
0.781725
0.159293
0.272773
0.097904
0.520681
0.815717
0.378029
0.612442
0.575205
0.638108
0.165194
0.669235
0.486263
0.337811
0.860282
0.337479
0.290392
0.122212
0.273707
0.689103
0.842626
0.256498
0.047342
0.799598
0.245448
0.749188
0.231962
0.083691
0.536725
0.648987
0.896932
0.666384
0.087632
0.902203
0.968917
0.115015
0.708612
0.159691
0.614169
0.736942
0.665477
0.788699
0.252646
0.738069
0.824724
0.523865
0.586228
0.999901
0.947505
0.78414
0.118486
0.991242
0.389149
0.936674
0.661458
0.314858
0.043604
0.720758
0.297549
0.048125
0.077475
0.682795
0.81854
0.493838
0.856049
0.169437
0.322337
0.750871
0.154147
0.195393
0.02138
0.911692
0.777067
0.849302
0.353673
0.957414
0.193655
0.648436
0.109295
0.829793
0.060627
0.326572
0.992969
0.704393
0.752772
0.706324
0.497168
0.399113
0.800537
0.786677
0.317146
0.402786
0.091024
0.615332
0.756522
0.434073
0.806743
0.026708
0.028099
0.928773
0.510116
0.671363
0.914126
0.723342
0.163948
0.427785
0.876702
0.441324
0.622951
0.551713
0.056257
0.60201
0.798026
0.158119
0.70084
0.760736
0.787041
0.18873
0.807628
0.087837
0.426763
0.67462
0.360314
0.861818
0.843948
0.505509
0.542718
0.383492
0.788433
0.86334
0.608057
0.026544
0.006297
0.332421
0.545757
0.731152
0.377964
0.287348
0.046459
0.002413
0.669787
0.668388
0.251432
0.283027
0.539233
0.290072
0.731645
0.661773
0.492287
0.126669
0.355897
0.114171
0.111633
0.323641
0.355027
0.940657
0.335904
0.673194
0.245163
0.00033
0.26326
0.148782
0.918174
0.053583
0.200694
0.263291
0.766802
0.634449
0.588566
0.905412
0.375077
0.969218
0.240651
0.953103
0.720865
0.84018
0.038505
0.772173
0.559832
0.649973
0.965363
0.403932
0.900991
0.033676
0.939415
0.154743
0.160818
0.953285
0.995181
0.833266
0.654697
0.994998
0.698686
0.149734
0.634029
0.374976
0.778704
0.900627
0.378663
0.644009
0.402255
0.248614
0.626728
0.194176
0.517134
0.861943
0.790601
0.847296
0.543647
0.34735
0.865791
0.847474
0.100936
0.772393
0.022184
0.310616
0.57312
0.025193
0.325165
0.761698
0.055047
0.871514
0.075935
0.600173
0.629123
0.580209
0.38984
0.80993
0.023214
0.79669
0.452382
0.897116
0.939481
0.521608
0.272029
0.154689
0.593203
0.530841
0.105607
0.877955
0.062283
0.806521
0.92387
0.248496
0.404601
0.720153
0.15698
0.757699
0.558645
0.50802
0.254509
0.945487
0.898197
0.064133
0.406439
0.899232
0.495447
0.080096
0.918132
0.293447
0.578662
0.27283
0.427466
0.79573
0.460608
0.71149
0.767949
0.29406
0.352144
0.632943
0.280828
0.74057
0.937333
0.588728
0.91942
0.029275
0.973853
0.395659
0.781236
0.0001
0.581291
0.636156
0.128064
0.223424
0.936933
0.127142
0.061239
0.189706
0.46449
0.416417
0.22625
0.160947
0.536194
0.339502
0.01457
0.901791
0.363943
0.340155
0.459678
0.476117
0.851834
0.967306
0.794467
0.745631
0.500051
0.544596
0.807137
0.844297
0.78536
0.929707
0.838137
0.492195
0.599046
0.897344
0.640484
0.900013
0.948052
0.333488
0.870753
0.569342
0.764878
0.632954
0.313181
0.231603
0.539658
0.99364
0.838734
0.303197
0.658987
0.548648
0.297538
0.669583
0.314204
0.924856
0.450626
0.601011
0.572526
0.381543
0.051671
0.551712
0.612942
0.627729
0.86391
0.041285
0.918927
0.57818
0.511589
0.534711
0.299346
0.033389
0.183444
0.745721
0.293418
0.42346
0.314038
0.933009
0.133367
0.174979
0.010429
0.644177
0.04207
0.986766
0.452396
0.46639
0.772438
0.595465
0.540399
0.483689
0.892236
0.200615
0.360017
0.588398
0.744761
0.224233
0.842612
0.846846
0.823291
0.342432
0.332703
0.421332
0.103625
0.340266
0.564893
0.516705
0.778609
0.750571
0.725734
0.835593
0.522254
0.155932
0.476842
0.228794
0.972623
0.32927
0.105808
0.994232
0.76489
0.869288
0.146214
0.703446
0.856559
0.62553
0.72975
0.110372
0.175753
0.246326
0.905677
0.831042
0.496068
0.939632
0.398543