32 1
0
29
1
22
2
17
3
13
4
16
5
20
6
28
7
18
8
30
9
16
3
10
11
14
3
12
0
13
11
14
6
15
15
16
7
17
12
18
13
19
20
29
7
21
18
22
0
23
17
24
23
25
6
26
11
27
21
28
4
29
7
30
14
31
0.701894
0.851709
0.310736
0.309857
0.245665
0.268214
0.638423
0.06991
0.477042
0.012056
0.414061
0.650473
0.871616
0.672369
0.914853
0.966366
0.806322
0.114215
0.921443
0.291806
0.490431
0.641376
0.840659
0.678638
0.637181
0.256365
0.561224
0.823046
0.763664
0.817976
0.569481
0.808583
0.534275
0.626114
0.570089
0.12073
0.005623
0.379619
0.55718
0.525842
0.795689
0.959104
0.671563
0.260662
0.2681
0.364962
0.633953
0.774228
0.42094
0.840278
0.250918
0.028409
0.949808
0.637368
0.577709
0.097186
0.55764
0.998683
0.907805
0.57461
0.040567
0.416834
0.484047
0.158802
0.215968
0.035611
0.19637
0.189011
0.70087
0.398187
0.61283
0.794961
0.442712
0.402924
0.558028
0.372108
0.098226
0.784008
0.005339
0.872601
0.332097
0.100824
0.754184
0.300526
0.199988
0.215471
0.273434
0.556842
0.277205
0.838515
0.084163
0.976933
0.155312
0.808967
0.567762
0.037716
0.555218
0.70511
0.441977
0.244045
0.263667
0.660498
0.259693
0.306498
0.698952
0.138771
0.208073
0.717668
0.380137
0.23182
0.657726
0.052549
0.024959
0.07085
0.761058
0.275613
0.299108
0.532086
0.923858
0.510072
0.374794
0.451971
0.592497
0.992201
0.496029
0.693416
0.179662
0.921786