32 1
0
1
1
8
2
6
3
22
4
29
5
21
6
21
7
16
8
25
9
19
0
10
11
14
12
14
1
13
14
19
15
25
16
25
17
25
9
18
4
19
0
20
14
21
13
22
23
31
4
24
6
25
26
30
6
27
19
28
19
29
16
30
11
31
0.341606
0.726965
0.740588
0.363792
0.351205
0.37964
0.70365
0.141098
0.76987
0.571302
0.469842
0.142557
0.513145
0.504897
0.74423
0.053484
0.696396
0.06519
0.684235
0.766353
0.887671
0.257951
0.985755
0.961733
0.372269
0.020647
0.366227
0.117727
0.020373
0.78762
0.376338
0.013265
0.791039
0.802623
0.407628
0.39891
0.575203
0.875044
0.562488
0.344815
0.729815
0.543417
0.806712
0.220709
0.193921
0.190456
0.445316
0.024396
0.803295
0.643623
0.715871
0.595593
0.969598
0.446762
0.852547
0.036098
0.204618
0.737671
0.565805
0.641353
0.65362
0.996758
0.625813
0.858352
0.145554
0.661611
0.324431
0.658987
0.801884
0.006543
0.939397
0.194721
0.520373
0.66035
0.646967
0.958606
0.626384
0.774548
0.878723
0.62871
0.946073
0.205769
0.00718
0.021049
0.640812
0.980143
0.545463
0.904212
0.179407
0.43907
0.124699
0.872358
0.485505
0.018995
0.481317
0.13137
0.586312
0.01653
0.48981
0.967731
0.319684
0.894088
0.281116
0.970008
0.930589
0.885763
0.651548
0.563423
0.594734
0.022311
0.025791
0.383595
0.535524
0.23021
0.622763
0.308563
0.267561
0.719123
0.792478
0.00324
0.215274
0.36246
0.821009
0.904211
0.360659
0.315118
0.295545
0.524343