32 1
0
30
1
28
2
24
3
24
4
14
5
23
1
6
7
10
8
31
9
28
10
16
1
11
9
12
13
15
14
22
15
22
6
16
10
17
18
20
14
19
20
27
5
21
15
22
23
25
24
31
14
25
0
26
3
27
1
28
24
29
8
30
8
31
0.345868
0.056859
0.254665
0.06222
0.08296
0.874843
0.026196
0.641514
0.878181
0.339208
0.370845
0.516269
0.132579
0.199828
0.991584
0.624479
0.519807
0.670115
0.014868
0.654153
0.741279
0.456187
0.930782
0.194605
0.248324
0.349155
0.338105
0.596128
0.963695
0.237347
0.61697
0.262161
0.48214
0.174067
0.783515
0.89928
0.34722
0.612447
0.523982
0.967153
0.51237
0.665487
0.663761
0.667206
0.534401
0.469031
0.562224
0.495369
0.806137
0.477238
0.684162
0.442888
0.440701
0.538755
0.388611
0.587406
0.458703
0.273949
0.640695
0.720507
0.058743
0.275153
0.648876
0.819499
0.725616
0.00669
0.797173
0.652522
0.714707
0.203072
0.286544
0.432657
0.103784
0.906893
0.17636
0.50945
0.458814
0.862026
0.73596
0.650537
0.408379
0.843146
0.374275
0.535111
0.371712
0.288787
0.195751
0.484317
0.127207
0.787368
0.650077
0.613585
0.413245
0.883621
0.294718
0.921878
0.963317
0.073232
0.70334
0.141082
0.716098
0.002847
0.187809
0.726109
0.450348
0.916812
0.556313
0.875386
0.891241
0.280344
0.292071
0.714019
0.91425
0.998036
0.879483
0.623606
0.663938
0.797834
0.068776
0.398565
0.679939
0.606236
0.54186
0.830926
0.590325
0.782678
0.898655
0.554616