32 1
0
4
1
15
2
25
3
15
4
7
5
8
6
17
7
20
8
14
9
22
10
22
11
20
12
19
1
13
14
20
15
24
6
16
17
25
7
18
12
19
17
20
5
21
22
26
1
23
2
24
14
25
3
26
27
29
28
31
10
29
8
30
27
31
0.834541
0.852564
0.164334
0.626768
0.093124
0.206932
0.142999
0.374859
0.926903
0.430977
0.797979
0.500191
0.487281
0.02565
0.710747
0.181574
0.951307
0.966303
0.758942
0.749831
0.49388
0.209048
0.904252
0.27411
0.725939
0.658505
0.780863
0.667767
0.867126
0.297777
0.496791
0.901077
0.058313
0.474024
0.160792
0.27249
0.765552
0.08008
0.860727
0.498527
0.195066
0.466807
0.564907
0.638642
0.296877
0.859747
0.4994
0.243136
0.412851
0.964239
0.639554
0.008377
0.741784
0.113
0.064583
0.8432
0.1118
0.788374
0.02426
0.502299
0.024611
0.688043
0.43556
0.042648
0.791603
0.718052
0.669216
0.197067
0.246657
0.338931
0.947709
0.682038
0.246554
0.314089
0.093093
0.961478
0.288757
0.055462
0.115325
0.690684
0.18378
0.633505
0.6718
0.280034
0.565716
0.057984
0.584774
0.672214
0.412965
0.429531
0.319366
0.844198
0.837664
0.697934
0.533078
0.843855
0.059735
0.588171
0.364421
0.442479
0.645119
0.95517
0.945556
0.873358
0.455937
0.233059
0.504344
0.675165
0.5791
0.724881
0.333005
0.307124
0.771955
0.705595
0.802963
0.614906
0.837642
0.651565
0.259669
0.734224
0.345801
0.14569
0.758172
0.311694
0.802946
0.618918
0.713363
0.535981