32 1
0
20
1
16
2
8
3
5
4
21
5
25
6
30
7
21
4
8
9
25
10
17
7
11
1
12
4
13
14
20
15
17
16
23
17
19
14
18
3
19
10
20
19
21
13
22
21
23
22
24
3
25
26
27
1
27
19
28
14
29
16
30
5
31
0.786712
0.508396
0.396392
0.367813
0.412574
0.196822
0.227101
0.238745
0.150214
0.939047
0.136393
0.520609
0.11464
0.059231
0.086594
0.346865
0.307638
0.94038
0.995292
0.381943
0.386691
0.005495
0.728986
0.776544
0.917788
0.984393
0.537975
0.203674
0.108285
0.744523
0.958439
0.774963
0.067761
0.488784
0.751219
0.292839
0.211775
0.387218
0.530262
0.007797
0.606011
0.901511
0.806563
0.245754
0.582578
0.792684
0.659859
0.353655
0.0903
0.093657
0.557648
0.599473
0.33322
0.468181
0.73776
0.284523
0.552075
0.879079
0.513519
0.424158
0.361011
0.518769
0.971156
0.815671
0.57842
0.391736
0.203519
0.787835
0.295197
0.43644
0.633944
0.321606
0.655352
0.001169
0.929372
0.781169
0.885158
0.759572
0.37396
0.930116
0.006304
0.130461
0.599791
0.214925
0.590449
0.298545
0.07159
0.286606
0.211228
0.4029
0.65396
0.372483
0.54792
0.247434
0.404347
0.863111
0.909924
0.746574
0.432384
0.900607
0.898606
0.688357
0.158453
0.981232
0.545837
0.155779
0.3929
0.073314
0.582517
0.555568
0.366388
0.048455
0.324429
0.381668
0.950865
0.18316
0.293578
0.084752
0.375384
0.507985
0.01667
0.237626
0.652026
0.47541
0.380842
0.605477
0.750689
0.041314