32 2
0
12
17
1
17
31
2
3
4
3
15
27
4
10
18
4
5
20
6
23
24
7
23
24
3
8
14
9
15
21
1
10
12
4
11
24
1
9
12
13
26
27
3
14
23
3
8
15
7
16
27
8
17
27
9
17
18
5
17
19
12
20
23
19
20
21
6
22
27
9
21
23
11
24
25
7
19
25
20
26
29
12
22
27
21
22
28
0
15
29
2
7
30
3
17
31
0.016128
0.580666
0.332671
0.133116
0.74835
0.997603
0.34392
0.861003
0.235911
0.589155
0.697117
0.313146
0.754591
0.107882
0.206337
0.439699
0.877567
0.583018
0.312335
0.693152
0.103691
0.7222
0.133283
0.282498
0.536965
0.532044
0.346517
0.153904
0.974935
0.318395
0.393757
0.26433
0.463796
0.771747
0.672594
0.073329
0.142968
0.170981
0.863514
0.981959
0.731754
0.488075
0.198597
0.046196
0.317338
0.191101
0.03998
0.617882
0.94197
0.341528
0.200351
0.690321
0.311738
0.484486
0.706623
0.891082
0.054617
0.461591
0.486002
0.303727
0.031549
0.48319
0.53132
0.269666
0.547894
0.466917
0.657388
0.058033
0.699228
0.735478
0.940884
0.701472
0.165453
0.485163
0.066349
0.803559
0.913077
0.348779
0.675025
0.625779
0.136
0.111364
0.361935
0.73092
0.600592
0.36544
0.508773
0.204334
0.716211
0.516819
0.994095
0.684902
0.741697
0.293225
0.909252
0.232067
0.584074
0.922881
0.429755
0.720384
0.327658
0.997109
0.044425
0.701345
0.58112
0.380371
0.818287
0.625653
0.909106
0.411298
0.624138
0.649522
0.210753
0.98385
0.105332
0.212599
0.271023
0.61407
0.763327
0.739191
0.371046
0.928056
0.39924
0.233605
0.150808
0.65072
0.230068
0.054275
0.467346
0.24363
0.197484
0.260497
0.23155
0.264821
0.459179
0.74488
0.006084
0.133562
0.987659
0.503771
0.983218
0.622239
0.726695
0.837114
0.941277
0.83166
0.138983
0.078404
0.112816
0.794775
0.951296
0.912715
0.910962
0.343837
0.952314
0.726536
0.176908
0.407847
0.280089
0.007214
0.634961
0.586968
0.912741
0.034777
0.731825
0.617963
0.97491
0.250967
0.253881
0.501564
0.019681
0.233474
0.402573
0.916684
0.86229
0.362571
0.280777
0.586162
0.516455
0.434147
0.903951
0.877508
0.021395
0.451325
0.529839
0.779341
0.905687
0.516779
0.840256
0.87229
0.858013
0.951989
0.495956
0.550593
0.895079
0.482706
0.282888
0.511277
0.019226
0.46534
0.784509
0.046696
0.540485
0.25875
0.11677
0.0811
0.026464
0.782517
0.496191
0.299148
0.974582
0.972916
0.873187
0.869589
0.28794
0.866336
0.053038
0.826465
0.673052
0.146182
0.93074
0.4116
0.20168
0.401299
0.376049
0.703661
0.99356
0.952167
0.959133
0.38021
0.08647
0.602011
0.611408
0.975697
0.920726
0.115852
0.06263
0.052324
0.084455
0.150131
0.928529
0.385316
0.965739
0.685919
0.149405
0.060819
0.522208
0.129064
0.672132
0.719006
0.203144
0.447162
0.482228
0.633068
0.928638
0.089052