32 2
0
10
16
1
17
19
2
14
24
3
11
14
4
18
19
4
5
22
6
12
22
7
11
27
8
26
31
9
12
19
4
10
13
11
15
21
4
12
13
13
27
29
14
16
19
13
15
30
16
24
25
1
5
17
13
18
28
7
15
19
18
20
30
10
21
30
9
11
22
23
24
29
20
24
30
5
19
25
6
26
31
3
20
27
10
26
28
18
25
29
0
2
30
4
15
31
0.748075
0.876779
0.803418
0.825058
0.122264
0.427454
0.81077
0.446335
0.002892
0.910763
0.849257
0.637542
0.387393
0.414211
0.002327
0.294129
0.912294
0.082726
0.018338
0.863737
0.456783
0.879737
0.236277
0.480973
0.512987
0.180164
0.56259
0.653165
0.059068
0.018531
0.862179
0.332472
0.277201
0.615421
0.552611
0.920708
0.418683
0.610532
0.746229
0.738639
0.933815
0.8104
0.047879
0.020968
7.5e-05
0.72536
0.751518
0.715197
0.936239
0.944433
0.209189
0.449255
0.679736
0.760692
0.495495
0.470741
0.758497
0.243957
0.434526
0.067548
0.857647
0.594674
0.1791
0.405737
0.317925
0.998158
0.364728
0.721851
0.726418
0.423692
0.011015
0.21774
0.772474
0.084965
0.854459
0.173599
0.288994
0.502561
0.665193
0.589788
0.738193
0.317033
0.440501
0.338099
0.728472
0.070301
0.60623
0.590551
0.230756
0.379468
0.340038
0.933747
0.906107
0.232209
0.819514
0.533027
0.444825
0.54333
0.31652
0.014378
0.366698
0.509763
0.309085
0.248196
0.149147
0.537626
0.860404
0.462198
0.976688
0.449824
0.800916
0.584154
0.547078
0.643252
0.740012
0.581516
0.270272
0.491009
0.376856
0.333387
0.331701
0.513885
0.287196
0.312283
0.494491
0.359595
0.046475
0.531062
0.119387
0.829207
0.622232
0.596056
0.548816
0.806411
0.440234
0.229416
0.854582
0.814332
0.571913
0.65092
0.622327
0.085692
0.39453
0.127305
0.825101
0.580618
0.610648
0.496573
0.811408
0.798824
0.206409
0.917963
0.474011
0.776819
0.848454
0.752029
0.730558
0.362828
0.229072
0.389691
0.694377
0.331313
0.25749
0.585165
0.864948
0.290458
0.606655
0.795975
0.095808
0.673279
0.995046
0.827782
0.301708
0.160931
0.653877
0.418815
0.421776
0.936387
0.471556
0.93708
0.305104
0.970111
0.046415
0.977885
0.600534
0.656731
0.544079
0.217973
0.591822
0.878515
0.038165
0.107974
0.479329
0.409277
0.400887
0.120014
0.358598
0.820715
0.881182
0.610957
0.656936
0.764513
0.030235
0.392282
0.98365
0.10873
0.91285
0.139589
0.640476
0.321956
0.44269
0.22433
0.550433
0.095502
0.591612
0.935233
0.697856
0.526519
0.689382
0.341917
0.074735
0.346885
0.390389
0.467767
0.007559
0.848873
0.119038
0.070429
0.288216
0.470393
0.019541
0.104568
0.545972
0.364021
0.368164
0.594139
0.490753
0.525543
0.856624
0.357678
0.227521
0.918332
0.570158
0.478266
0.151185
0.022726
0.010533
0.039428
0.22697
0.792784
0.97253
0.577285
0.696703
0.973412
0.028365
0.295812