32 2
0
21
26
1
18
25
2
8
25
1
3
25
0
4
23
5
7
8
6
18
28
7
24
29
6
8
28
2
9
22
10
22
30
11
16
30
12
30
31
3
11
13
14
15
30
14
15
16
16
20
25
1
13
17
15
18
23
19
21
31
0
14
20
12
21
28
2
9
22
8
14
23
1
8
24
6
7
25
14
18
26
9
22
27
6
28
30
14
25
29
20
21
30
0
27
31
0.911187
0.456278
0.28461
0.546053
0.112714
0.733737
0.965173
0.061678
0.581366
0.375701
0.990801
0.165911
0.199499
0.306517
0.22175
0.727458
0.401319
0.368473
0.396618
0.443986
0.592062
0.293427
0.654218
0.645199
0.268953
0.010894
0.914057
0.957898
0.378684
0.05426
0.903256
0.28049
0.155987
0.469959
0.96108
0.028402
0.248501
0.303358
0.545887
0.068367
0.32441
0.363738
0.975944
0.119746
0.434704
0.193974
0.68177
0.913611
0.020431
0.381938
0.35902
0.683373
0.04129
0.525813
0.198372
0.545568
0.383516
0.315731
0.472241
0.336965
0.65839
0.481925
0.668804
0.783058
0.817183
0.249543
0.928661
0.72651
0.751263
0.153259
0.73455
0.532696
0.000675
0.680662
0.652064
0.527141
0.091094
0.776812
0.829479
0.065335
0.934544
0.032661
0.06552
0.683531
0.280298
0.632654
0.374633
0.876669
0.182056
0.055735
0.18305
0.507852
0.88286
0.840469
0.871505
0.493513
0.172928
0.342314
0.178811
0.155918
0.081721
0.729592
0.965154
0.564532
0.082776
0.085713
0.393447
0.806584
0.163824
0.508899
0.779415
0.292191
0.684153
0.851383
0.487906
0.185706
0.750628
0.294055
0.474516
0.664274
0.923027
0.82203
0.315218
0.509945
0.56443
0.124116
0.191397
0.151511
0.516309
0.496856
0.727536
0.305057
0.883313
0.402569
0.138239
0.81259
0.432401
0.640246
0.328391
0.740421
0.138811
0.07308
0.728029
0.408665
0.796016
0.154348
0.532429
0.956919
0.785937
0.104306
0.617381
0.602399
0.403551
0.780506
0.586333
0.378345
0.713227
0.722069
0.570397
0.118629
0.581591
0.660194
0.215301
0.316859
0.541215
0.723007
0.023229
0.730751
0.930906
0.57168
0.582423
0.95522
0.0504
0.551698
0.954175
0.78651
0.24512
0.134672
0.739488
0.47958
0.793557
0.073889
0.042622
0.705507
0.023635
0.104352
0.970889
0.874514
0.008653
0.855149
0.826103
0.739054
0.438783
0.254247
0.683484
0.033601
0.79165
0.548362
0.076476
0.747326
0.450064
0.431304
0.47965
0.975844
0.181512
0.799056
0.646542
0.476286
0.209874
0.858844
0.657196
0.415095
0.842329
0.246715
0.591768
0.29217
0.396239
0.080278
0.168614
0.454562
0.87547
0.817758
0.798719
0.847854
0.376661
0.518091
0.819091
0.982109
0.089499
0.870488
0.555304
0.743172
0.7784
0.944923
0.906586
0.783715
0.949658
0.454631
0.31818
0.989005
0.380565
0.392249
0.423197
0.28473
0.677295
0.247063
0.867141
0.218444
0.102859
0.502106
0.333601
0.696392
0.329224
0.73169
0.692006
0.541434