32 1
0
16
1
16
2
16
3
27
4
29
5
26
6
17
7
22
8
10
9
21
10
23
2
11
12
21
12
13
14
23
10
15
8
16
5
17
11
18
14
19
14
20
17
21
2
22
9
23
6
24
8
25
18
26
27
30
4
28
23
29
15
30
29
31
0.25253
0.636387
0.03733
0.611506
0.975059
0.427535
0.552566
0.317429
0.377075
0.725484
0.952269
0.392067
0.784143
0.821816
0.605064
0.648865
0.801625
0.491089
0.452899
0.881852
0.449274
0.34115
0.707084
0.136053
0.754291
0.906035
0.932668
0.322916
0.479119
0.94742
0.353326
0.813964
0.550667
0.70012
0.053637
0.274517
0.97092
0.723452
0.600434
0.072744
0.349739
0.763622
0.077478
0.488325
0.180497
0.728687
0.263717
0.527186
0.48332
0.28804
0.429518
0.728914
0.422743
0.244102
0.531375
0.213625
0.838313
0.341418
0.982838
0.920071
0.050255
0.880479
0.288397
0.555231
0.566297
0.829461
0.568644
0.278949
0.794603
0.422913
0.873244
0.925386
0.619665
0.20565
0.878502
0.293865
0.194158
0.699059
0.531069
0.457158
0.27676
0.126661
0.658728
0.238774
0.072755
0.171918
0.591411
0.408311
0.772753
0.773321
0.945202
0.541587
0.887789
0.261267
0.495713
0.729994
0.568538
0.502756
0.653482
0.344255
0.126123
0.337935
0.620845
0.214342
0.958622
0.050975
0.944922
0.414489
0.012639
0.491284
0.188422
0.975543
0.992527
0.444291
0.007646
0.326045
0.528187
0.229525
0.316988
0.701848
0.361112
0.600568
0.979975
0.689961
0.389031
0.254669
0.867754
0.875015