32 1
0
7
1
10
1
2
3
29
2
4
5
21
6
13
7
22
8
19
9
30
10
24
11
18
12
26
13
26
14
23
13
15
16
21
12
17
6
18
19
20
6
20
21
23
16
22
6
23
18
24
6
25
18
26
21
27
7
28
26
29
21
30
0
31
0.381675
0.782611
0.280172
0.266448
0.35124
0.043154
0.867113
0.111551
0.899898
0.636101
0.127221
0.311295
0.265236
0.425881
0.813057
0.633197
0.884884
0.891006
0.437677
0.355152
0.575896
0.273491
0.120826
0.010822
0.563901
0.784521
0.94902
0.940438
0.795983
0.24385
0.928673
0.660875
0.066977
0.691819
0.294416
0.649957
0.194899
0.280304
0.252789
0.489037
0.907989
0.823517
0.218984
0.516175
0.881105
0.335593
0.469357
0.480293
0.578807
0.290693
0.698526
0.954614
0.831296
0.716106
0.579491
0.030932
0.535979
0.834079
0.386094
0.605277
0.174486
0.98621
0.694281
0.12859
0.305945
0.163105
0.650876
0.089412
0.451061
0.807349
0.130763
0.674972
0.00755
0.82842
0.468426
0.794719
0.014912
0.916805
0.700274
0.686889
0.17458
0.054816
0.628842
0.516787
0.933513
0.615832
0.331038
0.124796
0.759234
0.288505
0.601321
0.003832
0.212741
0.607525
0.982724
0.470066
0.830844
0.323851
0.343286
0.936132
0.35414
0.683962
0.813846
0.354085
0.312371
0.185512
0.300451
0.081518
0.798406
0.768824
0.605307
0.804626
0.262493
0.780579
0.171945
0.863899
0.903106
0.23315
0.40153
0.616637
0.95472
0.649955
0.428612
0.501762
0.302786
0.859973
0.965645
0.75277