32 1
0
15
1
6
2
8
3
11
4
29
5
23
6
10
7
23
8
31
9
22
10
13
11
16
2
12
1
13
14
22
15
22
12
16
2
17
18
30
6
19
19
20
21
24
9
22
19
23
9
24
7
25
0
26
27
30
21
28
10
29
2
30
14
31
0.318395
0.014925
0.54477
0.698561
0.985788
0.097277
0.187558
0.992418
0.728963
0.572294
0.722852
0.697838
0.02389
0.375219
0.755525
0.07968
0.566955
0.146301
0.20151
0.56332
0.849617
0.063435
0.015278
0.150794
0.430553
0.048001
0.161434
0.324719
0.355676
0.404181
0.340753
0.060174
0.664429
0.309778
0.53056
0.400693
0.457078
0.073933
0.204015
0.057323
0.150903
0.296395
0.207531
0.207181
0.181544
0.588882
0.649447
0.662956
0.349558
0.854569
0.151339
0.044455
0.975124
0.261224
0.034782
0.866349
0.681538
0.295104
0.200554
0.919682
0.960923
0.961217
0.152806
0.201411
0.442721
0.999709
0.522565
0.121197
0.107639
0.247498
0.335506
0.03113
0.725652
0.9349
0.393779
0.348732
0.859624
0.829563
0.372896
0.198491
0.71251
0.796739
0.97202
0.401712
0.068914
0.941188
0.947806
0.184334
0.157304
0.579424
0.354492
0.630783
0.457882
0.714452
0.635542
0.728265
0.079476
0.083916
0.446863
0.195784
0.743617
0.913349
0.062416
0.951502
0.754103
0.814607
0.09481
0.591751
0.39677
0.833792
0.652537
0.004672
0.170844
0.416415
0.820232
0.358471
0.357172
0.302805
0.768287
0.879162
0.810536
0.710796
0.067605
0.984673
0.997946
0.158492
0.113597
0.291714