32 2
0
6
19
1
21
23
2
27
30
3
13
29
1
4
18
5
17
31
6
11
26
7
25
30
8
10
25
9
11
14
10
18
26
11
25
26
12
21
23
4
13
28
0
14
21
1
15
17
8
11
16
12
17
29
3
14
18
19
22
27
11
20
29
3
21
31
17
21
22
5
12
23
1
24
29
8
14
25
1
19
26
1
11
27
3
10
28
8
20
29
0
15
30
13
30
31
0.040664
0.477879
0.448912
0.07753
0.337702
0.084685
0.306299
0.269224
0.574162
0.875196
0.169997
0.869364
0.158791
0.020376
0.18719
0.003026
0.75313
0.429718
0.270784
0.255929
0.463002
0.933626
0.309653
0.054324
0.663337
0.676012
0.766686
0.478204
0.041579
0.818964
0.78875
0.388176
0.983937
0.076349
0.932425
0.692337
0.334406
0.764544
0.522305
0.997712
0.201881
0.723524
0.530508
0.258471
0.636531
0.622961
0.239593
0.771688
0.811803
0.271391
0.576129
0.815298
0.112689
0.982188
0.137885
0.358147
0.077814
0.270903
0.580664
0.614391
0.440539
0.919648
0.38868
0.613583
0.32637
0.61563
0.314384
0.791345
0.898846
0.404859
0.463396
0.916549
0.347256
0.168454
0.240452
0.17997
0.446038
0.636185
0.355869
0.038854
0.400976
0.191209
0.2968
0.623278
0.540635
0.928463
0.996952
0.317088
0.345391
0.401382
0.520342
0.344761
0.150296
0.446282
0.339683
0.456636
0.059931
0.516679
0.074433
0.79919
0.801515
0.270586
0.174516
0.734707
0.916067
0.045657
0.113611
0.084021
0.456804
0.29537
0.042667
0.753331
0.806501
0.880743
0.177444
0.361576
0.326941
0.970435
0.196554
0.512608
0.958906
0.092432
0.680915
0.212243
0.811237
0.806734
0.97001
0.345013
0.754985
0.384161
0.641325
0.913938
0.865201
0.328556
0.624904
0.818492
0.061492
0.814099
0.620441
0.269251
0.447515
0.138491
0.588299
0.730221
0.633528
0.154346
0.72444
0.519551
0.385328
0.902736
0.418397
0.26491
0.738476
0.870614
0.503013
0.246312
0.151478
0.411315
0.027459
0.934481
0.940545
0.966295
0.60624
0.450923
0.678742
0.944903
0.38442
0.154037
0.385118
0.302082
0.519693
0.239403
0.454752
0.798861
0.533932
0.513361
0.270588
0.353887
0.154935
0.367565
0.372767
0.570128
0.053888
0.064073
0.830245
0.807574
0.346367
0.284523
0.75234
0.233009
0.303843
0.507808
0.578115
0.656172
0.995137
0.456194
0.129246
0.468817
0.762151
0.79778
0.827157
0.480576
0.093567
0.396622
0.584232
0.163069
0.960854
0.725748
0.041293
0.794823
0.17108
0.893521
0.998759
0.431649
0.693208
0.017953
0.517258
0.275877
0.457862
0.439151
0.720111
0.969654
0.580066
0.614349
0.804887
0.146957
0.308622
0.329262
0.922275
0.658928
0.755908
0.703257
0.51912
0.606046
0.718204
0.445731
0.049057
0.798572
0.917935
0.638357
0.547237
0.36792
0.1916
0.124697
0.936693
0.677164
0.033995
0.854651
0.976735
0.674578
0.132438
0.939966
0.851161
0.873156
0.093939
0.926983