32 2
0
2
29
1
4
27
2
9
12
3
16
29
4
16
21
2
5
22
2
3
6
6
7
14
8
11
17
9
13
15
2
7
10
9
11
24
12
25
31
13
16
22
8
13
14
15
19
20
3
8
16
3
6
17
8
18
26
14
19
31
6
9
20
6
16
21
7
9
22
7
23
28
11
15
24
2
15
25
8
18
26
10
24
27
20
26
28
8
16
29
1
7
30
0
29
31
0.335427
0.269037
0.678039
0.444432
0.783359
0.958392
0.969266
0.549857
0.483703
0.441503
0.59217
0.166947
0.204268
0.964199
0.124629
0.852325
0.056486
0.225839
0.799436
0.514896
0.954655
0.287777
0.605751
0.341799
0.04127
0.276678
0.020396
0.753154
0.600926
0.086433
0.961839
0.152707
0.014999
0.922908
0.647741
0.047553
0.357292
0.159751
0.483176
0.695717
0.354364
0.500477
0.300196
0.489896
0.891389
0.892122
0.456373
0.355186
0.987549
0.306526
0.385492
0.146196
0.106453
0.216026
0.231343
0.120679
0.983157
0.740278
0.388196
0.080752
0.802737
0.577137
0.244884
0.746495
0.340872
0.433268
0.275426
0.626742
0.183214
0.461915
0.747425
0.803661
0.729705
0.551849
0.122384
0.692659
0.224212
0.261448
0.421575
0.101072
0.415524
0.306472
0.061964
0.18769
0.666264
0.949802
0.402086
0.295238
0.899748
0.14829
0.140804
0.104364
0.384107
0.442608
0.172761
0.305804
0.683855
0.31099
0.60006
0.018737
0.670787
0.253604
0.267332
0.379159
0.602949
0.863096
0.709864
0.628816
0.076563
0.200924
0.797809
0.040952
0.646993
0.031837
0.426767
0.997378
0.969401
0.117442
0.178414
0.741598
0.169706
0.045656
0.638808
0.59274
0.805326
0.092129
0.76961
0.023981
0.291396
0.709658
0.345675
0.129979
0.203807
0.641982
0.195294
0.21842
0.842038
0.872341
0.806688
0.829716
0.16003
0.490112
0.130176
0.606321
0.85668
0.195579
0.657408
0.9847
0.336393
0.120296
0.877138
0.40044
0.771132
0.744735
0.699815
0.148684
0.513665
0.442996
0.30037
0.578785
0.382378
0.551383
0.828748
0.469704
0.81513
0.61496
0.775413
0.203902
0.472135
0.401571
0.059092
0.891185
0.122268
0.678618
0.163116
0.154994
0.591802
0.236921
0.225082
0.13969
0.370086
0.985553
0.830104
0.801842
0.515594
0.37536
0.930586
0.831458
0.072121
0.126103
0.913023
0.148046
0.916207
0.478509
0.732727
0.558979
0.646263
0.363767
0.115483
0.708628
0.91995
0.523661
0.275011
0.780703
0.597352
0.216132
0.867754
0.241334
0.930768
0.649722
0.500772
0.669965
0.497065
0.497105
0.058714
0.107337
0.769086
0.879277
0.810385
0.262142
0.660874
0.506211
0.954656
0.965776
0.508997
0.905297
0.311907
0.768875
0.248305
0.615141
0.660802
0.110236
0.309194
0.14085
0.802118
0.232985
0.513396
0.026857
0.683117
0.670004
0.565417
0.852896
0.024028
0.857758
0.639971
0.124822
0.886803
0.463691
0.834511
0.613735
0.363392
0.797506
0.621469
0.84099
0.328739
0.894639