32 1
0
18
1
20
2
21
3
28
4
12
5
22
0
6
1
7
5
8
9
27
10
22
11
29
12
20
3
13
14
28
15
29
3
16
3
17
18
29
18
19
19
20
20
21
22
24
7
23
3
24
9
25
11
26
10
27
1
28
27
29
9
30
29
31
0.224127
0.348846
0.206864
0.435038
0.749633
0.371831
0.928542
0.416042
0.39811
0.195759
0.823887
0.290786
0.158124
0.467616
0.545574
0.969651
0.830881
0.407483
0.010574
0.356229
0.295914
0.800605
0.556996
0.305482
0.501833
0.466857
0.72784
0.30047
0.852394
0.649939
0.029925
0.438013
0.981865
0.303797
0.593662
0.623241
0.427878
0.364104
0.360554
0.268533
0.194369
0.562637
0.76717
0.939957
0.24546
0.172389
0.392522
0.745287
0.03603
0.511191
0.440754
0.788786
0.860206
0.650262
0.815798
0.348302
0.21462
0.938675
0.512767
0.608304
0.064049
0.635125
0.202981
0.009865
0.108975
0.536322
0.10935
0.048143
0.723513
0.2587
0.790547
0.010624
0.969231
0.384169
0.112171
0.954979
0.902791
0.743228
0.149597
0.556058
0.082354
0.962953
0.357737
0.135197
0.472595
0.060305
0.402153
0.363542
0.493597
0.571425
0.689568
0.00036
0.773149
0.361544
0.576053
0.396067
0.010712
0.508192
0.58899
0.230028
0.37956
0.759549
0.6128
0.945982
0.989017
0.393121
0.637257
0.960682
0.288535
0.07405
0.081054
0.28899
0.582728
0.29255
0.663321
0.942017
0.385217
0.074917
0.516531
0.346338
0.456857
0.273914
0.169522
0.50193
0.208429
0.097215
0.025038
0.25944