32 2
0
4
14
1
4
7
2
4
30
0
3
5
4
16
21
3
5
6
6
15
22
6
7
16
8
10
12
3
9
26
10
12
25
9
11
13
6
11
12
6
13
26
0
14
16
12
15
23
3
5
16
9
17
19
12
16
18
1
19
23
9
20
31
5
21
26
1
13
22
7
17
23
1
9
24
3
11
25
2
21
26
11
27
28
4
15
28
5
9
29
6
27
30
25
29
31
0.219273
0.809881
0.25256
0.637365
0.641844
0.848263
0.279635
0.791931
0.554716
0.976563
0.142448
0.267267
0.885333
0.153273
0.348326
0.946766
0.20495
0.359438
0.839443
0.187702
0.594624
0.006403
0.224311
0.452383
0.959073
0.253767
0.076933
0.301916
0.1095
0.246251
0.281346
0.793661
0.04608
0.462149
0.515218
0.86729
0.856729
0.884843
0.631674
0.301313
0.374615
0.304175
0.700241
0.145209
0.659546
0.552797
0.25606
0.693766
0.133514
0.160558
0.859918
0.913604
0.508603
0.17678
0.126895
0.721737
0.579449
0.832718
0.654566
0.906647
0.482669
0.240381
0.115443
0.431223
0.789981
0.396626
0.944815
0.144078
0.384472
0.003816
0.345109
0.157924
0.952224
0.189505
0.17082
0.198671
0.160597
0.990949
0.537828
0.177396
0.767132
0.931899
0.192207
0.01296
0.206119
0.332466
0.166138
0.356331
0.561337
0.888759
0.191378
0.111124
0.77153
0.66396
0.519037
0.860995
0.703366
0.970189
0.008237
0.572531
0.701259
0.560075
0.123445
0.667818
0.397243
0.627427
0.331777
0.364245
0.843947
0.574576
0.985211
0.558691
0.244266
0.799743
0.058193
0.269723
0.500393
0.881106
0.19697
0.467566
0.749368
0.666876
0.789154
0.844311
0.926579
0.394089
0.265712
0.357931
0.735042
0.607456
0.734754
0.085132
0.325275
0.906178
0.271554
0.784159
0.089367
0.750137
0.34193
0.635323
0.315681
0.664642
0.180823
0.035557
0.088067
0.383144
0.591167
0.354807
0.399914
0.608253
0.717676
0.218574
0.361021
0.385441
0.640852
0.88163
0.297208
0.566918
0.242828
0.179236
0.797205
0.572069
0.769476
0.232877
0.214704
0.345892
0.717025
0.603165
0.958923
0.73147
0.072116
0.376132
0.001793
0.344688
0.763944
0.249751
0.398118
0.088265
0.434722
0.170723
0.470934
0.213168
0.536377
0.914684
0.40447
0.404425
0.688051
0.525132
0.617462
0.06676
0.75178
0.017851
0.661025
0.874259
0.001289
0.693815
0.268342
0.470968
0.386078
0.156528
0.150432
0.651042
0.747031
0.583717
0.281021
0.672956
0.408767
0.574145
0.457751
0.972484
0.164387
0.523927
0.761405
0.274286
0.976248
0.678157
0.261498
0.035321
0.080509
0.96274
0.414616
0.783218
0.407176
0.94317
0.822597
0.825105
0.364985
0.131176
0.250863
0.361107
0.697961
0.444801
0.759711
0.659422
0.171479
0.219671
0.27379
0.864033
0.284617
0.362886
0.068721
0.736229
0.592533
0.582623
0.680785
0.629907
0.457242
0.786899
0.925902
0.370115
0.738292
0.032243
0.979367
0.051583
0.597727
0.727466