32 2
0
7
25
1
2
22
1
2
30
3
21
24
1
4
9
1
5
21
6
19
31
5
7
23
8
16
27
6
9
16
0
10
31
1
6
11
8
12
24
13
28
30
10
14
27
15
22
25
3
16
21
13
17
28
14
18
29
19
20
24
2
17
20
2
15
21
0
4
22
4
16
23
2
24
27
15
25
27
21
26
27
8
13
27
4
10
28
7
29
31
10
14
30
9
19
31
0.89146
0.327003
0.639529
0.608033
0.645553
0.286616
0.129917
0.772171
0.571554
0.385868
0.691205
0.254502
0.497987
0.515108
0.066993
0.366809
0.474198
0.24813
0.815587
0.692653
0.199129
0.43088
0.417754
0.408686
0.959485
0.155649
0.078155
0.410047
0.816563
0.042202
0.880741
0.382373
0.466944
0.54041
0.107328
0.03823
0.314784
0.030115
0.342319
0.344825
0.290064
0.658224
0.856302
0.8387
0.774537
0.08224
0.039927
0.403622
0.207963
0.285998
0.251825
0.993398
0.946604
0.663544
0.660181
0.55128
0.705922
0.487991
0.153264
0.662471
0.19552
0.377983
0.890309
0.22991
0.504749
0.968995
0.722796
0.024606
0.054917
0.539017
0.05614
0.144859
0.511464
0.515638
0.111811
0.851611
0.468548
0.667711
0.494523
0.425631
0.956959
0.447258
0.154495
0.755398
0.256563
0.923354
0.972483
0.05467
0.671685
0.774121
0.199308
0.576813
0.080965
0.090452
0.526412
0.003587
0.923936
0.009084
0.135846
0.114367
0.602515
0.665341
0.880495
0.434905
0.035718
0.773785
0.568317
0.250757
0.159548
0.971679
0.739052
0.046697
0.986217
0.198764
0.699068
0.09169
0.417059
0.06633
0.37437
0.138996
0.027047
0.217758
0.698731
0.816018
0.97932
0.410884
0.083106
0.307199
0.989105
0.503225
0.111569
0.659892
0.057745
0.988592
0.959705
0.046622
0.325866
0.874094
0.763963
0.019023
0.081094
0.292365
0.296632
0.581808
0.829917
0.319416
0.712951
0.681118
0.395379
0.645331
0.723105
0.950657
0.097873
0.057925
0.232085
0.540382
0.463776
0.417622
0.322606
0.753976
0.340468
0.182851
0.338863
0.244717
0.498603
0.891993
0.991609
0.468813
0.016379
0.259351
0.951401
0.791463
0.045093
0.092282
0.157859
0.161123
0.349201
0.747561
0.86748
0.04278
0.422422
0.572557
0.789366
0.334545
0.779931
0.486507
0.565892
0.334676
0.62656
0.523782
0.622006
0.693571
0.670924
0.112574
0.154822
0.873055
0.887146
0.017494
0.722802
0.12134
0.713196
0.293369
0.369823
0.311916
0.566436
0.387463
0.63002
0.150286
0.952481
0.235643
0.661556
0.014451
0.492275
0.974403
0.693466
0.270054
0.659703
0.490326
0.126259
0.484702
0.48619
0.267712
0.765325
0.48652
0.435607
0.629955
0.20577
0.019035
0.471114
0.370726
0.089993
0.517741
0.279904
0.087084
0.802602
0.071557
0.453242
0.465477
0.388039
0.552908
0.801192
0.906525
0.793001
0.413755
0.216945
0.224355
0.187996
0.138571
0.311135
0.480993
0.465484
0.384875
0.484354
0.804736
0.740152
0.622914