32 1
0
2
1
2
2
13
3
7
4
14
5
21
0
6
7
9
8
9
7
9
10
31
11
18
12
17
13
16
14
28
15
23
16
31
14
17
18
27
7
19
20
22
2
21
22
26
16
23
2
24
19
25
4
26
24
27
1
28
4
29
24
30
10
31
0.548115
0.910172
0.367997
0.146916
0.151572
0.275909
0.803024
0.659557
0.173152
0.635156
0.215399
0.242104
0.603535
0.984078
0.110591
0.695075
0.40881
0.088073
0.921344
0.635179
0.911687
0.987666
0.600646
0.592757
0.819757
0.44688
0.002371
0.832956
0.865004
0.938199
0.331442
0.595526
0.358132
0.051246
0.464924
0.140538
0.819956
0.081384
0.063494
0.079719
0.766302
0.070993
0.104228
0.383051
0.746501
0.637462
0.435569
0.507237
0.096031
0.271897
0.614959
0.445508
0.91485
0.870348
0.249975
0.114599
0.55432
0.897124
0.625525
0.653628
0.899625
0.38249
0.196504
0.67701
0.955221
0.681378
0.872638
0.260364
0.583436
0.144886
0.744873
0.252595
0.677603
0.371395
0.777879
0.609849
0.85689
0.427472
0.667855
0.260293
0.895093
0.448798
0.588356
0.019204
0.50623
0.924601
0.72291
0.051733
0.331935
0.952869
0.81931
0.645944
0.995795
0.783053
0.631139
0.328102
0.247033
0.453477
0.814329
0.048073
0.667262
0.634529
0.006224
0.385443
0.630817
0.504945
0.187687
0.826231
0.845616
0.85456
0.645662
0.172096
0.182207
0.864367
0.186558
0.071912
0.706844
0.758647
0.751687
0.740601
0.734655
0.875716
0.979789
0.677119
0.107927
0.957963
0.243272
0.010027