32 1
0
31
1
15
2
29
3
6
0
4
3
5
6
11
7
14
2
8
1
9
10
30
11
15
4
12
8
13
12
14
15
30
10
16
4
17
18
25
19
23
5
20
17
21
15
22
15
23
24
30
25
29
24
26
22
27
16
28
27
29
18
30
16
31
0.378042
0.131639
0.460666
0.343858
0.072999
0.801322
0.98989
0.407639
0.742733
0.298741
0.202979
0.841972
0.671117
0.42072
0.850433
0.001317
0.268439
0.345505
0.170149
0.428996
0.522816
0.332874
0.428198
0.598576
0.775655
0.433272
0.510911
0.387499
0.078938
0.083263
0.657213
0.062224
0.92696
0.877297
0.537721
0.988586
0.772108
0.099894
0.019675
0.449011
0.536444
0.878178
0.242458
0.191911
0.645981
0.798425
0.302032
0.677058
0.500434
0.56599
0.601474
0.115655
0.864582
0.347994
0.313045
0.448645
0.719974
0.76939
0.844117
0.547048
0.714864
0.53461
0.980527
0.384401
0.112667
0.060424
0.088137
0.266519
0.947803
0.97018
0.648961
0.088919
0.485847
0.727303
0.280968
0.307358
0.770669
0.842399
0.204272
0.514329
0.004111
0.020524
0.416419
0.62696
0.738313
0.260017
0.39287
0.027613
0.878969
0.204482
0.8318
0.01235
0.253073
0.604312
0.609889
0.325719
0.205082
0.301104
0.763094
0.288379
0.710043
0.663702
0.830175
0.150863
0.938887
0.532691
0.932514
0.078924
0.152279
0.412636
0.149474
0.397426
0.274096
0.646063
0.385389
0.459615
0.218279
0.399961
0.805787
0.963026
0.204003
0.366185
0.763214
0.661463
0.526623
0.572496
0.643877
0.137325