32 2
0
8
23
1
8
17
2
11
22
3
20
22
0
4
15
5
6
29
5
6
29
7
18
23
4
8
13
7
9
20
6
10
25
3
11
19
1
9
12
0
4
13
14
22
28
15
28
31
9
16
18
16
17
19
0
6
18
1
9
19
11
13
20
13
21
28
7
22
24
6
23
25
21
24
31
5
21
25
10
14
26
0
17
27
11
13
28
6
25
29
1
4
30
7
22
31
0.595246
0.881119
0.619156
0.782074
0.994298
0.430811
0.619832
0.251295
0.858479
0.38428
0.817852
0.708899
0.813103
0.550097
0.117851
0.469711
0.14191
0.521956
0.026473
0.711271
0.912778
0.547516
0.839082
0.33243
0.02941
0.023891
0.904054
0.714927
0.319556
0.295796
0.054074
0.924285
0.13077
0.378619
0.605467
0.039277
0.668298
0.359331
0.107199
0.16137
0.130193
0.839256
0.397817
0.531343
0.783657
0.971476
0.881235
0.143246
0.237577
0.202217
0.000903
0.943964
0.695159
0.930139
0.208771
0.416484
0.644033
0.467134
0.816025
0.009121
0.184757
0.626646
0.964476
0.458325
0.519668
0.554269
0.246307
0.352555
0.279746
0.112941
0.400402
0.245873
0.546311
0.872617
0.115169
0.16178
0.974025
0.536621
0.46254
0.705751
0.217298
0.93494
0.285151
0.553797
0.304415
0.438858
0.654942
0.690558
0.541825
0.04288
0.984487
0.911291
0.672786
0.070924
0.513359
0.625429
0.558855
0.784987
0.018714
0.513798
0.330358
0.213804
0.726328
0.639498
0.81137
0.568582
0.987042
0.120344
0.229661
0.726102
0.767265
0.966544
0.629644
0.72267
0.775198
0.228157
0.634799
0.8739
0.181703
0.258008
0.339754
0.43131
0.697967
0.78993
0.849018
0.51896
0.429061
0.296543
0.408889
0.877411
0.054602
0.273292
0.700871
0.763833
0.152833
0.573731
0.21924
0.481081
0.74365
0.032063
0.785092
0.616494
0.747288
0.439383
0.843122
0.360785
0.284896
0.027434
0.814876
0.762993
0.224899
0.020695
0.802677
0.035002
0.6535
0.553658
0.393118
0.639134
0.011613
0.129799
0.654437
0.213015
0.699469
0.674867
0.760282
0.042817
0.429955
0.098072
0.032421
0.81809
0.678195
0.571547
0.527342
0.266184
0.111843
0.234153
0.968523
0.245667
0.418724
0.772108
0.879095
0.313636
0.789624
0.325026
0.574965
0.24803
0.75249
0.463282
0.181051
0.91227
0.557083
0.120161
0.732446
0.371847
0.451351
0.824762
0.142948
0.14096
0.452729
0.566947
0.606549
0.455817
0.526185
0.656892
0.512583
0.185356
0.77396
0.703782
0.635271
0.35475
0.314091
0.633675
0.575394
0.084247
0.940261
0.650422
0.334109
0.930314
0.461737
0.888266
0.171808
0.999276
0.171552
0.623442
0.022959
0.62958
0.347164
0.522605
0.901401
0.835158
0.641076
0.42269
0.22176
0.13703
0.362501
0.386376
0.359189
0.180472
0.479738
0.667369
0.193734
0.263178
0.197757
0.620551
0.126625
0.673249
0.539739
0.425219
0.862878
0.598227
0.144062
0.636869
0.264506
0.457913
0.623785
0.75725