32 1
0
3
1
17
2
17
3
8
4
18
1
5
6
15
1
7
8
24
9
23
10
15
11
29
12
22
13
30
14
27
15
24
12
16
17
24
3
18
19
24
20
29
21
28
21
22
19
23
20
24
25
27
0
26
1
27
28
30
6
29
9
30
23
31
0.419697
0.561916
0.863417
0.583129
0.353593
0.339921
0.125807
0.054059
0.876133
0.089209
0.403819
0.029748
0.426794
0.700396
0.646708
0.226016
0.416397
0.912195
0.496649
0.786713
0.240614
0.497933
0.588721
0.912463
0.440791
0.544549
0.381863
0.721433
0.001478
0.10851
0.62207
0.780252
0.147386
0.669824
0.34059
0.727996
0.112718
0.358195
0.333276
0.808288
0.118722
0.946777
0.520695
0.182477
0.63944
0.501843
0.128819
0.636101
0.462041
0.810675
0.800571
0.820692
0.108179
0.894158
0.707239
0.094421
0.387449
0.014847
0.089485
0.770722
0.816035
0.563854
0.453744
0.941828
0.999993
0.111761
0.095258
0.421699
0.781024
0.109108
0.559692
0.255098
0.936259
0.871966
0.328053
0.493629
0.819377
0.242018
0.561865
0.053435
0.260823
0.385826
0.577865
0.011624
0.919669
0.359963
0.234975
0.830043
0.42661
0.364198
0.105334
0.904454
0.056075
0.114759
0.302541
0.257358
0.312504
0.748764
0.031468
0.79142
0.126586
0.597452
0.325635
0.231405
0.589563
0.896901
0.041924
0.061689
0.795355
0.048312
0.890295
0.515782
0.671686
0.809856
0.25977
0.182127
0.641632
0.999065
0.261249
0.686288
0.972014
0.860483
0.959955
0.047047
0.914306
0.069581
0.043623
0.295112