32 2
0
3
14
1
10
14
2
12
31
3
10
28
4
5
27
5
13
24
6
7
21
6
7
9
8
9
26
9
20
30
10
14
17
11
20
24
8
12
26
13
23
24
1
14
15
15
16
23
6
16
30
10
17
29
6
18
27
1
19
31
20
23
26
0
21
24
9
13
22
2
9
23
13
24
31
21
25
30
12
19
26
19
25
27
15
27
28
7
15
29
21
25
30
3
19
31
0.107497
0.68097
0.462138
0.749672
0.000931
0.455507
0.379513
0.0161
0.186242
0.397783
0.192997
0.280386
0.205941
0.598304
0.053855
0.66578
0.736277
0.803558
0.818942
0.153241
0.977333
0.395268
0.615907
0.428927
0.526774
0.82824
0.300784
0.348463
0.367408
0.248218
0.71783
0.225609
0.360517
0.745031
0.436251
0.406655
0.034518
0.281139
0.663444
0.955043
0.7859
0.805377
0.738921
0.397834
0.666075
0.670685
0.463483
0.933727
0.453331
0.526059
0.763166
0.27211
0.560936
0.833849
0.536802
0.628285
0.430219
0.025968
0.414276
0.926123
0.787948
0.895404
0.717699
0.565424
0.704564
0.593614
0.124619
0.659892
0.819297
0.995077
0.432268
0.386273
0.145628
0.087781
0.783459
0.832721
0.769636
0.534907
0.276913
0.412004
0.993393
0.56456
0.543413
0.543389
0.011912
0.922808
0.650884
0.888593
0.129836
0.693428
0.324195
0.734729
0.772671
0.673467
0.233317
0.052199
0.520326
0.001565
0.538352
0.450583
0.071954
0.203839
0.67593
0.492236
0.614314
0.634289
0.772865
0.509092
0.731089
0.722173
0.1512
0.618217
0.008297
0.646045
0.674456
0.01434
0.511423
0.074949
0.048598
0.421849
0.396727
0.714024
0.249714
0.008539
0.849647
0.234975
0.966087
0.489584
0.399592
0.486024
0.329149
0.038651
0.684061
0.415268
0.817702
0.623679
0.175523
0.669977
0.095789
0.971281
0.023964
0.97473
0.718163
0.459323
0.590733
0.059122
0.527798
0.022261
0.814022
0.957061
0.191384
0.513285
0.082595
0.516801
0.417046
0.412491
0.253821
0.249293
0.456099
0.834496
0.884057
0.865534
0.624912
0.241255
0.895725
0.657967
0.848776
0.80649
0.864598
0.797187
0.488075
0.923024
0.197908
0.012352
0.291222
0.756963
0.595103
0.643882
0.593075
0.177113
0.702945
0.872951
0.741078
0.753887
0.83228
0.107773
0.44558
0.4806
0.337867
0.515907
0.547078
0.228939
0.390961
0.874994
0.993011
0.015217
0.206464
0.21109
0.838581
0.575878
0.010705
0.044953
0.378326
0.84514
0.40573
0.199247
0.100331
0.904376
0.257503
0.631257
0.863633
0.866588
0.897332
0.581161
0.192082
0.770183
0.233408
0.527832
0.722087
0.109114
0.599496
0.63722
0.705912
0.674016
0.733911
0.383974
0.14286
0.864802
0.152722
0.603968
0.027431
0.284399
0.24748
0.333511
0.758327
0.042024
0.922373
0.365777
0.654095
0.180595
0.013504
0.876789
0.180526
0.893898
0.086028
0.709878
0.62078
0.650979
0.664452
0.178553
0.006139
0.36816
0.822514
0.233752
0.877087
0.964472