32 2
0
3
24
1
11
15
2
25
31
3
13
30
4
15
20
3
5
29
3
5
6
7
16
18
8
19
29
9
21
29
3
10
13
11
20
23
12
23
25
13
30
31
7
14
29
4
15
21
12
16
26
16
17
18
14
18
22
5
8
19
0
20
25
9
12
21
2
5
22
8
17
23
17
22
24
13
25
27
23
26
27
2
3
27
13
16
28
2
11
29
18
26
30
1
17
31
0.326023
0.973876
0.061381
0.606524
0.254602
0.080891
0.03261
0.314213
0.547483
0.582944
0.820392
0.736271
0.57857
0.497707
0.326751
0.480553
0.055345
0.188197
0.519476
0.929767
0.578681
0.836748
0.880013
0.4744
0.698358
0.806719
0.04982
0.313538
0.630016
0.589955
0.175778
0.766611
0.213611
0.783456
0.768844
0.271482
0.605654
0.752328
0.801654
0.992328
0.875723
0.575741
0.461052
0.672689
0.363614
0.175424
0.466694
0.275658
0.651396
0.637907
0.252305
0.039772
0.384096
0.901311
0.59131
0.839832
0.478852
0.977032
0.338359
0.187988
0.116191
0.53875
0.286296
0.701827
0.105774
0.234499
0.16164
0.874569
0.312797
0.600924
0.782032
0.279565
0.81362
0.714774
0.854549
0.532161
0.629838
0.738923
0.249193
0.181405
0.736526
0.322025
0.301062
0.071245
0.419412
0.679576
0.984161
0.867846
0.773485
0.122992
0.405421
0.909228
0.241683
0.269381
0.921575
0.871081
0.447941
0.051725
0.161195
0.36155
0.774015
0.802907
0.659265
0.395224
0.416386
0.927705
0.208028
0.295153
0.804476
0.416548
0.927135
0.724887
0.931889
0.094233
0.266934
0.857067
0.649666
0.171669
0.713919
0.691228
0.32109
0.526552
0.05013
0.080242
0.75649
0.579284
0.159676
0.709327
0.52365
0.808874
0.167695
0.699637
0.426932
0.682516
0.534171
0.343777
0.691136
0.027734
0.054246
0.500268
0.322643
0.787828
0.857302
0.806229
0.147984
0.031968
0.626266
0.486576
0.068329
0.997131
0.586819
0.909349
0.891978
0.110199
0.044624
0.55192
0.284327
0.088865
0.256452
0.531935
0.824436
0.824491
0.927753
0.148189
0.17277
0.230816
0.583389
0.444718
0.871599
0.58091
0.934322
0.422824
0.283707
0.780121
0.119498
0.508224
0.596349
0.330872
0.576165
0.905884
0.381316
0.81568
0.491051
0.116438
0.447416
0.820062
0.445079
0.957905
0.931769
0.480958
0.247852
0.343081
0.486344
0.67938
0.795544
0.276758
0.114483
0.666947
0.008778
0.907841
0.677419
0.743218
0.719259
0.378661
0.030948
0.502874
0.645746
0.686149
0.415133
0.099232
0.323969
0.053681
0.328988
0.746061
0.940642
0.412581
0.666403
0.293217
0.077925
0.665332
0.107666
0.440464
0.090349
0.085082
0.116645
0.829724
0.080494
0.073631
0.212731
0.71934
0.488112
0.435502
0.707484
0.370082
0.124831
0.77606
0.367825
0.112341
0.277889
0.715924
0.227438
0.987725
0.444239
0.425364
0.069343
0.117461
0.316259
0.813451
0.738091
0.550682
0.295572
0.660109
0.28496
0.192797
0.10623
0.526182