32 1
0
3
1
3
2
16
3
24
4
11
3
5
6
12
2
7
8
11
9
25
7
10
11
25
10
12
11
13
0
14
15
25
16
25
10
17
13
18
5
19
9
20
21
31
20
22
3
23
15
24
25
28
19
26
7
27
20
28
3
29
19
30
10
31
0.373124
0.930681
0.664672
0.71747
0.064513
0.104237
0.249624
0.372461
0.48543
0.878082
0.580464
0.152582
0.834066
0.793121
0.741096
0.824998
0.570529
0.606443
0.73885
0.750833
0.196051
0.254204
0.905176
0.288065
0.867006
0.627678
0.52093
0.389249
0.290543
0.873037
0.292486
0.724044
0.637715
0.723509
0.949641
0.496256
0.261812
0.817165
0.915235
0.006766
0.475843
0.058466
0.184663
0.161486
0.341504
0.73149
0.73517
0.645219
0.807513
0.718958
0.442139
0.701236
0.729162
0.064971
0.430333
0.770431
0.123698
0.299342
0.014947
0.118145
0.953504
0.052753
0.03543
0.942526
0.585734
0.505256
0.300431
0.354633
0.171969
0.41708
0.289159
0.72457
0.844535
0.960007
0.216671
0.407308
0.553194
0.441008
0.29579
0.504445
0.132089
0.464567
0.14049
0.055208
0.561564
0.178744
0.672391
0.751221
0.103934
0.158449
0.244169
0.931146
0.478689
0.383842
0.813065
0.00442
0.738745
0.858535
0.371524
0.655585
0.096819
0.515583
0.006349
0.16264
0.995533
0.298808
0.36804
0.482583
0.891835
0.494564
0.169102
0.164618
0.425295
0.515659
0.482219
0.414721
0.900059
0.983983
0.176004
0.887235
0.142304
0.442625
0.749419
0.297928
0.689211
0.450879
0.28262
0.956891