32 1
0
12
1
23
2
21
3
31
4
29
1
5
3
6
4
7
8
25
9
17
10
26
2
11
12
18
13
29
14
26
5
15
16
25
13
17
10
18
10
19
20
23
21
29
22
25
23
31
22
24
14
25
17
26
18
27
23
28
24
29
3
30
30
31
0.036861
0.422066
0.710936
0.640621
0.683496
0.005851
0.435714
0.09349
0.968613
0.826799
0.948973
0.602035
0.993002
0.690409
0.761781
0.067383
0.309477
0.653431
0.011378
0.79512
0.070944
0.392174
0.773022
0.466653
0.971082
0.549889
0.979195
0.664029
0.061598
0.172501
0.023589
0.725204
0.148211
0.218972
0.59277
0.884765
0.486521
0.646587
0.284189
0.80549
0.374153
0.129087
0.429906
0.907734
0.969843
0.015406
0.86272
0.699702
0.747436
0.235484
0.629888
0.359243
0.138846
0.465093
0.430889
0.187304
0.806399
0.204161
0.612231
0.491405
0.170971
0.233072
0.100189
0.60604
0.223614
0.16419
0.40416
0.747827
0.152211
0.455569
0.543978
0.531633
0.289313
0.567912
0.878874
0.357123
0.179413
0.321966
0.38678
0.053876
0.477143
0.623577
0.112192
0.650345
0.181119
0.2871
0.366317
0.252443
0.907846
0.61463
0.654147
0.326331
0.367547
0.027621
0.575546
0.023922
0.916056
0.858676
0.947807
0.999388
0.815658
0.569721
0.583388
0.848134
0.030275
0.336378
0.148154
0.017878
0.282844
0.333352
0.810018
0.622962
0.687793
0.65253
0.61455
0.37907
0.224321
0.616218
0.499633
0.087101
0.754932
0.278259
0.643492
0.403936
0.169214
0.127251
0.514331
0.910788