32 1
0
1
1
3
2
10
3
25
4
18
5
6
6
14
7
12
3
8
9
10
10
17
2
11
12
26
6
13
14
20
15
19
11
16
17
24
18
19
0
19
16
20
12
21
9
22
23
25
4
24
9
25
26
30
4
27
28
31
9
29
14
30
0
31
0.228766
0.55408
0.989126
0.797234
0.100571
0.551184
0.517996
0.492563
0.715938
0.735435
0.604486
0.263739
0.205728
0.105664
0.840371
0.21589
0.235244
0.187671
0.991592
0.920648
0.661721
0.387901
0.116044
0.311341
0.138258
0.920802
0.677934
0.711727
0.97311
0.95519
0.319963
0.408637
0.977724
0.618036
0.074508
0.319584
0.831454
0.501743
0.63976
0.044184
0.975833
0.308235
0.584984
0.765725
0.914554
0.234586
0.804317
0.282063
0.625744
0.035982
0.363823
0.803482
0.100778
0.500527
0.537255
0.382345
0.865666
0.694142
0.521271
0.304653
0.606159
0.907349
0.919423
0.600781
0.804534
0.197993
0.14104
0.032525
0.703226
0.675783
0.368765
0.32732
0.949635
0.234888
0.299125
0.984078
0.745047
0.11451
0.644279
0.963865
0.205844
0.342309
0.328715
0.864457
0.822267
0.189317
0.334589
0.863848
0.436214
0.314052
0.669971
0.448927
0.321059
0.892682
0.44307
0.471312
0.086754
0.953336
0.839076
0.498682
0.09681
0.180862
0.62524
0.807185
0.701095
0.238333
0.109114
0.425311
0.659098
0.866381
0.969872
0.855605
0.361312
0.248695
0.981389
0.926727
0.605305
0.722421
0.046213
0.776912
0.901965
0.684237
0.569668
0.420718
0.273522
0.230988
0.111102
0.486836