32 1
0
23
1
25
2
14
3
26
4
9
5
17
6
29
5
7
8
22
9
19
10
28
11
14
12
18
13
14
8
14
15
27
16
22
2
17
13
18
19
28
20
27
4
21
18
22
15
23
13
24
16
25
9
26
27
29
10
28
21
29
23
30
5
31
0.186438
0.296209
0.353352
0.368034
0.143309
0.484145
0.977649
0.24026
0.987775
0.528228
0.576681
0.755212
0.593661
0.560411
0.577476
0.575225
0.088545
0.193406
0.459105
0.180918
0.859352
0.512918
0.825869
0.168445
0.643336
0.155583
0.688444
0.367459
0.961816
0.627104
0.727091
0.077722
0.704626
0.324186
0.229906
0.264983
0.060229
0.904388
0.242478
0.944569
0.515846
0.063282
0.294938
0.93792
0.883007
0.411494
0.35648
0.985457
0.722377
0.387008
0.660469
0.153854
0.064918
0.869684
0.448564
0.15757
0.046997
0.751607
0.49537
0.052184
0.681777
0.514248
0.792737
0.74513
0.073165
0.576784
0.159202
0.644795
0.711737
0.879701
0.023997
0.516278
0.155781
0.821834
0.414814
0.685399
0.220728
0.703301
0.652908
0.148433
0.843077
0.894172
0.507231
0.824968
0.253007
0.155924
0.852557
0.795366
0.297113
0.688072
0.064159
0.087562
0.589406
0.556651
0.618268
0.751514
0.569985
0.289122
0.367972
0.210076
0.566199
0.679356
0.093925
0.797976
0.04811
0.791359
0.73683
0.480113
0.347784
0.183318
0.407364
0.167728
0.384887
0.843052
0.596558
0.61737
0.579486
0.22516
0.570042
0.055426
0.094889
0.8427
0.391741
0.523095
0.793114
0.080183
0.547526
0.114444