32 1
0
1
1
2
2
28
3
18
4
24
5
28
6
25
7
19
8
11
0
9
10
22
6
11
12
21
10
13
12
14
15
24
16
21
2
17
17
18
18
19
5
20
17
21
10
22
12
23
6
24
12
25
0
26
15
27
26
28
19
29
26
30
1
31
0.966892
0.698753
0.037029
0.992126
0.270235
0.840814
0.939369
0.357926
0.579092
0.688856
0.857559
0.399732
0.193723
0.327403
0.975192
0.614295
0.17239
0.26689
0.393009
0.872504
0.665465
0.277928
0.971228
0.83421
0.335649
0.983882
0.631748
0.544303
0.418201
0.636801
0.572949
0.548658
0.728688
0.422277
0.320828
0.721643
0.442749
0.488653
0.011743
0.681776
0.300637
0.712095
0.134537
0.692456
0.383048
0.472641
0.957567
0.210168
0.220991
0.03125
0.045855
0.995086
0.473455
0.918513
0.617818
0.021794
0.528602
0.113697
0.889485
0.648393
0.190206
0.801213
0.9968
0.080556
0.22497
0.381054
0.818551
0.106594
0.379724
0.085737
0.118644
0.958831
0.543343
0.867962
0.532035
0.333375
0.921582
0.865101
0.301907
0.702865
0.849928
0.253504
0.616801
0.729487
0.279767
0.484806
0.179511
0.507351
0.853052
0.541551
0.611342
0.837484
0.937952
0.412179
0.29532
0.744803
0.188018
0.618071
0.325406
0.291903
0.368641
0.89417
0.543687
0.469426
0.170081
0.337706
0.02298
0.277637
0.929267
0.70611
0.975918
0.755193
0.63246
0.152674
0.190025
0.367676
0.399905
0.244857
0.315314
0.512581
0.03336
0.412458
0.028437
0.691462
0.355812
0.871242
0.811501
0.515244