128 8
0
3
5
16
29
54
81
83
91
1
17
29
40
62
69
91
105
114
2
18
25
27
37
38
47
64
78
3
4
14
20
50
65
71
72
73
4
11
18
29
42
63
73
79
105
5
14
25
37
42
51
101
112
123
6
10
31
39
44
79
85
86
119
2
7
14
26
37
78
79
92
121
8
17
62
75
87
93
97
107
125
4
9
13
15
36
81
90
93
109
1
10
31
35
57
61
88
101
124
7
11
18
28
31
64
107
116
124
5
12
26
39
40
42
44
94
109
0
6
13
27
35
85
103
111
120
14
19
76
97
98
99
100
103
110
8
15
23
52
56
58
70
84
108
0
13
16
45
72
77
103
113
118
17
29
36
46
49
64
82
96
99
8
15
18
37
50
66
74
77
101
10
17
19
27
42
70
106
110
114
17
20
37
43
64
77
92
98
101
9
10
12
21
33
68
69
110
114
22
45
62
73
78
82
87
98
115
23
45
46
55
61
89
102
110
111
0
24
66
84
109
110
112
115
116
0
11
24
25
63
64
78
112
126
7
8
13
26
42
54
88
96
107
1
2
27
66
86
90
92
114
116
5
8
17
22
26
28
64
65
113
15
21
29
31
51
58
80
89
97
30
62
63
68
93
97
99
117
118
4
12
31
44
65
67
77
79
119
1
3
32
48
72
88
93
114
124
4
25
33
60
66
69
101
102
123
0
19
34
59
68
72
82
125
126
3
18
25
31
35
37
54
57
85
34
36
70
80
102
106
112
115
120
6
17
31
37
79
81
83
97
104
32
36
38
64
67
83
92
102
115
19
27
37
39
51
61
79
119
125
17
30
32
35
37
40
69
71
120
19
38
41
48
49
53
69
107
108
5
11
13
25
31
42
53
87
108
0
9
43
75
94
98
106
108
124
28
44
65
82
86
91
112
122
125
13
14
18
26
45
67
88
100
109
29
30
34
46
50
78
82
88
103
4
7
13
35
46
47
55
113
118
7
48
69
70
80
81
96
102
126
0
6
9
10
16
42
49
74
91
20
33
50
52
56
69
88
102
114
48
50
51
63
66
68
76
107
112
29
51
52
54
79
86
103
107
121
24
33
50
53
66
67
86
92
105
3
8
35
54
61
69
93
107
127
7
16
55
69
91
105
111
123
125
27
48
55
56
61
66
70
88
96
25
26
30
34
57
65
71
112
121
23
33
37
43
49
56
58
65
70
7
9
39
42
59
68
85
98
99
28
30
52
56
60
65
71
103
126
3
61
80
89
91
94
96
102
108
41
44
54
62
92
100
105
106
111
11
36
39
63
82
87
92
94
117
27
34
44
64
67
76
103
107
109
2
6
31
39
46
59
65
78
84
13
21
47
49
52
66
78
110
117
2
19
29
30
67
69
87
95
126
17
21
33
39
44
51
65
68
88
16
30
34
52
57
58
69
78
122
35
36
58
65
70
92
106
112
127
24
39
41
68
71
96
101
116
118
34
37
40
59
72
73
82
83
85
12
20
24
27
47
73
98
100
126
4
10
19
48
57
69
74
104
120
8
15
25
49
57
75
78
93
125
6
12
50
71
76
90
107
117
125
21
23
43
68
77
80
92
101
116
9
10
46
78
80
84
113
114
120
11
12
14
40
55
57
79
85
96
2
7
23
28
59
65
76
80
116
5
42
49
67
78
81
86
116
127
31
32
41
43
51
82
106
111
117
23
32
83
87
88
89
99
105
116
16
48
66
84
97
107
109
112
118
19
44
58
59
82
85
97
114
117
22
44
45
49
55
71
73
86
108
5
18
24
27
35
45
58
87
89
6
24
51
56
79
88
105
114
127
10
25
26
42
80
89
96
107
114
1
17
18
41
53
70
81
90
95
0
9
16
24
41
46
59
66
91
10
29
61
64
67
78
92
121
124
15
29
65
82
93
98
105
115
117
4
10
52
53
59
60
75
94
113
10
17
29
41
85
90
95
115
117
7
17
27
43
45
82
87
96
115
5
28
32
34
43
51
92
97
118
30
37
39
47
55
59
81
98
101
5
19
23
40
42
74
90
99
116
6
8
9
81
100
104
110
112
125
2
17
45
66
72
101
109
114
124
32
47
72
95
102
109
115
119
121
21
27
59
77
100
103
104
109
113
10
29
78
104
111
115
117
121
123
11
23
57
59
60
93
105
111
124
5
11
21
46
47
95
106
113
120
17
33
42
47
50
78
97
107
122
17
20
27
32
45
68
83
108
123
25
39
44
53
59
62
66
81
109
18
21
43
48
83
106
110
115
117
1
25
33
60
86
97
104
111
118
11
40
71
74
79
83
91
112
113
0
16
22
23
30
35
50
94
113
19
33
36
45
67
87
97
110
114
13
60
81
105
108
115
116
118
125
12
17
29
53
91
92
101
103
116
7
13
37
61
76
77
84
108
117
29
43
50
70
92
94
106
118
125
0
1
4
9
11
69
75
102
119
26
47
61
63
83
105
113
120
121
26
33
39
52
57
65
83
92
121
24
37
67
69
90
111
117
122
127
37
58
59
62
68
78
91
100
123
8
9
67
72
78
98
117
124
126
2
13
23
25
72
89
104
108
125
18
23
28
38
69
89
91
104
126
14
48
60
72
85
99
114
116
127
0.492016
0.632315
0.811188
0.973136
0.864652
0.683113
0.506193
0.709602
0.594551
0.537304
0.416116
0.419467
0.655695
0.365349
0.505038
0.291314
0.706043
0.472446
0.623108
0.747967
0.741374
0.701794
0.02913
0.229578
0.051042
0.033211
0.287467
0.068161
0.528235
0.092334
0.094506
0.912611
0.703369
0.37042
0.615799
0.832028
0.557438
0.674207
0.188422
0.617719
0.446149
0.68362
0.106333
0.285953
0.585434
0.577424
0.171473
0.77674
0.244553
0.85764
0.561289
0.942861
0.77754
0.665511
0.340732
0.5608
0.815883
0.178994
0.914082
0.428666
0.607731
0.034234
0.119163
0.965337
0.411029
0.599121
0.897015
0.604387
0.633091
0.765499
0.994688
0.876561
0.585359
0.053159
0.424447
0.025092
0.962977
0.750489
0.849266
0.244143
0.36059
0.171968
0.860066
0.667297
0.171686
0.741671
0.847596
0.518267
0.376581
0.213292
0.165667
0.530539
0.583469
0.011494
0.720908
0.944199
0.417778
0.420379
0.179665
0.876717
0.330965
0.768835
0.498239
0.391305
0.050063
0.647789
0.093825
0.650302
0.168131
0.833518
0.272032
0.068518
0.101218
0.876452
0.055139
0.014741
0.080043
0.92941
0.717084
0.905352
0.089008
0.67734
0.308872
0.961946
0.584759
0.841422
0.431652
0.217075
0.212888
0.872256
0.490186
0.089978
0.212582
0.046202
0.414211
0.701929
0.201361
0.545857
0.522142
0.803425
0.128514
0.467312
0.038942
0.460724
0.995935
0.011335
0.523539
0.092202
0.402604
0.86019
0.998837
0.97694
0.350909
0.210891
0.314515
0.497932
0.626846
0.051029
0.289076
0.221689
0.767824
0.49008
0.593779
0.57317
0.14448
0.693792
0.038426
0.140656
0.132222
0.422835
0.314379
0.371372
0.087662
0.631156
0.193929
0.430164
0.225887
0.583324
0.895618
0.592005
0.736652
0.893103
0.229305
0.116034
0.608149
0.556091
0.648599
0.654405
0.146085
0.700681
0.94693
0.647219
0.523723
0.666048
0.00172
0.192531
0.774622
0.48482
0.640441
0.30856
0.172299
0.259163
0.229811
0.174165
0.855899
0.762393
0.05778
0.521262
0.022264
0.575546
0.553692
0.845417
0.560195
0.664804
0.406375
0.040348
0.263431
0.079694
0.751674
0.422284
0.135974
0.534833
0.928683
0.316093
0.37449
0.066849
0.100165
0.649223
0.507545
0.565113
0.870639
0.418925
0.307832
0.126159
0.462721
0.974718
0.042032
0.689164
0.834793
0.935223
0.607644
0.52207
0.960004
0.421738
0.832873
0.346717
0.266581
0.165702
0.403121
0.882186
0.50948
0.775189
0.883722
0.982806
0.776916
0.162635
0.889565
0.919026
0.198746
0.199368
0.727723
0.519851
0.895241
0.410662
0.219639
0.405225
0.996253
0.29566
0.170304
0.333903
0.54788
0.250013
0.486225
0.137437
0.299024
0.544491
0.739684
0.072989
0.98177
0.965997
0.04224
0.295034
0.195533
0.287876
0.043926
0.276674
0.565869
0.590796
0.995157
0.920947
0.808023
0.543816
0.445278
0.269383
0.267706
0.252218
0.427955
0.252285
0.222745
0.961487
0.287703
0.851734
0.5049
0.965727
0.263993
0.194615
0.370367
0.96586
0.505926
0.172005
0.549367
0.253109
0.256457
0.846303
0.858647
0.744453
0.743474
0.060666
0.656633
0.046242
0.575941
0.462881
0.336553
0.778279
0.959382
0.176767
0.555583
0.113134
0.656547
0.161046
0.705365
0.975093
0.589036
0.935214
0.942641
0.926137
0.768068
0.291743
0.740344
0.752977
0.121811
0.626364
0.278451
0.076609
0.59448
0.431021
0.377782
0.029678
0.821382
0.571967
0.4766
0.885195
0.756307
0.335622
0.77712
0.11394
0.791511
0.292467
0.381127
0.912347
0.564078
0.170852
0.117786
0.036849
0.87833
0.742234
0.80106
0.64068
0.507436
0.159436
0.607111
0.661003
0.336723
0.142604
0.575493
0.208211
0.480198
0.48634
0.216368
0.880437
0.204901
0.529447
0.87095
0.023987
0.993378
0.260755
0.234006
0.182529
0.036748
0.828372
0.663114
0.400815
0.136659
0.913193
0.77084
0.41047
0.023706
0.122787
0.592193
0.302793
0.052552
0.807063
0.602111
0.865879
0.717381
0.94009
0.122456
0.912081
0.010851
0.051699
0.258419
0.290503
0.518503
0.459694
0.657016
0.911391
0.215421
0.16421
0.467079
0.364825
0.730675
0.884982
0.91393
0.71296
0.564078
0.822755
0.805613
0.861075
0.902408
0.399122
0.196971
0.257932
0.748024
0.796261
0.294385
0.632259
0.402269
0.828799
0.021493
0.631999
0.268058
0.368291
0.298635
0.245891
0.841667
0.018087
0.356507
0.554234
0.16536
0.418893
0.602076
0.974938
0.541363
0.778512
0.99774
0.32712
0.902327
0.237167
0.760038
0.039977
0.408914
0.015996
0.623994
0.254314
0.179957
0.398219
0.593343
0.785717
0.765758
0.257
0.431352
0.746201
0.246321
0.471627
0.34214
0.872014
0.166812
0.285398
0.297907
0.212044
0.816006
0.292244
0.337645
0.413483
0.827921
0.451409
0.257052
0.944228
0.450816
0.696725
0.454944
0.974384
0.128359
0.875589
0.768713
0.65853
0.788414
0.228796
0.789777
0.39186
0.446422
0.581071
0.883422
0.611113
0.297856
0.284486
0.581177
0.859826
0.126976
0.020615
0.82764
0.146405
0.401882
0.983465
0.557293
0.189485
0.772689
0.149123
0.880068
0.262243
0.136668
0.269886
0.036475
0.433894
0.903996
0.928472
0.348017
0.223526
0.139963
0.259767
0.893843
0.551255
0.635834
0.985468
0.351511
0.147008
0.237973
0.565133
0.911005
0.705439
0.156709
0.378487
0.844651
0.246493
0.291022
0.02328
0.646252
0.846389
0.711866
0.615806
0.275974
0.308306
0.767878
0.430747
0.491846
0.936962
0.152883
0.922612
0.909363
0.040066
0.143545
0.246048
0.031127
0.477813
0.636683
0.225626
0.946222
0.010172
0.913493
0.483545
0.627359
0.690629
0.278237
0.80241
0.116127
0.267392
0.312229
0.496856
0.69489
0.150758
0.494645
0.809281
0.24397
0.160825
0.686527
0.275271
0.750107
0.216929
0.411846
0.36207
0.380749
0.984399
0.907617
0.524158
0.204924
0.967205
0.609421
0.520747
0.585082
0.307043
0.476497
0.199241
0.016324
0.961447
0.73895
0.525779
0.544796
0.112021
0.266036
0.913009
0.185332
0.803076
0.695857
0.270211
0.240139
0.551797
0.497094
0.913376
0.898977
0.105721
0.225573
0.9401
0.435854
0.24494
0.203792
0.209351
0.274026
0.674592
0.576437
0.317207
0.524915
0.888751
0.99204
0.558194
0.57996
0.655569
0.858693
0.944995
0.262869
0.199779
0.530687
0.210597
0.588761
0.487498
0.546168
0.901633
0.463021
0.29856
0.346641
0.384344
0.621518
0.565017
0.708142
0.769116
0.376011
0.588354
0.553133
0.273505
0.49998
0.03348
0.906051
0.664759
0.831852
0.455256
0.549428
0.815976
0.126146
0.26355
0.759254
0.688752
0.265674
0.164818
0.282968
0.142959
0.758484
0.432963
0.1991
0.474798
0.893569
0.136315
0.685184
0.168787
0.876597
0.004795
0.281606
0.276733
0.866765
0.707114
0.657429
0.824981
0.142447
0.506616
0.342236
0.706973
0.144249
0.471662
0.468414
0.134379
0.765039
0.576412
0.064648
0.368248
0.324149
0.649481
0.523937
0.06586
0.23544
0.557268
0.26508
0.305995
0.562606
0.915418
0.763102
0.331435
0.684596
0.31356
0.311576
0.137249
0.095277
0.10302
0.857982
0.039593
0.694182
0.869496
0.194548
0.254487
0.899466
0.486191
0.729714
0.587957
0.686705
0.028019
0.854877
0.439687
0.646036
0.629889
0.43023
0.206603
0.054796
0.987697
0.052715
0.751506
0.806224
0.240647
0.799424
0.071855
0.064412
0.470263
0.477643
0.472227
0.82943
0.583942
0.287032
0.25868
0.043896
0.297206
0.121383
0.563195
0.365465
0.371772
0.106531
0.966937
0.678119
0.387728
0.80534
0.959488
0.298284
0.692189
0.538046
0.981849
0.483236
0.779299
0.493289
0.497906
0.38441
0.255755
0.146022
0.937722
0.622405
0.706629
0.773271
0.192786
0.102122
0.885913
0.077
0.310645
0.789651
0.354433
0.408739
0.248564
0.909825
0.294259
0.6708
0.86644
0.066879
0.636455
0.835543
0.679497
0.170138
0.844125
0.877736
0.598219
0.844312
0.402389
0.208293
0.373082
0.252809
0.099833
0.303231
0.289157
0.890845
0.724096
0.673324
0.556207
0.759583
0.774252
0.966679
0.308719
0.61167
0.878943
0.020303
0.272488
0.832445
0.409165
0.461123
0.795961
0.607992
0.338492
0.64032
0.5006
0.696945
0.998047
0.567769
0.030335
0.871216
0.681659
0.963333
0.910249
0.571475
0.033452
0.188982
0.624405
0.790333
0.714091
0.779019
0.554882
0.283043
0.980358
0.194578
0.491625
0.353135
0.618551
0.882202
0.51568
0.27274
0.041192
0.786559
0.133691
0.813773
0.311456
0.156688
0.446248
0.113067
0.02792
0.775012
0.451545
0.613487
0.759695
0.645619
0.120655
0.775514
0.645474
0.378078
0.734733
0.898848
0.976153
0.951155
0.584113
0.40938
0.92982
0.326442
0.737024
0.716917
0.813378
0.190573
0.529783
0.012002
0.048738
0.958673
0.793309
0.661602
0.535551
0.454298
0.385822
0.533204
0.607726
0.658585
0.62094
0.373866
0.961872
0.667493
0.768021
0.581447
0.889154
0.56917
0.055357
0.710628
0.484495
0.996345
0.048759
0.170052
0.621278
0.827252
0.271936
0.800065
0.159913
0.377408
0.37374
0.618794
0.864113
0.662279
0.525251
0.295078
0.634032
0.553995
0.723284
0.457339
0.89762
0.914441
0.962281
0.827123
0.476884
0.652401
0.333379
0.534399
0.488949
0.229895
0.377503
0.098787
0.589476
0.950965
0.730234
0.597437
0.170147
0.147773
0.774279
0.343469
0.195946
0.915023
0.692346
0.805654
0.563885
0.794063
0.70248
0.165688
0.374584
0.380194
0.030452
0.513615
0.07834
0.664949
0.039077
0.733176
0.758709
0.033722
0.955983
0.085509
0.714413
0.829936
0.270689
0.844483
0.545469
0.457525
0.997836
0.878989
0.361387
0.12019
0.104164
0.311536
0.318043
0.97277
0.885506
0.988296
0.36941
0.905207
0.784685
0.77819
0.316472
0.191758
0.038564
0.298034
0.814364
0.909419
0.966874
0.18998
0.88583
0.171439
0.824221
0.091224
0.335532
0.963234
0.856677
0.627625
0.21976
0.267313
0.653528
0.738184
0.321025
0.071543
0.539993
0.02813
0.969447
0.715097
0.474991
0.256306
0.563544
0.631046
0.148244
0.60127
0.697298
0.32568
0.531153
0.940583
0.457646
0.645625
0.772826
0.354827
0.594674
0.735274
0.900334
0.088336
0.868169
0.083447
0.109016
0.681642
0.542165
0.758962
0.34535
0.933741
0.767969
0.888896
0.56003
0.322648
0.647701
0.697373
0.315347
0.7171
0.731021
0.652418
0.612834
0.915476
0.011584
0.892706
0.103946
0.407506
0.260135
0.448742
0.503941
0.104791
0.962544
0.934847
0.320645
0.693864
0.354109
0.668156
0.351925
0.301368
0.962076
0.759462
0.805553
0.69741
0.015394
0.238258
0.864522
0.549503
0.223407
0.184001
0.392734
0.475951
0.851334
0.067691
0.447043
0.690686
0.465796
0.006722
0.864756
0.21921
0.958896
0.03902
0.194369
0.711556
0.908498
0.637599
0.287466
0.007048
0.544184
0.92968
0.393166
0.455859
0.983026
0.576379
0.511514
0.407979
0.116247
0.021624
0.957929
0.684546
0.910254
0.495973
0.806106
0.512934
0.098253
0.499309
0.256989
0.593603
0.521474
0.66281
0.787496
0.292587
0.137816
0.249228
0.462288
0.617374
0.666102
0.675266
0.110943
0.646849
0.345741
0.222679
0.753185
0.613975
0.182959
0.847342
0.592834
0.162019
0.853749
0.416571
0.060747
0.675283
0.684081
0.233882
0.545526
0.342447
0.731442
0.760624
0.324198
0.114412
0.561963
0.728907
0.486529
0.384586
0.069623
0.247302
0.664497
0.672614
0.591219
0.395077
0.337755
0.093782
0.342731
0.643323
0.648631
0.971501
0.801907
0.073509
0.987996
0.976729
0.159824
0.57739
0.748699
0.276747
0.480336
0.913227
0.219644
0.953352
0.356837
0.918237
0.43361
0.587596
0.713409
0.299606
0.505099
0.859515
0.963448
0.717713
0.923456
0.780519
0.684668
0.278024
0.730584
0.225137
0.767226
0.907501
0.77528
0.129222
0.151816
0.09093
0.124466
0.149895
0.453812
0.498237
0.336859
0.345059
0.092462
0.055847
0.081257
0.557318
0.576231
0.270458
0.87883
0.671568
0.75549
0.022784
0.821016
0.482944
0.909124
0.023514
0.201188
0.939122
0.178849
0.449933
0.76325
0.323253
0.76535
0.127415
0.834876
0.322035
0.807943
0.880268
0.4081
0.51804
0.963414
0.287694
0.792122
0.389785
0.000625
0.095192
0.391819
0.750912
0.289441
0.842671
0.144654
0.334971
0.574137
0.999995
0.44498
0.391077
0.135291
0.980299
0.452344
0.02575
0.830188
0.810744
0.605299
0.577993
0.541106
0.603655
0.371215
0.035617
0.319177
0.676268
0.475661
0.775623
0.155281
0.078749
0.235932
0.336664
0.344989
0.696246
0.502618
0.747001
0.504499
0.525035
0.517565
0.777264
0.039753
0.777314
0.458776
0.559133
0.173588
0.133907
0.499214
0.813333
0.440349
0.633261
0.58208
0.080857
0.562392
0.018451
0.407332
0.873773
0.806879
0.387608
0.561104
0.547099
0.228772
0.750928
0.744406
0.809391
0.382583
0.971399
0.605383
0.745733
0.423834
0.203398
0.474332
0.634412
0.37408
0.29305
0.037676
0.524476
0.152477
0.833402
0.275238
0.54252
0.565661
0.292086
0.394798
0.441278
0.132021
0.639155
0.729845
0.02175
0.253121
0.345071
0.066814
0.750184
0.944487
0.715193
0.283236
0.861438
0.869591
0.644882
0.637406
0.940621
0.422751
0.674714
0.136985
0.415672
0.842861
0.595845
0.571655
0.337364
0.890516
0.431935
0.360284
0.939695
0.546229
0.102273
0.789342
0.869026
0.373763
0.95739
0.505918
0.054725
0.177813
0.213131
0.751966
0.248111
0.166319
0.982007
0.078297
0.214073
0.349191
0.438333
0.697917
0.481157
0.552579
0.21139
0.958636
0.331851
0.908016
0.70029
0.201958
0.249812
0.666887
0.481672
0.483109
0.89147
0.762016
0.116996
0.07
0.640885
0.661115
0.293751
0.692905
0.595636
0.140946
0.04514
0.716912
0.593309
0.262488
0.800638
0.047281
0.746185
0.841675
0.064119
0.89656
0.823965
0.493118
0.591241
0.481712
0.672576
0.733858
0.980735
0.779961
0.392542
0.504514
0.647015
0.362903
0.487068
0.449749
0.882505
0.364025
0.075588
0.840719
0.013126
0.760075
0.439899
0.098428
0.804073
0.63736
0.662818
0.252424
0.864554
0.893327
0.129787
0.671782
0.288243
0.251085
0.915898
0.287286
0.203326
0.703674
0.877391
0.400884
0.161649
0.307275
0.039953
0.654985
0.213493
0.035232
0.998723
0.49689
0.704796
0.837457
0.825713
0.186063
0.589098
0.452346
0.419202
0.219125
0.173955
0.774546
0.156892
0.705501
0.157616
0.471812
0.273909
0.640669
0.827859
0.473093
0.000213
0.117205
0.336543
0.331794
0.857011
0.718924
0.222144
0.40659
0.04825
0.009742
0.12775
0.446073
0.455199
0.667611
0.299758
0.413782
0.633458
0.72043
0.126937
0.889978
0.829515
0.231776
0.27896
0.731429
0.510068
0.62203
0.703176
0.254028
0.644585
0.375948
0.926998
0.046331
0.043051
0.11951
0.516045
0.43775
0.965715
0.713765
0.919059
0.937336
0.153983
0.976134
0.680126
0.781653
0.395102
0.131605
0.643935
0.107942
0.742757
0.392116
0.447499
0.533021
0.407558
0.650043
0.261836
0.925374
0.954065
0.704669
0.770453
0.686722
0.081864
0.970061
0.225389
0.962483
0.827323
0.9894
0.53449
0.7511
0.731403
0.059369
0.244305
0.842243
0.759641
0.930325
0.189339
0.482769
0.650675
0.287544
0.655602
0.680368
0.517661
0.504093
0.535793
0.742827
0.059266
0.747766
0.041073
0.107833
0.092717
0.341678
0.942879
0.229263
0.864971
0.72148
0.781269
0.074028
0.037675
0.824313
0.051852
0.461997
0.415032
0.056819
0.487554
0.269437
0.884094
0.185507
0.976649
0.36288
0.85245
0.106009
0.954529
0.257069
0.309852
0.234911
0.241884
0.87305
0.040101
0.887717
0.82331
0.493296
0.955551
0.279763
0.090883
0.609776
0.060793
0.82513
0.485489
0.065487
0.467451
0.21624
0.773183
0.900298
0.823398
0.211138
0.136628
0.594228
0.501039
0.896557
0.154187
0.001668
0.194561
0.156609
0.851453
0.031651
0.149355
0.144783
0.810465
0.255351
0.13687
0.398286
0.47448
0.009802
0.249601
0.664868
0.459472
0.646868
0.74586
0.711725
0.516208
0.70146
0.051989
0.402107
0.733177
0.301968
0.610521
0.459455
0.850699
0.936326
0.182596
0.42856
0.653816
0.856599
0.558792
0.593854
0.726433
0.985807
0.972424
0.762044
0.314936
0.867251
0.468307
0.84162
0.419492
0.038558
0.683215
0.949045
0.960486
0.94476
0.005131
0.654199
0.95133
0.702051
0.051621
0.162776
0.951876
0.754651
0.34266
0.856709
0.803669
0.64991
0.866646
0.867952
0.566363
0.194854
0.942866
0.671609
0.83977
0.612212
0.838765
0.790157
0.14753
0.718198
0.579394
0.426321
0.765317
0.947033
0.083985
0.133544
0.756457
0.022346
0.192551
0.419549
0.244813
0.281509
0.460566
0.160701
0.393258
0.579805
0.060899
0.302657
0.980624
0.104926
0.026695
0.511625
0.761362
0.538526
0.317539
0.935916
0.321474
0.833847
0.656392
0.98758
0.784614
0.851317
0.264723
0.596336
0.257676
0.923726
0.544625
0.488047
0.134274
0.933909
0.882081
0.4987
0.264186
0.601375
0.911159
0.241115
0.246287
0.32573
0.259611
0.23803
0.716303
0.794889
0.727609
0.863418
0.981632
0.646878
0.401505
0.235881
0.013252
0.488053
0.534685
0.061298
0.651302
0.551385
0.174228
0.311038
0.495594
0.15056
0.050452
0.520887
0.689578
0.249726
0.471736
0.186829
0.853735
0.898137
0.946361
0.60459
0.020092
0.932566
0.370075
0.82814
0.998302
0.102543
0.469125
0.00642
0.880835
0.524002
0.52999
0.453155
0.06741
0.173979
0.238035
0.924894
0.412762
0.158951
0.402349
0.567419
0.542964
0.277932
0.975742
0.514838
0.508191
0.971552
0.386188
0.434765
0.707253
0.765517
0.310314
0.369573
0.496027
0.118597
0.16777
0.779627
0.171534
0.053851
0.202742
0.146088
0.92997
0.337283
0.809743
0.749367
0.419774
0.531217
0.215283
0.198258
0.295554
0.373868
0.522579
0.715196
0.841068
0.214307
0.730618
0.912769
0.698814
0.810601
0.640354
0.725985
0.359468
0.711309
0.086898
0.956178
0.358384
0.901285
0.829637
0.498346
0.334796
0.354598
0.264994
0.644057
0.289497
0.100048
0.990577
0.940324
0.532671
0.030001
0.773629
0.864234
0.892508
0.548113
0.41461
0.372465
0.378768
0.991376
0.014256
0.492975
0.100102
0.692058
0.54947
0.487188
0.088243
0.328826
0.457775
0.113446
0.0557
0.944621
0.163589
0.309689
0.798659
0.228264
0.880022
0.206048
0.810366
0.374065
0.275044
0.345467
0.949731
0.099699
0.757586
0.775918
0.642456
0.899975
0.243181
0.337144
0.741062
0.985881
0.263306
0.318602
0.657794
0.127345
0.33912
0.857389
0.344423
0.633685
0.00612
0.620851
0.895858
0.910931
0.907309
0.61987
0.721098
0.745731
0.508245
0.922609
0.404194
0.477968
0.721052
0.230889
0.670318
0.961123
0.301935
0.798001
0.231892
0.609042
0.407361
0.372358
0.699921
0.365429
0.636945
0.104546
0.941462
0.538488
0.273683
0.460741
0.281234
0.772112
0.854169
0.014551
0.695693
0.08901
0.036646
0.197167
0.357221
0.059475
0.904785
0.931806
0.728585
0.520353
0.575741
0.690293
0.576196
0.678453
0.640002
0.57803
0.778886
0.20363
0.89331
0.532474
0.660651
0.981342
0.560964
0.906201
0.214559
0.82157
0.786447
0.753765
0.100114
0.787982
0.039448
0.904616
0.992396
0.361516
0.856402
0.673065
0.207735
0.178358
0.946862
0.536489
0.810353
0.129325
0.237522
0.74054
0.661482
0.577993
0.029998
0.848763
0.831825
0.020611
0.894687
0.381711
0.722797
0.004419
0.357282
0.597302
0.428526
0.379959
0.870159
0.109329
0.337667
0.489395
0.960183
0.346494
0.044775
0.035135
0.78165
0.151656
0.128428
0.47669
0.912635
0.169119
0.012201
0.876332
0.948834
0.368903
0.932135
0.412717
0.229307
0.375926
0.097
0.95353
0.3485
0.595488
0.606027
0.45198
0.054339
0.42937
0.890463
0.311815
0.106209
0.787333
0.226421
0.929096
0.529478
0.002658
0.099935
0.322333
0.56478
0.103885
0.575997
0.23086
0.716771
0.292677
0.690273
0.294922
0.069575
0.375526
0.816104
0.624211
0.179244
0.573384
0.912969
0.213097
0.990291
0.164015
0.719053
0.559746
0.604678
0.417297
0.994811
0.282695
0.028929
0.9917
0.754879
0.992607
0.035583
0.647807
0.415123
0.216891
0.219982
0.755983
0.002087
0.669927
0.93487
0.790738
0.451336
0.867465
0.028129
0.32133
0.25705
0.090264
0.965662
0.489351
0.624172
0.239471
0.917089
0.788839
0.805597
0.73536
0.525812
0.936413
0.696722
0.831824
0.320608
0.373974
0.026946
0.356141
0.076145
0.400232
0.072175
0.128108
0.350954
0.417337
0.332888
0.947403
0.422247
0.094894
0.912565
0.480818
0.760423
0.43648
0.67082
0.158481
0.901034
0.603492
0.317714
0.333955
0.962761
0.784973
0.872082
0.760021
0.830245
0.829081
0.585114
0.15827
0.292699
0.405124
0.547149
0.970053
0.882652
0.030333
0.924298
0.953445
0.949587
0.689424
0.389128
0.61203
0.114433
0.052277
0.304797
0.467023
0.159688
0.292866
0.248783
0.808038
0.94648
0.532472
0.294606
0.838008
0.349959
0.637539
0.527412
0.340562
0.582348
0.109887
0.179403
0.739918
0.27835
0.167484
0.082194
0.622348
0.320059
0.966816
0.11173
0.513793
0.721132
0.455852
0.455032
0.545689
0.558451
0.406659
0.397822
0.028172
0.150918
0.064665
0.722
0.748819
0.716928
0.652433
0.075027
0.707149
0.089327
0.273687
0.20952
0.750707
0.732475
0.389177
0.03327
0.08819
0.62937
0.644402
0.349944
0.981827
0.568782
0.55523
0.273689
0.906597
0.346515
0.673086
0.885716
0.369073
0.554743
0.315892
0.134364
0.725397
0.143983
0.799236
0.515533
0.321203
0.989659
0.092373
0.829171
0.701133
0.798388
0.096524
0.830138
0.552343
0.99395
0.234161
0.731348
0.05515
0.909391
0.393516
0.197335
0.234467
0.437124
0.588588
0.785695
0.973564
0.142496
0.994964
0.074106
0.962719
0.29158
0.510828
0.270937
0.061594
0.874743
0.495386
0.496648
0.146943
0.069307
0.280145
0.306404
0.881461
0.082134
0.217551
0.384674
0.86405
0.748678
0.118131
0.50564
0.069882
0.114241
0.493282
0.02784
0.621173
0.085194
0.083103
0.956778
0.31529
0.126373
0.492206
0.551084
0.562703
0.989887
0.173757
0.608445
0.365078
0.837995
0.44277
0.477362
0.991525
0.545015
0.065388
0.872166
0.915185
0.920638
0.667255
0.883177
0.208244
0.844445
0.31029
0.123584
0.53777
0.106366
0.787428
0.725269
0.739353
0.032355
0.634675
0.278532
0.392514
0.373075
0.049073
0.387262
0.870636
0.53772
0.598365
0.764335
0.145589
0.117009
0.941273
0.621664
0.93383
0.522895
0.927742
0.136172
0.019301
0.58522
0.884559
0.374847
0.501896
0.80512
0.458147
0.266832
0.700792
0.820154
0.278218
0.060226
0.157375
0.971988
0.021887
0.950726
0.390075
0.34295
0.908306
0.551897
0.475905
0.684266
0.885056
0.973112
0.919473
0.760775
0.82807
0.627554
0.264955
0.651728
0.543012
0.342433
0.614097
0.866642
0.832204
0.96223
0.282301
0.78932
0.565857
0.269461
0.852523
0.322919
0.298164
0.566821
0.293339
0.653421
0.722537
0.179007
0.718199
0.057124
0.152393
0.067522
0.086845
0.762379
0.295259
0.023119
0.126979
0.706681
0.527118
0.290832
0.387786
0.287745
0.45788
0.789411
0.063048
0.407391
0.922273
0.511948
0.15527
0.629838
0.345745
0.03195
0.565598
0.875127
0.144451
0.467798
0.518654
0.080394
0.333981
0.23561
0.519998
0.20127
0.999576
0.155687
0.437619
0.531875
0.045217
0.325588
0.313948
0.42635
0.107473
0.669897
0.767929
0.114047
0.47212
0.918469
0.110308
0.425731
0.815951
0.061971
0.70287
0.575551
0.69187
0.563145
0.068195
0.18424
0.907902
0.519185
0.898591
0.833609
0.514071
0.563355
0.985667
0.771875
0.828872
0.370022
0.696672
0.781071
0.854724
0.796491
0.711925
0.271125
0.897266
0.800248
0.938386
0.843502
0.540814
0.10358
0.747675
0.395688
0.464631
0.518011
0.55597
0.214668
0.468765
0.425925
0.314957
0.559156
0.215812
0.304678
0.541763
0.653013
0.830707
0.554922
0.859511
0.11099
0.785252
0.932353
0.501656
0.983104
0.328337
0.348204
0.684924
0.110396
0.294117
0.741485
0.339264
0.900218
0.915167
0.903836
0.757109
0.872816
0.836529
0.535084
0.411099
0.30998
0.082301
0.026866
0.314959
0.801779
0.785191
0.898135
0.183497
0.800454
0.264104
0.889071
0.794976
0.341884
0.820261
0.560494
0.419585
0.923804
0.908533
0.867358
0.340249
0.851782
0.840806
0.939958
0.32895
0.81981
0.709184
0.818774
0.501983
0.410754
0.746773
0.435806
0.869403
0.429693
0.212737
0.645091
0.103195
0.535815
0.050076
0.831492
0.176255
0.719527
0.126576
0.063094
0.616558
0.616296
0.387065
0.585054
0.987322
0.402473
0.738875
0.736264
0.176506
0.791692
0.246018
0.527285
0.499825
0.69756
0.953685
0.454732
0.952746
0.382709
0.851481
0.432901
0.60992
0.830233
0.289085
0.944417
0.300806
0.538252
0.04164
0.959875
0.732044
0.787232
0.658971
0.665178
0.178831
0.86886
0.196688
0.852672
0.110064
0.861971
0.022491
0.316153
0.845734
0.816449
0.844497
0.448211
0.664812
0.30817
0.009185
0.042175
0.807627
0.038396
0.714035
0.759827
0.280183
0.501285
0.30999
0.413704
0.02999
0.639649
0.73265
0.283875
0.500952
0.997046
0.714809
0.68463
0.856537
0.590567
0.161841
0.886882
0.06798
0.860449
0.470384
0.255351
0.284137
0.375677
0.952179
0.503598
0.791009
0.027541
0.626353
0.318544
0.8919
0.510493
0.913685
0.51367
0.286951
0.340075
0.339885
0.233662
0.869497
0.811396
0.305429
0.262706
0.319025
0.912248
0.179474
0.767775
0.249473
0.519188
0.917498
0.137083
0.863593
0.948121
0.177584
0.629722
0.546006
0.223994
0.464316
0.383462
0.341518
0.695285
0.64608
0.612929
0.192622
0.731458
0.225561
0.374186
0.690267
0.63378
0.840856
0.631174
0.783958
0.175514
0.983914
0.330757
0.807114
0.694362
0.113237
0.834388
0.016191
0.383257
0.048875
0.210234
0.400763
0.366178
0.387511
0.411151
0.355638
0.79271
0.403337
0.198072
0.746506
0.348286
0.778458
0.851647
0.924107
0.663561
0.555392
0.467791
0.002751
0.738476
0.849014
0.820824
0.653093
0.387843
0.015994
0.32002
0.835509
0.28775
0.015525
0.352559
0.772715
0.873154
0.644633
0.581944
0.588627
0.083065
0.894171
0.545314
0.040203
0.549492
0.027173
0.218081
0.233032
0.15962
0.800316
0.90492
0.797722
0.867389
0.872344
0.587434
0.401132
0.657645
0.172876
0.944872
0.997385
0.740336
0.375597
0.641318
0.485816
0.222498
0.925751
0.984967
0.72455
0.817251
0.485057
0.19647
0.249887
0.129083
0.281943
0.623228
0.708629
0.487157
0.346388
0.208963
0.873053
0.507918
0.38391
0.869005
0.123287
0.619658
0.266389
0.490472
0.562654
0.394501
0.822665
0.454523
0.944198
0.563055
0.765997
0.093001
0.54388
0.4788
0.924318
0.280992
0.767979
0.521125
0.85295
0.279408
0.174439
0.929796
0.756577
0.915836
0.496994
0.29001
0.438977
0.334582
0.326664
0.496828
0.130417
0.253185
0.731294
0.800896
0.910199
0.600478
0.418693
0.331555
0.356815
0.222517
0.133775
0.951616
0.290687
0.833863
0.463388
0.254385
0.777135
0.550018
0.813941
0.08048
0.344747
0.941331
0.247144
0.931826
0.215414
0.175261
0.152293
0.147349
0.661589
0.298404
0.898649
0.611003
0.635602
0.515215
0.976023
0.324856
0.446347
0.558698
0.902077
0.296885
0.223821
0.33132
0.945879
0.891718
0.42223
0.980513
0.972388
0.855294
0.155672
0.572881
0.914366
0.120641
0.030854
0.221894
0.867203
0.787495
0.244526
0.628928
0.135392
0.580799
0.640957
0.45544
0.407212
0.934845
0.390163
0.160256
0.690973
0.655436
0.288185
0.530754
0.851048
0.602666
0.883923
0.135728
0.338729
0.931616
0.376688
0.8155
0.727783
0.298637
0.311422
0.061143
0.532883
0.120115
0.487586
0.11843
0.932619
0.515868
0.13192
0.751632
0.389837
0.262645
0.609193
0.283133
0.446056
0.575072
0.524154
0.878749
0.900131
0.099279
0.551942
0.284669
0.7276
0.839375
0.946049
0.403734
0.880802
0.182774
0.753602
0.318276
0.678393
0.725725
0.989631
0.313286
0.41545
0.906829
0.488086
0.203637
0.325911
0.955339
0.340208
0.122213
0.885885
0.312359
0.171437
0.423055
0.541509
0.954653
0.671179
0.708684
0.894545
0.331992
0.56763
0.474056
0.78056
0.435342
0.55058
0.051978
0.152603
0.708792
0.020434
0.444427
0.142321
0.674824
0.068589
0.552311
0.356809
0.940575
0.879543
0.440645
0.598198
0.780791
0.580976
0.532873
0.006026
0.374451
0.091295
0.242529
0.451133
0.128152
0.322045
0.162925
0.966446
0.785854
0.151158
0.992111
0.803807
0.60475
0.180152
0.04678
0.873004
0.935932
0.203366
0.972684
0.658763
0.69185
0.265619
0.539806
0.611717
0.647416
0.042607
0.897187
0.321615
0.842838
0.493925
0.172043
0.697983
0.492416
0.042161
0.901249
0.580478
0.284294
0.515713
0.737737
0.275959
0.70975
0.742048
0.325802
0.284104
0.759787
0.667394
0.838237
0.711291
0.516373
0.400137
0.378312
0.882804
0.354645
0.71345
0.599945
0.625164
0.05331
0.719446
0.665767
0.622338
0.926078
0.37447
0.373072
0.974724
0.321964
0.309019
0.559071
0.163772
0.638583
0.097746
0.534822
0.614105
0.575952
0.625878
0.472591
0.403589
0.168135
0.01528
0.238054
0.330076
0.686775
0.719062
0.737619
0.837871
0.723953
0.610872
0.662998
0.141336
0.334047
0.648308
0.991963
0.770521
0.557138
0.672015
0.488504
0.357855
0.362517
0.260213
0.823124
0.169515
0.802213
0.808086
0.336115
0.137891
0.779398
0.297505
0.600688
0.836969
0.623957
0.46986
0.844093
0.485678
0.506607
0.31944
0.236158
0.890346
0.534757
0.219996
0.691722
0.202432
0.550787
0.729875
0.44668
0.272713
0.100163
0.238458
0.052948
0.433818
0.496122
0.36714
0.661368
0.604958
0.083454
0.921879
0.913628
0.231904
0.382974
0.144366
0.487873
0.460984
0.634156
0.681215
0.385227
0.195151
0.962746
0.956855
0.481823
0.107868
0.861129
0.263286
0.742616
0.306881
0.258253
0.385569
0.424071
0.771323
0.640067
0.753248
0.788597
0.954166
0.221206
0.598567
0.809019
0.434853
0.633328
0.737141
0.206406
0.520424
0.901572
0.334213
0.422609
0.56554
0.699649
0.659185
0.08115
0.604853
0.362354
0.963953
0.494658
0.021045
0.570691
0.068583
0.931264
0.886156
0.925054
0.403132
0.211866
0.571195
0.237675
0.760754
0.426039
0.964112
0.083413
0.148991
0.667701
0.321861
0.166257
0.0831
0.247797
0.536108
0.917729
0.624823
0.170151
0.061434
0.765649
0.518136
0.926989
0.656589
0.354339
0.615057
0.539561
0.353687
0.297362
0.125049
0.125115
0.004455
0.449966
0.238233
0.604965
0.859555
0.236833
0.020409
0.655622
0.472412
0.177899
0.261497
0.896329
0.272253
0.162924
0.213598
0.835899
0.842371
0.579641
0.262377
0.288715
0.047826
0.14117
0.368888
0.063482
0.965373
0.743405
0.846515
0.536366
0.891517
0.284702
0.037363
0.888342
0.57972
0.806698
0.055248
0.736104
0.903272
0.137105
0.991334
0.979181
0.179059
0.294239
0.399041
0.713197
0.297473
0.719501
0.803105
0.078357
0.133249
0.040225
0.829769
0.054163
0.143926
0.258951
0.398531
0.676265
0.708535
0.299729
0.823877
0.697989
0.195736
0.290887
0.463224
0.580342
0.395905
0.572565
0.481293
0.277005
0.927392
0.967604
0.599897
0.836464
0.378693
0.905656
0.20507
0.194655
0.076618
0.381175
0.273789
0.678245
0.827093
0.967014
0.508327
0.397145
0.055793
0.088451
0.890735
0.09387
0.123835
0.843147
0.316538
0.116393
0.497033
0.028701
0.659596
0.917761
0.702653
0.924712
0.586668
0.9203
0.894108
0.93985
0.297983
0.416273
0.073091
0.139991
0.336802
0.374289
0.145175
0.66145
0.186133
0.296745
0.076399
0.73939
0.746122
0.469212
0.666691
0.541889
0.917456
0.027411
0.158431
0.206682
0.196539
0.902388
0.268079
0.613784
0.015272
0.812746
0.9285
0.709863
0.246284
0.722071
0.638256
0.860272
0.444919
0.974642
0.381842
0.422271
0.924051
0.854215
0.465046
0.570494
0.925299
0.976856
0.352516
0.541168
0.406647
0.417641
0.79187
0.110749
0.665856
0.57439
0.506784
0.293856
0.98708
0.611671
0.207378
0.23021
0.035538
0.126456
0.136213
0.382048
0.338863
0.294
0.240019
0.062176
0.514026
0.890742
0.174129
0.685593
0.786139
0.907172
0.274385
0.450376
0.03458
0.952218
0.573854
0.008123
0.851272
0.371745
0.273121
0.617299
0.462535
0.904905
0.661264
0.443635
0.511609
0.449647
0.870556
0.340842
0.308885
0.511317
0.648793
0.259451
0.392349
0.218315
0.150774
0.528991
0.691135
0.911503
0.886624
0.584756
0.399223
0.300292
0.137247
0.990477
0.138392
0.979223
0.34266
0.940824
0.358375
0.607424
0.700527
0.454605
0.032413
0.789641
0.394381
0.819084
0.445884
0.327854
0.447766
0.676467
0.716101
0.790553
0.532684
0.859266
0.183226
0.52493
0.720188
0.977511
0.153243
0.158624
0.4068
0.365382
0.015519
0.209537
0.75707
0.909051
0.427947
0.970913
0.335526
0.514345
0.599676
0.642519
0.162707
0.362716
0.063059
0.761517
0.372859
0.328145
0.388283
0.243909
0.465842
0.075633
0.569251
0.040876
0.362892
0.160713
0.355372
0.996819
0.172567
0.929707
0.880636
0.110675
0.803959
0.770299
0.973692
0.449473
0.764756
0.047147
0.011022
0.883168
0.761894
0.654867
0.62674
0.899
0.582039
0.638606
0.45686
0.896023
0.400866
0.141044
0.025106
0.935076
0.667326
0.91662
0.344605
0.785932
0.063224
0.577179
0.360395
0.127547
0.370783
0.011105
0.201734
0.715511
0.71387
0.779637
0.255151
0.324288
0.009737
0.876547
0.60312
0.099882
0.527329
0.933341
0.074266
0.513034
0.404326
0.929331
0.501789
0.334659
0.996048
0.517553
0.537983
0.989801
0.44995
0.866317
0.578681
0.500356
0.642672
0.776559
0.4145
0.624981
0.133421
0.181189
0.312041
0.886744
0.723982
0.666408
0.007488
0.051567
0.863771
0.021876
0.238266
0.087112
0.559909
0.482898
0.882525
0.392522
0.170622
0.475001
0.183898
0.241127
0.93871
0.696869
0.751558
0.122929
0.287035
0.032773
0.616933
0.195301
0.986872
0.343347
0.564244
0.685131
0.435271
0.458048
0.67544
0.09173
0.407847
0.901914
0.098785
0.642999
0.173556
0.776088
0.519983
0.641001
0.662606
0.10296
0.488294
0.792778
0.525133
0.103381
0.705035
0.924402
0.657662
0.105476
0.241222
0.028182
0.135139
0.056876
0.345231
0.095468
0.157258
0.141614
0.373422
0.357565
0.260243
0.40642
0.566813
0.434622
0.196378
0.836204
0.9977
0.674851
0.896703
0.216238
0.611727
0.666664
0.792676
0.128355
0.134165
0.099529
0.480667
0.124735
0.585317
0.717529
0.314822
0.234252
0.935652
0.900602
0.592369
0.096319
0.642749
0.22865
0.666488
0.129654
0.805837
0.947713
0.615555
0.162865
0.046207
0.234866
0.937171
0.328106
0.458396
0.050744
0.517263
0.079083
0.54769
0.753998
0.730749
0.185832
0.580736
0.283914
0.24871
0.459465
0.9949
0.140787
0.715158
0.38161
0.972419
0.155661
0.152005
0.184888
0.180668
0.457612
0.818492
0.503586
0.262946
0.709186
0.893247
0.947361
0.405294
0.214332
0.839451
0.907617
0.745624
0.689532
0.550924
0.679594
0.465939
0.859908
0.172647
0.608286
0.063657
0.052013
0.246654
0.031919
0.37547
0.460079
0.647022
0.492181
0.276152
0.497739
0.072052
0.654337
0.374498
0.134427
0.081451
0.692917
0.123585
0.554617
0.670339
0.846666
0.146487
0.27038
0.400553
0.98609
0.298852
0.201397
0.022645
0.73634
0.635782
0.656298
0.092915
0.476011
0.386466
0.070551
0.034103
0.818483
0.047987
0.075339
0.777272
0.812041
0.625055
0.54284
0.205376
0.530446
0.265476
0.759616
0.729658
0.41481
0.974878
0.065174
0.165814
0.638737
0.969674
0.551117
0.651849
0.066528
0.2562
0.272804
0.615314
0.193413
0.493872
0.885415
0.267818
0.503613
0.894479
0.754672
0.634662
0.068752
0.395854
0.856616
0.657479
0.75078
0.939839
0.313203
0.967531
0.866243
0.737186
0.291064
0.802595
0.166657
0.284462
0.660163
0.342742
0.775803
0.245684
0.185727
0.966831
0.632928
0.344916
0.638887
0.542925
0.14259
0.032848
0.233113
0.667502
0.876732
0.813377
0.954283
0.782383
0.912556
0.307861
0.878014
0.52441
0.802708
0.52758
0.906161
0.827431
0.264903
0.866747
0.00245
0.023511
0.920084
0.70233
0.298543
0.190724
0.557881
0.84482
0.990885
0.198897
0.105849
0.012265
0.104083
0.497986
0.726641
0.972055
0.775015
0.939735
0.84346
0.915787
0.052396
0.719467
0.472713
0.137581
0.816212
0.435034
0.552603
0.691564
0.945489
0.390797
0.533263
0.271036
0.93171
0.965077
0.002289
0.192265
0.665667
0.491603
0.772565
0.591032
0.217394
0.458938
0.750339
0.516001
0.722041
0.285842
0.99062
0.895106
0.568889
0.275104
0.332918
0.97912
0.911834
0.911411
0.538789
0.697132
0.629412
0.905376
0.437828
0.362929
0.130676
0.741342
0.694405
0.910028
0.175145
0.488484
0.418335
0.472363
0.814113
0.818422
0.752835
0.242678
0.437235
0.840213
0.995095
0.511587
0.485615
0.740804
0.176347
0.595447
0.351445
0.103683
0.175284
0.42483
0.453608
0.455863
0.363391
0.565622
0.20173
0.112912
0.340255
0.242428
0.612839
0.094073
0.652092
0.037803
0.133207
0.228475
0.398433
0.496448
0.256672
0.454594
0.204661
0.959467
0.536849
0.992097
0.628629
0.793302
0.35059
0.548293
0.084116
0.03758
0.004596
0.085484
0.843554
0.421581
0.778607
0.483104
0.697831
0.435833
0.960084
0.258878
0.9435
0.184619
0.519208
0.515992
0.865808
0.410146
0.078022
0.824123
0.046284
0.719378
0.069665
0.628592
0.462431
0.21147
0.080128
0.148176
0.948836
0.715109
0.78684
0.815163
0.527362
0.989418
0.352064
0.118016
0.741489
0.383799
0.329846
0.81617
0.418824
0.096211
0.604872
0.87421
0.935609
0.277869
0.822373
0.700745
0.306862
0.292375
0.507607
0.896766
0.949385
0.941962
0.42116
0.81042
0.520018
0.552618
0.191825
0.928746
0.254157
0.660313
0.239488
0.691574
0.710302
0.524197
0.432469
0.975211
0.444453
0.094381
0.978233
0.446039
0.965474
0.652461
0.811966
0.205305
0.523994
0.71467
0.649697
0.255807
0.412521
0.659819
0.154637
0.723329
0.402181
0.471136
0.993066
0.189424
0.468762
0.676795
0.54312
0.131812
0.01379
0.110527
0.398242
0.056644
0.989285
0.584416
0.441826
0.113517
0.154729
0.111903
0.552644
0.111464
0.299489
0.795633
0.820499
0.058775
0.666658
0.15029
0.111921
0.438376
0.325388
0.882523
0.162689
0.428412
0.306212
0.116195
0.798788
0.366231
0.401747
0.230349
0.095068
0.120608
0.337332
0.557887
0.767635
0.741117
0.720188
0.882113
0.808798
0.212731
0.307733
0.762688
0.815952
0.597997
0.205402
0.829307
0.844532
0.444615
0.61209
0.493889
0.875898
0.484435
0.780261
0.438323
0.943035
0.218437
0.059885
0.788647
0.35949
0.75246
0.758582
0.439723
0.076515
0.042358
0.334408
0.437368
0.219071
0.056507
0.458619
0.764313
0.324952
0.538551
0.001281
0.270698
0.653318
0.491648
0.025889
0.504536
0.102197
0.840659
0.388463
0.547392
0.216973
0.594546
0.063534
0.222565
0.508687
0.350401
0.646234
0.848212
0.864113
0.241159
0.97564
0.689046
0.735645
0.480114
0.314536
0.974598
0.575793
0.563552
0.983132
0.573891
0.939935
0.861607
0.395942
0.464782
0.369437
0.555264
0.444468
0.7631
0.445667
0.54121
0.774225
0.029629
0.068613
0.033386
0.305719
0.690621
0.843306
0.637057
0.939984
0.077821
0.717889
0.288448
0.746246
0.74442
0.436246
0.693283
0.081351
0.467481
0.006235
0.8855
0.498485
0.637128
0.404518
0.11325
0.88923
0.70777
0.851984
0.731485
0.31796
0.028473
0.668253
0.882481
0.105322
0.676134
0.188111
0.440838
0.701615
0.513782
0.225311
0.050094
0.517227
0.417497
0.825716
0.268525
0.585208
0.994266
0.196679
0.598058
0.633923
0.275874
0.932825
0.247936
0.504668
0.154754
0.839353
0.289054
0.753093
0.498126
0.592728
0.299985
0.63095
0.526513
0.186366
0.280588
0.726735
0.388805
0.514504
0.555705
0.008657
0.172617
0.950757
0.923673
0.072034
0.878934
0.385902
0.10807
0.985355
0.887148
0.326619
0.869873
0.811885
0.72661
0.522313
0.080972
0.582795
0.533642
0.072196
0.886574
0.556718
0.068225
0.423217
0.730193
0.166858
0.412615
0.288246
0.667033
0.179061
0.508115
0.802787
0.956562
0.401158
0.54518
0.442505
0.415948
0.661542
0.07656
0.374182
0.866816
0.182671
0.034292
0.402362
0.828901
0.786576
0.253901
0.895539
0.882859
0.802269
0.666099
0.27252
0.925551
0.165155
0.984099
0.076046
0.007336
0.39629
0.570714
0.319493
0.075635
0.484839
0.561572
0.209681
0.655847
0.898386
0.528371
0.039204
0.64433
0.487816
0.772807
0.689113
0.593612
0.330657
0.397883
0.099205
0.977923
0.034189
0.060296
0.854103
0.745186
0.453072
0.248671
0.605133
0.1666
0.50769
0.398538
0.667209
0.261884
0.958266
0.965637
0.724241
0.972366
0.692286
0.126644
0.144985
0.261371
0.771461
0.536248
0.393221
0.724888
0.136011
0.301588
0.238823
0.798974
0.67815
0.132831
0.208831
0.686298
0.691445
0.133415
0.300446
0.374285
0.275372
0.658259
0.305089
0.185342
0.425738
0.139837
0.122221
0.352431
0.282255
0.893712
0.532696
0.40321
0.174557
0.646582
0.504223
0.909653
0.520175
0.199939
0.386034
0.951309
0.19794
0.988787
0.548007
0.924269
0.136306
0.405139
0.737019
0.909475
0.719623
0.656289
0.691312
0.689726
0.629441
0.053454
0.979976
0.358733
0.050269
0.362021
0.849188
0.645292
0.179957
0.901065
0.234273
0.068293
0.847397
0.183045
0.690756
0.230777
0.079191
0.411996
0.616367
0.553514
0.915593
0.047357
0.788138
0.724874
0.091971
0.725946
0.931578
0.704907
0.708819
0.511053
0.763235
0.340617
0.045343
0.55421
0.03839
0.19176
0.122948
0.346638
0.672969
0.238937
0.254413
0.944858
0.223576
0.647214
0.331739
0.056068
0.838048
0.854505
0.474755
0.558785
0.007613
0.693148
0.523721
0.908871
0.99625
0.760292
0.957035
0.399165
0.995518
0.046616
0.739635
0.219307
0.883176
0.704182
0.281731
0.535374
0.717991
0.052166
0.94465
0.332229
0.102837
0.180135
0.011912
0.267803
0.361131
0.274855
0.36219
0.108916
0.893003
0.404374
0.601808
0.994439
0.190007
0.67509
0.733378
0.71511
0.878118
0.915008
0.09792
0.821116
0.424516
0.481571
0.133694
0.450909
0.875193
0.497909
0.83291
0.493688
0.049068
0.307431
0.13325
0.352222
0.373029
0.041022
0.610516
0.592071
0.300635
0.937381
0.307348
0.768373
0.280506
0.103071
0.310937
0.34169
0.773918
0.688232
0.431295
0.893795
0.9623
0.605651
0.318903
0.364768
0.255525
0.005777
0.168908
0.819584
0.534145
0.936324
0.387589
0.008177
0.911371
0.617259
0.100369
0.012999
0.029189
0.231681
0.46805
0.923185
0.675439
0.08048
0.986838
0.752271
0.669065
0.068183
0.311949
0.40383
0.77491
0.168605
0.184296
0.696942
0.262302
0.538162
0.008
0.606537
0.781513
0.454032
0.387163
0.016131
0.979092
0.52112
0.61762
0.033131
0.191985
0.252537
0.749328
0.199695
0.611895
0.367373
0.303372
0.230952
0.925781
0.220489
0.588828
0.965463
0.672656
0.814666
0.376085
0.942173
0.052052
0.921218
0.971931
0.418957
0.656323
0.928463
0.579214
0.447836
0.777336
0.292301
0.360379
0.259566
0.430981
0.622204
0.570999
0.166458
0.786234
0.128454
0.669819
0.198255
0.70114
0.180409
0.716737
0.951983
0.579366
0.960658
0.337118
0.069576
0.425804
0.386678
0.981712
0.869701
0.012325
0.335569
0.888058
0.814407
0.941211
0.518864
0.63632
0.200318
0.466835
0.731619
0.629418
0.447241
0.947978
0.406653
0.255023
0.076133
0.242354
0.61862
0.91356
0.035456
0.554399
0.492878
0.467465
0.829453
0.981833
0.380135
0.05423
0.743088
0.358106
0.032354
0.646927
0.986838
0.101034
0.808643
0.719766
0.090801
0.706269
0.647122
0.516661
0.723805
0.460536
0.777245
0.888891
0.196363
0.857819
0.904242
0.215789
0.719484
0.86651
0.850788
0.387785
0.999233
0.042004
0.326331
0.45971
0.57201
0.875085
0.56135
0.933596
0.840727
0.349751
0.160828
0.958698
0.828531
0.272201
0.017192
0.736008
0.409644
0.218291
0.079166
0.276058
0.98596
0.728652
0.940458
0.170476
0.828901
0.895452
0.867802
0.869413
0.426688
0.980535
0.155188
0.567899
0.587713
0.254389
0.791983
0.444228
0.963487
0.90414
0.389752
0.989744
0.680195
0.46133
0.080921
0.533262
0.680919
0.001637
0.140528
0.26632
0.771681
0.035457
0.779849
0.27537
0.506883
0.831754
0.705428
0.496827
0.520306
0.736286
0.700014
0.457494
0.111949
0.729562
0.393842
0.500879
0.642922
0.371412
0.308454
0.16931
0.451757
0.531148
0.284888
0.80811
0.711616
0.315787
0.741195
0.515812
0.18953
0.239694
0.786397
0.114332
0.326992
0.887609
0.925285
0.794791
0.108553
0.325916
0.002516
0.177224
0.161143
0.255905
0.945536
0.88192
0.68556
0.377865
0.263129
0.156055
0.584315
0.523895
0.532096
0.804133
0.028187
0.194246
0.631793
0.477687
0.042285
0.982089
0.502147
0.957024
0.370693
0.328102
0.058033
0.857719
0.509577
0.838896
0.545003
0.057491
0.085675
0.999224
0.497185
0.69214
0.942275
0.343112
0.919045
0.778253
0.55248
0.044194
0.49965
0.650455
0.494395
0.525388
0.077496
0.747979
0.294316
0.819472
0.695712
0.100772
0.874862
0.349008
0.730825
0.88639
0.437057
0.239057
0.907245
0.740686
0.148
0.844499
0.385203
0.656979
0.494536
0.895976
0.594214
0.96258
0.985375
0.834654
0.951558
0.963568
0.3361
0.00548
0.338807
0.982358
0.632386
0.938549
0.895912
0.052777
0.048224
0.472555
0.29077
0.608705
0.590626
0.609568
0.004299
0.826475
0.499906
0.585279
0.413252
0.871505
0.814143
0.210387
0.320296
0.130788
0.601895
0.917771
0.758459
0.644462
0.24863
0.871893
0.163256
0.096791
0.482063
0.358827
0.7779
0.322406
0.514577
0.521008
0.330639
0.843858
0.939547
0.163813
0.327112
0.583797
0.481146
0.607292
0.702893
0.366297
0.742315
0.236832
0.179711
0.379396
0.756978
0.533926
0.391335
0.749102
0.214223
0.720497
0.273714
0.950244
0.505004
0.03468
0.69698
0.444213
0.263032
0.81611
0.475591
0.447091
0.376811
0.414569
0.026723
0.414798
0.733943
0.358173
0.769224
0.36886
0.634332
0.058099
0.454534
0.41186
0.933272
0.590983
0.242124
0.576154
0.540054
0.981174
0.938107
0.830486
0.098445
0.700118
0.832956
0.882295
0.027795
0.888052
0.965057
0.194743
0.473412
0.508048
0.492376
0.268661
0.678896
0.752227
0.542048
0.155746
0.148461
0.240066
0.923547
0.591948
0.492047
0.298494
0.974378
0.713591
0.766571
0.004928
0.944561
0.972401
0.683038
0.269853
0.33717
0.823795
0.467448
0.723507
0.245028
0.125136
0.504867
0.317083
0.953424
0.283255
0.404994
0.727983
0.049143
0.266412
0.959499
0.150691
0.648353
0.475548
0.541848
0.644309
0.621398
0.415294
0.026221
0.251566
0.91053
0.382698
0.078859
0.868216
0.157094
0.815793
0.419019
0.522162
0.870095
0.244911
0.42811
0.934278
0.895422
0.471669
0.06439
0.608772
0.971439
0.756126
0.504742
0.421044
0.418611
0.432343
0.807574
0.487503
0.899976
0.408024
0.098563
0.17198
0.43215
0.227008
0.271798
0.666252
0.668135
0.809626
0.498606
0.042637
0.706246
0.215838
0.507811
0.160499
0.981725
0.277925
0.80352
0.497933
0.704368
0.8315
0.583875
0.129083
0.427345
0.655356
0.876088
0.508821
0.177714
0.85478
0.368436
0.707035
0.104225
0.114772
0.402525
0.04713
0.544552
0.728268
0.944795
0.13837
0.313132
0.270584
0.205524
0.073731
0.611621
0.709869
0.18969
0.103839
0.093731
0.723261
0.534184
0.325609
0.877692
0.8139
0.082543
0.024342
0.241643
0.85295
0.917448
0.068175
0.789703
0.817549
0.775591
0.122019
0.203845
0.062058
0.904732
0.94337
0.293859
0.580232
0.720581
0.146863
0.74412
0.039737
0.833352
0.870919
0.466212
0.796661
0.347479
0.254066
0.658645
0.049916
0.562284
0.030496
0.786855
0.032591
0.987093
0.324807
0.367481
0.837768
0.094146
0.304142
0.655518
0.167764
0.852173
0.469024
0.470306
0.762347
0.953923
0.824757
0.011304
0.859403
0.860208
0.237216
0.2203
0.752694
0.940248
0.185262
0.054085
0.271836
0.208416
0.623823
0.778939
0.857234
0.875368
0.203265
0.380853
0.821267
0.443206
0.242958
0.878581
0.912206
0.28698
0.721766
0.954314
0.390218
0.452114
0.258894
0.782297
0.172391
0.039046
0.968005
0.587271
0.782109
0.044507
0.373678
0.600324
0.415652
0.232288
0.431289
0.539008
0.058804
0.755029
0.956779
0.038266
0.397788
0.147919
0.541589
0.01216
0.8815
0.333959
0.255243
0.613807
0.555186
0.983004
0.347401
0.639706
0.501802
0.23251
0.08784
0.318571
0.392538
0.481938
0.547872
0.905785
0.014879
0.73143
0.602362
0.024893
0.954255
0.002997
0.595538
0.258323
0.263183
0.573291
0.273371
0.760437
0.140042
0.186327
0.15604
0.052881
0.194946
0.127252
0.484661
0.566455
0.569927
0.083062
0.482312
0.481849
0.304742
0.672284
0.965354
0.302773
0.539876
0.808785
0.204327
0.457471
0.100982
0.210016
0.519668
0.351473
0.007254
0.279204
0.447491
0.010496
0.024434
0.451031
0.558028
0.176427
0.133825
0.159407
0.969767
0.41008
0.071552
0.444866
0.561228
0.37415
0.571981
0.87991
0.919672
0.18773
0.5615
0.116141
0.005561
0.983408
0.423376
0.121606
0.243591
0.525414
0.580286
0.527971
0.760531
0.953211
0.398073
0.762013
0.449917
0.072321
0.205131
0.00166
0.593762
0.370642
0.546363
0.545259
0.358422
0.449758
0.35183
0.364262
0.972137
0.30894
0.719916
0.648004
0.028256
0.088867
0.198319
0.367241
0.617939
0.476613
0.018346
0.795998
0.814695
0.666266
0.297995
0.876869
0.998373
0.14339
0.111418
0.680302
0.7485
0.311631
0.007233
0.972908
0.20163
0.316476
0.606426
0.286144
0.993997
0.436563
0.522662
0.771764
0.077401
0.827165
0.59626
0.384527
0.268647
0.060186
0.476979
0.963872
0.565922
0.624909
0.491824
0.832929
0.372041
0.081166
0.875584
0.97636
0.786216
0.827532
0.466675
0.114421
0.409009
0.430975
0.3135
0.19058
0.979573
0.720873
0.989658
0.557624
0.025058
0.025396
0.24004
0.006509
0.894091
0.699211
0.255482
0.633863
0.095018
0.169313
0.372676
0.231015
0.274256
0.835194
0.940464
0.413645
0.013912
0.690258
0.549465
0.575665
0.200761
0.453927
0.867821
0.633645
0.33901
0.136976
0.289251
0.366831
0.504112
0.989586
0.010268
0.469802
0.172972
0.795041
0.191044
0.674407
0.333406
0.481636
0.687274
0.209538
0.050017
0.604571
0.270697
0.59224
0.978373
0.331215
0.690888
0.242116
0.634031
0.437714
0.167862
0.754707
0.302998
0.74241
0.051287
0.940515
0.649936
0.914557
0.44281
0.843814
0.025989
0.410456
0.951043
0.205087
0.494664
0.13377
0.144662
0.642472
0.732838
0.919316
0.593505
0.871964
0.640605
0.090159
0.959286
0.889781
0.437252
0.718709
0.049032
0.29253
0.939107
0.452287
0.002077
0.801489
0.425814
0.908384
0.388572
0.69182
0.061711
0.406402
0.800266
0.274646
0.196455
0.138641
0.569351
0.460476
0.806657
0.617597
0.604313
0.039421
0.803895
0.592665
0.57467
0.724508
0.510432
0.443539
0.225
0.978777
0.599889
0.174549
0.147129
0.32411
0.85922
0.01541
0.36802
0.634296
0.740175
0.966421
0.518797
0.848979
0.541691
0.728329
0.108655
0.255099
0.114124
0.132709
0.22239
0.61712
0.317433
0.184893
0.036793
0.085696
0.32702
0.820507
0.430322
0.66972
0.329717
0.255128
0.285399
0.358516
0.954392
0.11866
0.220228
0.685072
0.84355
0.179984
0.694524
0.62138
0.002403
0.025265
0.466459
0.015905
0.333725
0.073113
0.26419
0.618871
0.197582
0.545879
0.704813
0.437346
0.955824
0.112733
0.649957
0.673864
0.383414
0.573262
0.003111
0.324417
0.742812
0.480677
0.902011
0.230922
0.558235
0.282892
0.214688
0.012668
0.231064
0.454625
0.331652
0.518117
0.909794
0.145996
0.831549
0.106226
0.631188
0.918489
0.756712
0.968473
0.41077
0.993262
0.156468
0.714874
0.470035
0.408199
0.951856
0.365586
0.346957
0.767171
0.53547
0.922279
0.820117
0.674647
0.919143
0.2697
0.91334
0.682212
0.413653
0.805238
0.35342
0.988096
0.343114
0.953236
0.508673
0.241408
0.25409
0.990308
0.319375
0.989236
0.039018
0.498239
0.366949
0.248624
0.885644
0.311645
0.72578
0.223121
0.74693
0.679014
0.081479
0.223205
0.749195
0.370381
0.143219
0.652405
0.403875
0.152791
0.536359
0.456827
0.366447
0.509776
0.286425
0.085911
0.577443
0.558184
0.415885
0.098097
0.831248
0.810476
0.274537
0.100626
0.607708
0.591904
0.994249
0.05547
0.077275
0.215197
0.573158
0.259423
0.59994
0.779732
0.484784
0.373188
0.416594
0.862329
0.675577
0.605624
0.739495
0.236899
0.125911
0.984769
0.589359
0.638158
0.294939
0.448419
0.793335
0.554498
0.962716
0.334654
0.238708
0.805384
0.565254
0.30179
0.774172
0.171581
0.784659
0.654026
0.496703
0.101104
0.669761
0.02788
0.8179
0.069289
0.346558
0.416582
0.948037
0.131875
0.467752
0.055977
0.28767
0.84883
0.738777
0.494026
0.130671
0.896154
0.819425
0.143734
0.294015
0.678577
0.258675
0.43537
0.054306
0.255861
0.385863
0.060405
0.415652
0.126698
0.260831
0.068283
0.358886
0.475281
0.048131
0.823149
0.321952
0.841947
0.085443
0.45673
0.728651
0.346873
0.833064
0.2154
0.384392
0.957819
0.1003
0.881398
0.467912
0.100217
0.803674
0.883967
0.546063
0.514914
0.320944
0.862922
0.637602
0.442091
0.628281
0.238213
0.003661
0.744897
0.348056
0.290816
0.336682
0.554683
0.015587
0.571329
0.532391
0.710932
0.022487
0.775782
0.90806
0.514522
0.970194
0.480783
0.137117
0.628481
0.144381
0.184326
0.851666
0.08826
0.521134
0.540566
0.646405
0.406786
0.310215
0.13538
0.838849
0.868368
0.589636
0.650495
0.355198
0.553142
0.096059
0.476054
0.946368
0.636939
0.882835
0.056447
0.268047
0.462432
0.394488
0.87911
0.212174
0.596931
0.857073
0.902914
0.177626
0.903621
0.650894
0.643275
0.02844
0.213355
0.562824
0.248232
0.443061
0.768346
0.015237
0.249776
0.692627
0.589176
0.853459
0.511131
0.222431
0.613211
0.795681
0.856998
0.987393
0.125759
0.77273
0.696248
0.671733
0.568764
0.594729
0.591506
0.365842
0.920095
0.86211
0.180636
0.785313
0.675031
0.316611
0.271869
0.231683
0.697708
0.23577
0.255685
0.870468
0.730209
0.643482
0.443437
0.420293
0.766766
0.884856
0.616843
0.89553
0.70273
0.840053
0.551301
0.735948
0.011189
0.701559
0.496699
0.206929
0.109532
0.373002
0.447082
0.908783
0.983156
0.475273
0.242308
0.577711
0.369183
0.783191
0.192666
0.22535
0.596278
0.532433
0.41452
0.210629
0.186438
0.620827
0.95835
0.678999
0.435378
0.61872
0.548144
0.134102
0.69251
0.009579
0.215689
0.948059
0.354243
0.094395
0.876045
0.692928
0.238504
0.590975
0.911181
0.032807
0.115609
0.44806
0.35159
0.332461
0.189157
0.827106
0.09564
0.632009
0.902051
0.250131
0.952636
0.443524
0.822345
0.424093
0.140295
0.106386
0.392327
0.730151
0.236619
0.025416
0.175236
0.094283
0.892509
0.951559
0.507173
0.110361
0.016106
0.303597
0.611161
0.594179
0.514342
0.336293
0.237401
0.940256
0.298446
0.736405
0.224828
0.322703
0.419737
0.929051
0.384304
0.4022
0.115245
0.363853
0.846026
0.581755
0.596263
0.579094
0.564131
0.533861
0.086754
0.494511
0.836068
0.463242
0.337912
0.713457
0.722883
0.257179
0.482666
0.322617
0.952674
0.628491
0.145907
0.692082
0.503948
0.967469
0.426155
0.637633
0.047801
0.578282
0.438187
0.56676
0.199492
0.070179
0.081711
0.631161
0.045956
0.933972
0.489138
0.947372
0.770247
0.626717
0.335553
0.357875
0.326449
0.281339
0.768605
0.897689
0.628581
0.444812
0.098668
0.786658
0.072447
0.099708
0.9831
0.03349
0.790664
0.254182
0.954659
0.284506
0.832311
0.663347
0.224704
0.506852
0.338444
0.136985
0.761101
0.66749
0.08127
0.158907
0.943749
0.194921
0.123271
0.716536
0.711546
0.503658
0.82401
0.46155
0.137883
0.836473
0.262906
0.060893
0.494687
0.847253
0.122831
0.656531
0.86209
0.012212
0.209558
0.621762
0.258574
0.216762
0.942523
0.800863
0.351234
0.052816
0.376
0.910994
0.553924
0.852698
0.87551
0.11405
0.762432
0.067453
0.431966
0.558628
0.601876
0.089512
0.736694
0.698224
0.393922
0.387682
0.041277
0.451785
0.134117
0.194795
0.762212
0.748443
0.818987
0.089903
0.328885
0.065742
0.427289
0.352719
0.449223
0.282465
0.361425
0.292843
0.178463
0.988944
0.696407
0.28498
0.328276
0.884419
0.405225
0.752048
0.325664
0.572878
0.806587
0.757028
0.166057
0.181242
0.260217
0.236843
0.428951
0.625093
6e-05
0.20504
0.680267
0.74946
0.718169
0.813024
0.776614
0.199782
0.172253
0.506017
0.066794
0.037085
0.336793
0.440145
0.528135
0.168798
0.397854
0.444005
0.148959
0.88942
0.814026
0.805051
0.300558
0.298995
0.760141
0.36348
0.716493
0.982531
0.115967
0.12287
0.042921
0.151073
0.265086
0.642057
0.380043
0.219738
0.940361
0.579123
0.599406
0.783463
0.672103
0.083119
0.776558
0.883796
0.965231
0.70289
0.561541
0.27895
0.908532
0.476884
0.035126
0.252776
0.387905
0.187779
0.706677
0.402251
0.972734
0.509707
0.216153
0.649672
0.55581
0.599102
0.379841
0.357517
0.099697
0.268638
0.707701
0.580248
0.991518
0.328267
0.073876
0.721318
0.403243
0.612529
0.990251
0.354446
0.635489
0.331428
0.078455
0.11823
0.766123
0.634365
0.438427
0.989338
0.972141
0.279154
0.918925
0.923347
0.182145
0.008451
0.296854
0.989494
0.161162
0.968966
0.344898
0.933297
0.369226
0.392991
0.02045
0.220118
0.252661
0.625121
0.694042
0.698493
0.46161
0.206783
0.137127
0.479359
0.464453
0.729728
0.125909
0.630927
0.336967
0.973076
0.900407
0.108302
0.569749
0.759603
0.136639
0.795481
0.746663
0.807695
0.293692
0.940148
0.391442
0.688798
0.462534
0.200062
0.609623
0.817546
0.390246
0.96954
0.866354
0.856253
0.933909
0.92707
0.79825
0.00703
0.54917
0.199958
0.390444
0.750654
0.935112
0.991699
0.328415
0.098531
0.759042
0.444331
0.64345
0.104145
0.329016
0.816477
0.201469
0.774292
0.295466
0.964231
0.978663
0.300418
0.96102
0.781419
0.273552
0.949106
0.808408
0.346087
0.525698
0.516413
0.129577
0.889082
0.936877
0.345913
0.906899
0.824889
0.680431
0.658669
0.823843
0.894117
0.092817
0.894001
0.554665
0.180465
0.962562
0.591037
0.337757
0.833317
0.012058
0.746727
0.835847
0.271424
0.179945
0.891637
0.437759
0.890604
0.218653
0.382059
0.100157
0.624711
0.971756
0.959137
0.239019
0.495546
0.592798
0.669059
0.850495
0.36686
0.056355
0.266534
0.944102
0.772358
0.95723
0.795913
0.628579
0.03856
0.813467
0.655921
0.617763
0.175306
0.87834
0.056414
0.574085
0.364787
0.320429
0.315653
0.573138
0.19153
0.088633
0.445694
0.290658
0.531557
0.009029
0.723725
0.969521
0.698681
0.497387
0.397975
0.841978
0.396421
0.13281
0.690883
0.475662
0.303856
0.250654
0.804757
0.463399
0.077849
0.698572
0.2781
0.004056
0.760255
0.403843
0.97925
0.067106
0.327305
0.908196
0.975106
0.529283
0.847956
0.475021
0.450487
0.536991
0.762883
0.218922
0.851874
0.223622
0.529771
0.650664
0.818774
0.084106
0.835775
0.51085
0.853703
0.601836
0.339633
0.954484
0.020412
0.599498
0.270396
0.937806
0.733826
0.791574
0.826928
0.261267
0.917014
0.571684
0.963967
0.990101
0.504346
0.788603
0.634844
0.908683
0.884696
0.709908
0.398311
0.518909
0.598287
0.450615
0.929858
0.324447
0.402263
0.132206
0.85792
0.843743
0.507682
0.388352
0.922311
0.170164
0.824923
0.286825
0.340433
0.741289
0.048432
0.437469
0.465682
0.152084
0.889464
0.221013
0.481785
0.68815
0.349055
0.157326
0.308827
0.93094
0.099982
0.011214
0.888204
0.683191
0.302882
0.996072
0.777649
0.658111
0.420729
0.348687
0.036372
0.950008
0.123307
0.23489
0.032604
0.007754
0.305514
0.700939
0.238795
0.208751
0.064124
0.413982
0.792883
0.733173
0.158595
0.663357
0.94982
0.12777
0.846573
0.859151
0.648963
0.353309
0.180958
0.987471
0.003896
0.566678
0.725957
0.057513
0.572702
0.24172
0.364633
0.251082
0.592515
0.966171
0.422575
0.712825
0.880577
0.347226
0.915083
0.223413
0.858942
0.36801
0.107714
0.346804
0.228893
0.975607
0.238675
0.528343
0.957333
0.564693
0.42265
0.200327
0.776208
0.45541
0.638004
0.108652
0.871224
0.036903
0.415887
0.032448
0.090292
0.498961
0.894482
0.436733
0.91687
0.726023
0.883219
0.742217
0.614984
0.420165
0.566076
0.302539
0.83668
0.003521
0.669458
0.943219
0.275775
0.515867
0.786626
0.138595
0.49697
0.977395
0.652274
0.775723
0.670039
0.826445
0.895669
0.397418
0.378135
0.176339
0.496442
0.256148
0.624525
0.205948
0.646274
0.847413
0.278682
0.833044
0.049147
0.765452
0.467035
0.348907
0.180439
0.882787
0.094951
0.365316
0.544322
0.039716
0.855023
0.252506
0.277462
0.035696
0.643358
0.010592
0.485123
0.347871
0.063902
0.424008
0.960716
0.270331
0.788957
0.599166
0.450224
0.372247
0.266382
0.566859
0.250784
0.715147
0.130691
0.608902
0.608258
0.649757
0.157325
0.551895
0.027332
0.542995
0.86226
0.115459
0.929365
0.474641
0.004643
0.514227
0.373738
0.759948
0.983896
0.222285
0.75239
0.131638
0.881366
0.07125
0.491392
0.568949
0.306994