
-9460,-9460,0,265.9690191745758
-9508,-9508,1,720.1324636936188
-9530,-9530,2,1175.769012928009
-9545,-9545,3,1635.4437551498413
-9556,-9556,4,2095.131420612335
-9559,-9559,5,2554.451425552368
-9567,-9567,6,3012.924957036972
-9577,-9577,7,3469.966121673584
-9578,-9578,8,3925.393584251404
-9581,-9581,9,4377.902302742004
-9584,-9584,10,4828.235768318176
-9585,-9585,11,5272.585421800613
-9585,-9585,12,5712.930013895035
-9588,-9588,13,6150.193841457367
-9589,-9589,14,6584.816600561142
-9590,-9590,15,7019.476224184036
-9592,-9592,16,7447.897046089172
-9592,-9592,17,7875.282993078232
-9592,-9592,18,8302.267085552216
-9592,-9592,19,8727.339689016342
-9593,-9593,20,9149.705820322037
-9593,-9593,21,9570.27000284195
-9593,-9593,22,9989.7066655159
-9593,-9593,23,10409.765826702118
-9593,-9593,24,10827.919272899628
-9593,-9593,25,11248.986673593521
-9593,-9593,26,11666.848996639252
-9593,-9593,27,12085.339026927948
-9593,-9593,28,12503.904369592667
-9594,-9594,29,12920.795896530151
-9594,-9594,30,13334.029814958572
-9594,-9594,31,13749.519236087799
-9594,-9594,32,14166.246765375137
-9594,-9594,33,14581.787389039993
-9594,-9594,34,14994.941814184189
-9594,-9594,35,15411.007641553879
-9594,-9594,36,15828.333898544312
-9594,-9594,37,16243.457543849945
-9594,-9594,38,16660.094913482666
-9594,-9594,39,17078.57360100746
-9594,-9594,40,17488.961369037628
-9594,-9594,41,17893.17061471939
-9594,-9594,42,18297.807237148285
-9594,-9594,43,18700.06113743782
-9594,-9594,44,19105.604265213013
-9594,-9594,45,19509.972111225128
-9594,-9594,46,19913.195581674576
-9594,-9594,47,20318.068699121475
-9594,-9594,48,20721.380169391632
-9594,-9594,49,21125.34712934494
-9594,-9594,50,21529.21249103546
-9594,-9594,51,21932.372445344925
-9594,-9594,52,22336.375911474228
-9594,-9594,53,22736.96731209755
-9594,-9594,54,23141.60086774826
-9594,-9594,55,23545.44647884369
-9594,-9594,56,23948.80082821846
-9594,-9594,57,24352.66665482521
-9594,-9594,58,24752.56435084343
-9594,-9594,59,25151.501383304596
-9594,-9594,60,25550.81399178505
-9594,-9594,61,25953.02056503296
-9594,-9594,62,26354.04191660881
-9594,-9594,63,26755.0939745903
-9594,-9594,64,27149.728194475174
-9594,-9594,65,27544.755016565323
-9594,-9594,66,27945.746075630188
-9594,-9594,67,28345.296133041382
-9594,-9594,68,28742.078885793686
-9594,-9594,69,29138.64884328842
-9594,-9594,70,29540.596163749695
-9594,-9594,71,29935.99560713768
-9594,-9594,72,30333.990086078644
-9594,-9594,73,30727.528239250183
-9594,-9594,74,31122.578821659088
-9594,-9594,75,31518.73668551445
-9594,-9594,76,31916.307250499725
-9594,-9594,77,32310.199278354645
-9594,-9594,78,32704.649648189545
-9594,-9594,79,33097.602986097336
-9594,-9594,80,33499.97489476204
-9594,-9594,81,33892.608993053436
-9594,-9594,82,34284.06276679039
-9594,-9594,83,34678.234077215195
-9594,-9594,84,35072.89742445946
-9594,-9594,85,35465.786873817444
-9594,-9594,86,35856.60500717163
-9594,-9594,87,36249.53156900406
-9594,-9594,88,36646.20657277107
-9594,-9594,89,37048.36284542084
-9594,-9594,90,37445.08965778351
-9594,-9594,91,37836.982807159424
-9594,-9594,92,38233.17671394348
-9594,-9594,93,38625.07907152176
-9594,-9594,94,39016.16790032387
-9594,-9594,95,39410.95108342171
-9594,-9594,96,39802.577411174774
-9594,-9594,97,40194.51085686684
-9594,-9594,98,40592.42603635788
-9594,-9594,99,40984.75011134148
-9594,-9594,100,41379.34278655052
-9594,-9594,101,41771.400238752365
-9594,-9594,102,42162.28787565231
-9594,-9594,103,42557.45190119743
-9594,-9594,104,42957.91378593445
-9594,-9594,105,43356.14674496651
-9594,-9594,106,43750.48401117325
-9594,-9594,107,44143.52308320999
-9594,-9594,108,44539.65220117569
-9594,-9594,109,44939.6870033741
-9594,-9594,110,45332.42887020111
-9594,-9594,111,45724.74544048309
-9594,-9594,112,46117.378859996796
-9594,-9594,113,46510.264785289764
-9594,-9594,114,46900.901911497116
-9594,-9594,115,47295.709971666336
-9594,-9594,116,47688.26602554321
-9594,-9594,117,48080.09267091751
-9594,-9594,118,48471.61229276657
-9594,-9594,119,48866.39282631874
-9594,-9594,120,49255.97911453247
-9594,-9594,121,49644.99530959129
-9594,-9594,122,50033.39450097084
-9594,-9594,123,50423.270674705505
-9594,-9594,124,50813.1584174633
-9594,-9594,125,51209.772235155106
-9594,-9594,126,51614.50760483742
-9594,-9594,127,52018.71320438385
-9594,-9594,128,52427.461916685104
-9594,-9594,129,52838.15488243103
-9594,-9594,130,53240.96561384201
-9594,-9594,131,53648.95019197464
-9594,-9594,132,54052.19045186043
-9594,-9594,133,54447.686559677124
-9594,-9594,134,54844.66998386383
-9594,-9594,135,55248.466579675674
-9594,-9594,136,55646.27875471115
-9594,-9594,137,56041.64715433121
-9594,-9594,138,56439.43654417992
-9594,-9594,139,56836.78393936157
-9594,-9594,140,57240.92259335518
-9594,-9594,141,57643.25469183922
-9594,-9594,142,58033.15193939209
-9594,-9594,143,58425.263469696045
-9594,-9594,144,58815.13073515892
-9594,-9594,145,59213.02426195145
-9594,-9594,146,59610.55187392235
-9594,-9594,147,60000.24717545509
-9594,-9594,148,60399.45384812355
-9594,-9594,149,60789.9065155983
-9594,-9594,150,61180.53299808502
-9594,-9594,151,61576.00296115875
-9594,-9594,152,61967.38481616974
-9594,-9594,153,62362.93029642105
-9594,-9594,154,62754.71626663208
-9594,-9594,155,63152.205102443695
-9594,-9594,156,63545.92827248573
-9594,-9594,157,63942.02165770531
-9594,-9594,158,64342.340572834015
-9594,-9594,159,64738.04572606087
-9594,-9594,160,65134.24350094795
-9594,-9594,161,65530.247183561325
-9594,-9594,162,65927.25379610062
-9594,-9594,163,66319.78129935265
-9594,-9594,164,66716.91786050797
-9594,-9594,165,67114.24911928177
-9594,-9594,166,67512.55224275589
-9594,-9594,167,67906.03493762016
-9594,-9594,168,68304.34897208214
-9594,-9594,169,68705.24120044708
-9594,-9594,170,69103.77123856544
-9594,-9594,171,69493.86800289154
-9594,-9594,172,69891.45106434822
-9594,-9594,173,70286.86724042892
-9594,-9594,174,70680.02882838249
-9594,-9594,175,71073.42882966995
-9594,-9594,176,71466.73782610893
-9594,-9594,177,71855.2998456955
-9594,-9594,178,72247.54799485207
-9594,-9594,179,72645.36410284042
-9594,-9594,180,73039.7555565834
-9594,-9594,181,73431.66715168953
-9594,-9594,182,73822.80293869972
-9594,-9594,183,74217.82675504684
-9594,-9594,184,74609.19408535957
-9594,-9594,185,75001.45229101181
-9594,-9594,186,75392.73816466331
-9594,-9594,187,75792.96880483627
-9594,-9594,188,76193.91393756866
-9594,-9594,189,76585.86881136894
-9594,-9594,190,76976.2747387886
-9594,-9594,191,77367.52195334435
-9594,-9594,192,77764.56394028664
-9594,-9594,193,78163.21480631828
-9594,-9594,194,78565.87621498108
-9594,-9594,195,78965.4813337326
-9594,-9594,196,79359.30481815338
-9594,-9594,197,79751.09361195564
-9594,-9594,198,80148.48551988602
-9594,-9594,199,80547.02919602394
-9594,-9594,200,80951.42060685158
-9594,-9594,201,81344.81874680519
-9594,-9594,202,81737.8696885109
-9594,-9594,203,82129.6686809063
-9594,-9594,204,82521.02065134048
-9594,-9594,205,82912.2125389576
-9594,-9594,206,83300.134141922
-9594,-9594,207,83691.06499528885
-9594,-9594,208,84083.73106598854
-9594,-9594,209,84479.0846452713
-9594,-9594,210,84882.46537089348
-9594,-9594,211,85283.99056839943
-9594,-9594,212,85673.3034145832
-9594,-9594,213,86069.11369085312