
-9460,-9460,0,265.16197872161865
-9494,-9494,1,550.5129599571228
-9513,-9513,2,840.0979311466217
-9528,-9528,3,1136.1315352916718
-9541,-9541,4,1433.4454309940338
-9548,-9548,5,1732.397263288498
-9559,-9559,6,2031.8834896087646
-9562,-9562,7,2331.8572347164154
-9571,-9571,8,2631.82417678833
-9574,-9574,9,2931.640458345413
-9578,-9578,10,3230.606610774994
-9581,-9581,11,3528.615587949753
-9581,-9581,12,3824.718842983246
-9582,-9582,13,4120.07791519165
-9584,-9584,14,4414.447375297546
-9585,-9585,15,4708.03587269783
-9585,-9585,16,5001.552381277084
-9586,-9586,17,5293.784484863281
-9587,-9587,18,5585.174226284027
-9587,-9587,19,5874.878237724304
-9588,-9588,20,6163.832834720612
-9589,-9589,21,6452.877123117447
-9589,-9589,22,6741.7159588336945
-9589,-9589,23,7028.531215429306
-9589,-9589,24,7314.347080945969
-9589,-9589,25,7599.590378522873
-9589,-9589,26,7884.856036663055
-9590,-9590,27,8169.85059094429
-9590,-9590,28,8454.799017190933
-9590,-9590,29,8740.586924552917
-9590,-9590,30,9024.896443605423
-9590,-9590,31,9307.47475886345
-9590,-9590,32,9590.15348815918
-9590,-9590,33,9873.653956890106
-9590,-9590,34,10157.420005083084
-9590,-9590,35,10440.380057811737
-9590,-9590,36,10723.801624536514
-9590,-9590,37,11006.871089696884
-9590,-9590,38,11289.34399652481
-9590,-9590,39,11572.462159872055
-9590,-9590,40,11853.26976108551
-9590,-9590,41,12133.469465732574
-9590,-9590,42,12413.539956569672
-9590,-9590,43,12693.875450611115
-9590,-9590,44,12975.198330640793
-9590,-9590,45,13255.927160978317
-9590,-9590,46,13537.091692447662
-9590,-9590,47,13818.747058868408
-9590,-9590,48,14100.964086532593
-9590,-9590,49,14382.179186344147
-9590,-9590,50,14663.552735805511
-9590,-9590,51,14945.27656507492
-9590,-9590,52,15227.584939718246
-9590,-9590,53,15509.73015499115
-9590,-9590,54,15790.535166025162
-9590,-9590,55,16070.445850849152
-9590,-9590,56,16353.997335910797
-9590,-9590,57,16633.945620059967
-9590,-9590,58,16914.136520385742
-9590,-9590,59,17194.451008796692
-9590,-9590,60,17474.63525891304
-9590,-9590,61,17755.451777935028
-9590,-9590,62,18035.813726186752
-9590,-9590,63,18316.429124832153
-9590,-9590,64,18597.67188477516
-9590,-9590,65,18878.56925344467
-9590,-9590,66,19159.7886095047
-9590,-9590,67,19440.710783958435
-9590,-9590,68,19722.828134536743
-9590,-9590,69,20003.408507823944
-9590,-9590,70,20284.133783340454
-9590,-9590,71,20564.925033569336
-9590,-9590,72,20845.434764623642
-9590,-9590,73,21126.393224716187
-9590,-9590,74,21406.981120824814
-9590,-9590,75,21688.080575227737
-9590,-9590,76,21968.31896495819
-9590,-9590,77,22249.254721164703
-9590,-9590,78,22529.604499816895
-9590,-9590,79,22810.465131998062
-9590,-9590,80,23091.513687610626
-9590,-9590,81,23372.256199121475
-9590,-9590,82,23652.877070903778
-9590,-9590,83,23934.728288650513
-9590,-9590,84,24216.288447141647
-9590,-9590,85,24497.687455415726
-9590,-9590,86,24781.090620040894
-9590,-9590,87,25062.45937848091
-9590,-9590,88,25343.992795944214
-9590,-9590,89,25625.247702121735
-9590,-9590,90,25907.476408720016
-9590,-9590,91,26189.496765851974
-9590,-9590,92,26470.606866836548
-9590,-9590,93,26751.596937179565
-9590,-9590,94,27032.9836769104
-9590,-9590,95,27314.674423456192
-9590,-9590,96,27595.70245742798
-9590,-9590,97,27876.002544879913
-9590,-9590,98,28156.048594236374
-9590,-9590,99,28436.308351278305
-9590,-9590,100,28716.332400083542
-9590,-9590,101,28996.357072353363
-9590,-9590,102,29276.4978621006
-9590,-9590,103,29556.89123773575
-9590,-9590,104,29837.679760217667
-9590,-9590,105,30118.33959889412
-9590,-9590,106,30397.970551490784
-9590,-9590,107,30678.210705280304
-9590,-9590,108,30958.4901099205
-9590,-9590,109,31238.681785583496
-9590,-9590,110,31518.12871479988
-9590,-9590,111,31798.15568256378
-9590,-9590,112,32078.09656047821
-9590,-9590,113,32359.06151175499
-9590,-9590,114,32638.963184833527
-9590,-9590,115,32919.562938928604
-9590,-9590,116,33199.61735153198
-9590,-9590,117,33479.121502161026
-9590,-9590,118,33758.922157764435
-9590,-9590,119,34037.89944648743
-9590,-9590,120,34317.22217178345
-9590,-9590,121,34597.48607325554
-9590,-9590,122,34877.51643013954
-9590,-9590,123,35157.84475040436
-9590,-9590,124,35437.54940676689
-9590,-9590,125,35718.262924194336
-9590,-9590,126,35998.03140449524
-9590,-9590,127,36278.27999281883
-9590,-9590,128,36557.40115213394
-9590,-9590,129,36837.17087101936
-9590,-9590,130,37116.49614787102
-9590,-9590,131,37396.029786109924
-9590,-9590,132,37675.10136342049
-9590,-9590,133,37954.53799891472
-9590,-9590,134,38234.26822805405
-9590,-9590,135,38513.35416221619
-9591,-9591,136,38792.08415341377
-9591,-9590,137,39071.117678403854
-9591,-9590,138,39352.062128543854
-9591,-9590,139,39631.89607620239
-9591,-9590,140,39911.65384268761
-9591,-9591,141,40190.358352422714
-9591,-9590,142,40468.42658805847
-9591,-9591,143,40747.417056560516
-9591,-9590,144,41026.78486871719
-9591,-9591,145,41305.86799931526
-9591,-9591,146,41585.613408088684
-9591,-9591,147,41865.533767938614
-9591,-9591,148,42144.94115948677
-9591,-9591,149,42423.87316465378
-9591,-9591,150,42703.67133498192
-9591,-9591,151,42982.73703336716
-9591,-9591,152,43261.5430624485
-9591,-9591,153,43540.8394408226
-9591,-9591,154,43819.963163137436
-9591,-9591,155,44099.29084825516
-9591,-9591,156,44378.49376440048
-9591,-9591,157,44657.5185341835
-9591,-9591,158,44937.694819927216
-9591,-9591,159,45219.60978722572
-9591,-9591,160,45500.07969403267
-9591,-9591,161,45778.981916189194
-9591,-9591,162,46058.73059177399
-9591,-9591,163,46337.57064247131
-9591,-9591,164,46617.732739925385
-9591,-9591,165,46897.68019461632
-9591,-9591,166,47177.963126182556
-9591,-9591,167,47457.11286830902
-9591,-9591,168,47736.17576432228
-9591,-9591,169,48014.96723270416
-9591,-9591,170,48294.49162054062
-9591,-9591,171,48573.251977682114
-9591,-9591,172,48852.77057695389
-9591,-9591,173,49130.99902319908
-9591,-9591,174,49409.30668377876
-9591,-9591,175,49687.7250726223
-9591,-9591,176,49965.77014160156
-9591,-9591,177,50243.930545806885
-9591,-9591,178,50522.42702651024
-9591,-9591,179,50801.87146139145
-9591,-9591,180,51080.39526486397
-9591,-9591,181,51359.36327505112
-9591,-9591,182,51638.52254343033
-9591,-9591,183,51918.26665711403
-9591,-9591,184,52197.93713974953
-9591,-9591,185,52477.118050813675
-9591,-9591,186,52756.91000413895
-9591,-9591,187,53035.700186014175
-9591,-9591,188,53314.630177259445
-9591,-9591,189,53593.00314593315
-9591,-9591,190,53872.51128458977
-9591,-9591,191,54151.3165371418
-9591,-9591,192,54430.37325644493
-9591,-9591,193,54710.17116475105
-9591,-9591,194,54988.57969760895
-9591,-9591,195,55267.208770275116
-9591,-9591,196,55545.9669148922
-9591,-9591,197,55824.762937784195
-9591,-9591,198,56105.48167872429
-9591,-9591,199,56384.20762467384
-9591,-9591,200,56662.91917181015
-9591,-9591,201,56941.72656130791
-9591,-9591,202,57220.331981897354
-9591,-9591,203,57498.92995882034
-9591,-9591,204,57777.53230237961
-9591,-9591,205,58056.02324104309
-9591,-9591,206,58335.2790389061
-9591,-9591,207,58615.63704299927
-9591,-9591,208,58895.82390713692
-9591,-9591,209,59176.80468416214
-9591,-9591,210,59457.11636662483
-9591,-9591,211,59736.63870406151
-9591,-9591,212,60016.40763616562
-9591,-9591,213,60296.47392868996
-9591,-9591,214,60575.605828762054
-9591,-9591,215,60855.451020240784
-9591,-9591,216,61134.759370326996
-9591,-9591,217,61414.44309568405
-9591,-9591,218,61693.82688713074
-9591,-9591,219,61971.69910955429
-9591,-9591,220,62249.14407324791
-9591,-9591,221,62526.901931762695
-9591,-9591,222,62804.43105316162
-9591,-9591,223,63082.458351135254
-9591,-9591,224,63361.43215370178
-9591,-9591,225,63639.1209192276
-9591,-9591,226,63917.56291627884
-9591,-9591,227,64195.57154774666
-9591,-9591,228,64474.37730741501
-9591,-9591,229,64753.83640503883
-9591,-9591,230,65032.84430170059
-9591,-9591,231,65310.10733914375
-9591,-9591,232,65587.45574259758
-9591,-9591,233,65865.88219451904
-9591,-9591,234,66143.62534332275
-9591,-9591,235,66421.61982393265
-9591,-9591,236,66699.84873867035
-9591,-9591,237,66976.8971555233
-9591,-9591,238,67254.9380414486
-9591,-9591,239,67533.68803811073
-9591,-9591,240,67812.8180770874
-9591,-9591,241,68091.19260954857
-9591,-9591,242,68368.40140032768
-9591,-9591,243,68645.82497286797
-9591,-9591,244,68923.14309930801
-9591,-9591,245,69201.29530739784
-9591,-9591,246,69479.7720952034
-9591,-9591,247,69757.26496934891
-9591,-9591,248,70035.76245808601
-9591,-9591,249,70314.39989709854
-9591,-9591,250,70591.68445515633
-9591,-9591,251,70871.02874135971
-9591,-9591,252,71150.79895830154
-9591,-9591,253,71429.86091184616
-9591,-9591,254,71708.158598423
-9591,-9591,255,71985.4117257595
-9591,-9591,256,72262.63011813164
-9591,-9591,257,72539.96559739113
-9591,-9591,258,72817.60103368759
-9591,-9591,259,73096.23444890976
-9591,-9591,260,73373.79166340828
-9591,-9591,261,73651.82029175758
-9591,-9591,262,73929.14775562286
-9591,-9591,263,74206.41876840591
-9591,-9591,264,74483.70687031746
-9591,-9591,265,74761.7032198906
-9591,-9591,266,75039.02163004875
-9591,-9591,267,75316.75639438629
-9591,-9591,268,75595.07818937302
-9591,-9591,269,75873.59673810005
-9591,-9591,270,76152.30158877373
-9591,-9591,271,76431.41231226921
-9591,-9591,272,76709.51075696945
-9591,-9591,273,76988.06464648247
-9591,-9591,274,77266.82239151001
-9591,-9591,275,77545.33964443207
-9591,-9591,276,77823.52753281593
-9591,-9591,277,78102.01359939575
-9591,-9591,278,78382.14123725891
-9591,-9591,279,78662.27746963501
-9591,-9591,280,78939.70273518562
-9591,-9591,281,79217.7111492157
-9591,-9591,282,79497.03619527817
-9591,-9591,283,79776.53277993202
-9591,-9591,284,80054.12384033203
-9591,-9591,285,80331.74818563461
-9591,-9591,286,80609.3778295517
-9591,-9591,287,80886.63474535942
-9591,-9591,288,81164.53188991547
-9591,-9591,289,81441.70645880699
-9591,-9591,290,81719.18283319473
-9591,-9591,291,81996.99043679237
-9591,-9591,292,82275.84709382057
-9591,-9591,293,82555.4194381237
-9591,-9591,294,82836.45470285416
-9591,-9591,295,83114.45584106445
-9591,-9591,296,83391.63863301277
-9591,-9591,297,83668.9830737114
-9591,-9591,298,83947.20052552223
-9591,-9591,299,84226.00801539421
-9591,-9591,300,84503.62735843658
-9591,-9591,301,84781.64854979515
-9591,-9591,302,85059.23571252823
-9591,-9591,303,85338.58003115654
-9591,-9591,304,85617.27956080437
-9591,-9591,305,85897.83907675743
-9591,-9591,306,86175.25616264343