
-18991,-18991,0,91.08081030845642
-19053,-19053,1,209.72220706939697
-19091,-19091,2,325.5892901420593
-19103,-19103,3,445.05794763565063
-19117,-19117,4,563.5187931060791
-19132,-19132,5,681.3439176082611
-19144,-19144,6,798.7912175655365
-19153,-19153,7,915.610399723053
-19159,-19159,8,1031.771398305893
-19173,-19173,9,1147.043755531311
-19181,-19181,10,1260.7859361171722
-19186,-19186,11,1373.6478276252747
-19193,-19193,12,1486.3553836345673
-19199,-19199,13,1598.5786366462708
-19205,-19205,14,1710.3446192741394
-19207,-19207,15,1821.7336659431458
-19217,-19217,16,1932.704668521881
-19217,-19216,17,2043.3681905269623
-19217,-19217,18,2154.082998275757
-19226,-19226,19,2264.732967376709
-19228,-19228,20,2375.5160999298096
-19230,-19230,21,2485.735164642334
-19230,-19230,22,2595.9699099063873
-19231,-19231,23,2706.1776325702667
-19232,-19232,24,2816.592654943466
-19232,-19232,25,2926.3121099472046
-19235,-19235,26,3037.0554111003876
-19238,-19238,27,3146.407156229019
-19240,-19240,28,3256.30406332016
-19240,-19240,29,3366.034918785095
-19241,-19241,30,3476.32826256752
-19242,-19242,31,3586.066203355789
-19242,-19242,32,3696.0769040584564
-19242,-19242,33,3806.1129097938538
-19242,-19242,34,3915.8805179595947
-19242,-19242,35,4026.1027793884277
-19242,-19242,36,4136.0899567604065
-19243,-19243,37,4246.464857339859
-19243,-19243,38,4356.837057590485
-19244,-19244,39,4467.404589414597
-19244,-19244,40,4577.8168568611145
-19244,-19244,41,4688.681067228317
-19244,-19244,42,4799.457113981247
-19244,-19244,43,4910.358801603317
-19245,-19245,44,5021.816184997559
-19245,-19245,45,5133.393434047699
-19245,-19245,46,5245.048457860947
-19245,-19245,47,5356.243630409241
-19246,-19246,48,5467.651688814163
-19246,-19245,49,5579.354406118393
-19246,-19245,50,5690.819718122482
-19246,-19246,51,5802.280281305313
-19246,-19246,52,5914.067097663879
-19246,-19246,53,6026.269472837448
-19246,-19246,54,6138.266001224518
-19246,-19246,55,6250.298810958862
-19246,-19246,56,6362.5156972408295
-19247,-19247,57,6474.845760822296
-19247,-19247,58,6587.184092998505
-19248,-19248,59,6699.652179479599
-19248,-19248,60,6811.218239545822
-19248,-19248,61,6923.688128232956
-19249,-19249,62,7036.2433314323425
-19250,-19250,63,7148.335564136505
-19251,-19251,64,7260.725154161453
-19251,-19250,65,7373.41467833519
-19251,-19251,66,7485.365936040878
-19251,-19251,67,7597.284460544586
-19253,-19253,68,7709.10130405426
-19253,-19251,69,7821.285123825073
-19253,-19253,70,7933.346499919891
-19254,-19254,71,8045.271119356155
-19254,-19253,72,8157.963094234467
-19254,-19254,73,8270.560550689697
-19254,-19254,74,8383.30959534645
-19255,-19255,75,8496.274159431458
-19255,-19255,76,8609.009983301163
-19255,-19255,77,8722.013802289963
-19255,-19255,78,8834.633662223816
-19255,-19255,79,8947.613156557083
-19255,-19255,80,9059.641170024872
-19255,-19255,81,9171.619173765182
-19255,-19255,82,9283.728045463562
-19255,-19255,83,9396.38755106926
-19256,-19256,84,9509.158380746841
-19256,-19256,85,9621.84592294693
-19256,-19256,86,9734.305287837982
-19257,-19257,87,9847.716158628464
-19257,-19257,88,9960.271931171417
-19258,-19258,89,10073.466282129288
-19258,-19258,90,10186.645830154419
-19258,-19258,91,10299.944558143616
-19258,-19258,92,10413.262579202652
-19258,-19258,93,10525.725355386734
-19258,-19258,94,10638.411610841751
-19258,-19258,95,10751.084514379501
-19258,-19258,96,10864.666280984879
-19258,-19258,97,10977.786781072617
-19258,-19258,98,11091.386898517609
-19258,-19258,99,11204.352364301682
-19258,-19258,100,11317.117444992065
-19259,-19259,101,11430.622118234634
-19259,-19259,102,11544.255126953125
-19259,-19259,103,11657.621660232544
-19259,-19259,104,11770.025493383408
-19259,-19259,105,11883.085687160492
-19260,-19260,106,11996.222069740295
-19261,-19261,107,12109.221366643906
-19261,-19261,108,12221.617228269577
-19261,-19261,109,12334.514293909073
-19262,-19262,110,12447.53661942482
-19263,-19263,111,12560.566869735718
-19263,-19263,112,12673.10057258606
-19263,-19262,113,12786.27466058731
-19263,-19263,114,12899.403819561005
-19263,-19263,115,13012.620517730713
-19263,-19263,116,13125.016784191132
-19263,-19263,117,13238.302109003067
-19263,-19263,118,13351.306565761566
-19263,-19263,119,13464.294738769531
-19263,-19263,120,13576.852298736572
-19263,-19263,121,13690.180261850357
-19263,-19263,122,13803.78536438942
-19263,-19263,123,13917.230054616928
-19263,-19263,124,14030.09501838684
-19263,-19263,125,14143.64342045784
-19263,-19263,126,14257.333725214005
-19263,-19263,127,14370.597458600998
-19263,-19263,128,14484.317893743515
-19264,-19264,129,14597.573145389557
-19264,-19264,130,14711.08610367775
-19264,-19263,131,14824.498024702072
-19264,-19264,132,14937.709528923035
-19264,-19264,133,15051.231692552567
-19264,-19264,134,15164.754888296127
-19264,-19264,135,15278.276367664337
-19264,-19264,136,15390.90591287613
-19264,-19264,137,15504.260154485703
-19264,-19264,138,15617.813012838364
-19264,-19264,139,15731.11808180809
-19264,-19264,140,15843.726155757904
-19264,-19264,141,15957.184804439545
-19264,-19264,142,16070.588418006897
-19264,-19264,143,16183.861150026321
-19264,-19264,144,16296.660670995712
-19264,-19264,145,16410.53457403183
-19265,-19265,146,16524.05245614052
-19265,-19265,147,16637.698926448822
-19265,-19265,148,16750.72093105316
-19265,-19265,149,16864.24909234047
-19265,-19265,150,16977.81480240822
-19265,-19265,151,17091.253336906433
-19265,-19265,152,17204.282025814056
-19265,-19265,153,17317.8942155838
-19265,-19265,154,17431.59907603264
-19265,-19265,155,17545.26670050621
-19265,-19265,156,17658.5527780056
-19265,-19265,157,17772.100011110306
-19265,-19265,158,17885.69325351715
-19265,-19265,159,17999.37306523323
-19265,-19265,160,18112.411114692688
-19265,-19265,161,18226.39571928978
-19265,-19265,162,18340.41110777855
-19265,-19265,163,18454.002856492996
-19265,-19265,164,18566.887724161148
-19266,-19266,165,18680.434323310852
-19266,-19266,166,18794.21132540703
-19267,-19267,167,18907.565210819244
-19267,-19267,168,19020.36861348152
-19267,-19267,169,19133.842984437943
-19268,-19268,170,19247.73163676262
-19268,-19267,171,19361.355091810226
-19269,-19269,172,19474.394158124924
-19269,-19269,173,19588.525594234467
-19269,-19269,174,19702.335414409637
-19269,-19269,175,19816.040086984634
-19269,-19269,176,19928.90001654625
-19269,-19269,177,20042.540867328644
-19269,-19269,178,20156.3930850029
-19269,-19269,179,20270.236124277115
-19269,-19269,180,20383.163975715637
-19269,-19269,181,20497.15524315834
-19269,-19269,182,20610.80068898201
-19269,-19269,183,20724.52707338333
-19269,-19269,184,20837.6876847744
-19269,-19269,185,20951.57350897789
-19269,-19269,186,21065.09723162651
-19270,-19270,187,21178.687195539474
-19270,-19270,188,21291.656979560852
-19270,-19270,189,21405.264956235886
-19270,-19270,190,21518.932983636856
-19270,-19270,191,21632.796882629395
-19270,-19270,192,21745.817676067352
-19270,-19270,193,21859.37148666382
-19270,-19270,194,21972.834070682526
-19270,-19270,195,22086.266358613968
-19270,-19270,196,22199.043321847916
-19270,-19270,197,22312.579080343246
-19271,-19271,198,22426.18947482109
-19271,-19271,199,22539.68100118637
-19271,-19271,200,22652.798338651657
-19271,-19271,201,22766.14546108246
-19271,-19271,202,22879.77982187271
-19271,-19271,203,22993.418199062347
-19271,-19271,204,23106.43660378456
-19271,-19271,205,23220.050912857056
-19271,-19271,206,23333.645018815994
-19272,-19272,207,23447.221334934235
-19272,-19271,208,23559.911412715912
-19272,-19272,209,23673.47099351883
-19272,-19272,210,23787.113398313522
-19272,-19272,211,23900.896963357925
-19272,-19272,212,24013.76685476303
-19272,-19272,213,24127.584911823273
-19272,-19272,214,24241.105015277863
-19272,-19272,215,24354.515872716904
-19272,-19272,216,24467.22040438652
-19272,-19272,217,24580.895347833633
-19272,-19272,218,24694.6473300457
-19272,-19272,219,24808.32281756401
-19272,-19272,220,24921.199660778046
-19272,-19272,221,25034.846992254257
-19273,-19273,222,25148.405869960785
-19273,-19272,223,25261.868714571
-19273,-19273,224,25375.067813158035
-19273,-19273,225,25488.705956220627
-19273,-19273,226,25602.24265909195
-19273,-19273,227,25715.88963484764
-19273,-19273,228,25828.715676546097
-19273,-19273,229,25942.46993947029
-19273,-19273,230,26056.03037762642
-19273,-19273,231,26169.660920143127
-19274,-19274,232,26282.5812561512
-19274,-19274,233,26396.276161193848
-19274,-19274,234,26509.845306634903
-19274,-19274,235,26623.45102596283
-19274,-19274,236,26736.226733207703
-19274,-19274,237,26849.7770280838
-19274,-19274,238,26963.34783744812
-19274,-19274,239,27076.91076874733
-19274,-19274,240,27190.013522148132
-19274,-19274,241,27303.55204820633
-19274,-19274,242,27417.265902996063
-19274,-19274,243,27530.857113838196
-19274,-19274,244,27643.742264270782
-19274,-19274,245,27757.46591114998
-19274,-19274,246,27871.191244840622
-19274,-19274,247,27984.829646110535
-19274,-19274,248,28097.697011709213
-19274,-19274,249,28211.13408756256
-19274,-19274,250,28324.885055303574
-19274,-19274,251,28438.671005249023
-19274,-19274,252,28551.723926782608
-19274,-19274,253,28665.787465810776
-19274,-19274,254,28779.667774915695
-19274,-19274,255,28893.534069776535
-19274,-19274,256,29006.71082830429
-19274,-19274,257,29120.374546289444
-19274,-19274,258,29233.915135622025
-19274,-19274,259,29347.533825159073
-19274,-19274,260,29460.647000789642
-19274,-19274,261,29574.467941761017
-19274,-19274,262,29688.372077465057
-19274,-19274,263,29801.869132995605
-19274,-19274,264,29914.97043323517
-19274,-19274,265,30028.88387656212
-19274,-19274,266,30142.697510957718
-19274,-19274,267,30256.472017526627
-19274,-19274,268,30369.388893842697
-19274,-19274,269,30483.282249212265
-19274,-19274,270,30597.209070682526
-19274,-19274,271,30710.84978413582
-19274,-19274,272,30823.70563006401
-19274,-19274,273,30937.57211780548
-19274,-19274,274,31051.37473487854
-19274,-19274,275,31165.159178495407
-19275,-19275,276,31278.249528169632
-19275,-19275,277,31392.226078510284
-19275,-19275,278,31506.01420736313
-19275,-19275,279,31619.956353902817
-19275,-19275,280,31732.746101617813
-19275,-19275,281,31846.444347143173
-19275,-19275,282,31960.451580762863
-19275,-19275,283,32074.565697193146
-19275,-19275,284,32187.757276058197
-19275,-19275,285,32301.39809370041
-19275,-19275,286,32415.500786066055
-19275,-19275,287,32529.55205988884
-19275,-19275,288,32642.750154972076
-19275,-19275,289,32756.723145008087
-19275,-19275,290,32870.62844944
-19275,-19275,291,32984.54651713371
-19275,-19275,292,33097.75568509102
-19275,-19275,293,33211.71188735962
-19275,-19275,294,33325.7561480999
-19275,-19275,295,33439.4779484272
-19275,-19275,296,33552.56499361992
-19275,-19275,297,33666.380017519
-19275,-19275,298,33780.15266871452
-19275,-19275,299,33893.88989043236
-19275,-19275,300,34007.059567928314
-19275,-19275,301,34120.523000478745
-19275,-19275,302,34234.227518081665
-19275,-19275,303,34348.21499276161
-19275,-19275,304,34461.10761165619
-19275,-19275,305,34574.722692251205
-19275,-19275,306,34688.380271196365
-19275,-19275,307,34802.19973349571
-19275,-19275,308,34915.12489557266
-19275,-19275,309,35028.898013830185
-19275,-19275,310,35142.65664553642
-19275,-19275,311,35256.35540890694
-19275,-19275,312,35369.07739686966
-19275,-19275,313,35482.800835847855
-19275,-19275,314,35596.443997859955
-19275,-19275,315,35710.129509687424
-19275,-19275,316,35823.01071238518
-19275,-19275,317,35936.92528629303
-19275,-19275,318,36050.657207489014
-19275,-19275,319,36164.54452610016
-19275,-19275,320,36277.73739981651
-19275,-19275,321,36391.401760816574
-19275,-19275,322,36505.23380470276
-19275,-19275,323,36619.130823373795
-19275,-19275,324,36732.06176519394
-19275,-19275,325,36845.584104299545
-19275,-19275,326,36959.40500950813
-19275,-19275,327,37073.20175862312
-19275,-19275,328,37185.915130615234
-19275,-19275,329,37299.66653633118
-19275,-19275,330,37413.1757273674
-19275,-19275,331,37526.784454107285
-19275,-19275,332,37639.739063978195
-19275,-19275,333,37753.444107055664
-19275,-19275,334,37867.08166742325
-19275,-19275,335,37980.89894294739
-19275,-19275,336,38093.89414191246
-19275,-19275,337,38207.562047719955
-19275,-19275,338,38321.49364066124
-19275,-19275,339,38435.21956586838
-19275,-19275,340,38548.36008143425
-19275,-19275,341,38662.24460196495
-19275,-19275,342,38775.88110613823
-19275,-19275,343,38889.72239232063
-19275,-19275,344,39002.64076089859
-19275,-19275,345,39116.51794433594
-19275,-19275,346,39230.30545115471
-19275,-19275,347,39344.147530555725
-19275,-19275,348,39457.298625946045
-19275,-19275,349,39571.08849596977
-19275,-19275,350,39684.790469646454
-19275,-19275,351,39798.77896976471
-19275,-19275,352,39912.047765016556
-19275,-19275,353,40025.907675266266
-19275,-19275,354,40139.93703484535
-19275,-19275,355,40254.27183127403
-19275,-19275,356,40367.2819545269
-19275,-19275,357,40481.11087179184
-19275,-19275,358,40595.06975889206
-19275,-19275,359,40708.99499821663
-19275,-19275,360,40822.17495846748
-19275,-19275,361,40936.355618953705
-19275,-19275,362,41050.46413207054
-19275,-19275,363,41164.373675346375
-19275,-19275,364,41277.905248880386
-19275,-19275,365,41391.87182855606
-19275,-19275,366,41505.67188119888
-19275,-19275,367,41619.73602581024
-19275,-19275,368,41732.809607982635
-19275,-19275,369,41846.73153233528
-19275,-19275,370,41960.40901708603
-19275,-19275,371,42074.08752298355
-19275,-19275,372,42187.25253200531
-19275,-19275,373,42301.19620656967
-19275,-19275,374,42415.237631082535
-19275,-19275,375,42529.23960351944
-19275,-19275,376,42642.68580055237
-19275,-19275,377,42756.58722162247
-19275,-19275,378,42870.55603122711
-19275,-19275,379,42984.24287486076
-19275,-19275,380,43097.434285879135
-19275,-19275,381,43211.227075338364
-19275,-19275,382,43325.01416683197
-19275,-19275,383,43438.91367983818
-19275,-19275,384,43552.1102077961
-19275,-19275,385,43666.165274858475
-19275,-19275,386,43780.143991708755
-19275,-19275,387,43894.136541843414
-19275,-19275,388,44007.290872335434
-19275,-19275,389,44121.08980822563
-19275,-19275,390,44234.89157271385
-19275,-19275,391,44348.74770069122
-19275,-19275,392,44461.85505914688
-19275,-19275,393,44575.82779741287
-19275,-19275,394,44689.821075201035
-19275,-19275,395,44803.78273367882
-19275,-19275,396,44917.04087996483
-19275,-19275,397,45030.98953175545
-19275,-19275,398,45144.74862909317
-19275,-19275,399,45258.45311999321
-19275,-19275,400,45371.41320538521
-19275,-19275,401,45485.11652588844
-19275,-19275,402,45599.173077106476
-19275,-19275,403,45713.20799994469
-19275,-19275,404,45826.82251262665
-19275,-19275,405,45940.97719669342
-19275,-19275,406,46054.754742622375
-19275,-19275,407,46168.662667512894
-19275,-19275,408,46281.81221628189
-19275,-19275,409,46395.86444759369
-19275,-19275,410,46510.0537276268
-19275,-19275,411,46623.966081380844
-19275,-19275,412,46737.38111948967
-19275,-19275,413,46851.59754014015
-19275,-19275,414,46965.774443387985
-19275,-19275,415,47079.88743495941
-19275,-19275,416,47193.26749110222
-19275,-19275,417,47307.267395973206
-19275,-19275,418,47421.19477057457
-19275,-19275,419,47535.31621170044
-19275,-19275,420,47648.49527430534
-19275,-19275,421,47762.74753189087
-19275,-19275,422,47876.97006583214
-19275,-19275,423,47991.20422697067
-19275,-19275,424,48104.442724227905
-19275,-19275,425,48218.547389507294
-19275,-19275,426,48332.626551151276
-19275,-19275,427,48447.05998444557
-19275,-19275,428,48560.50425672531
-19275,-19275,429,48674.27999973297
-19275,-19275,430,48788.45689320564
-19275,-19275,431,48902.34354567528
-19275,-19275,432,49015.46162438393
-19275,-19275,433,49129.48153400421
-19275,-19275,434,49243.58992552757
-19275,-19275,435,49357.70218491554
-19275,-19275,436,49470.886292696
-19275,-19275,437,49584.63385128975
-19275,-19275,438,49698.84103488922
-19275,-19275,439,49812.762048482895
-19275,-19275,440,49925.972806215286
-19275,-19275,441,50040.06851363182
-19275,-19275,442,50154.29863858223
-19275,-19275,443,50268.430579423904
-19275,-19275,444,50381.62831354141
-19275,-19275,445,50495.57132458687
-19275,-19275,446,50609.64785885811
-19275,-19275,447,50723.82990694046
-19275,-19275,448,50837.32235169411
-19275,-19275,449,50951.48510885239
-19275,-19275,450,51065.54357123375
-19275,-19275,451,51179.79283428192
-19275,-19275,452,51293.223022699356
-19275,-19275,453,51407.596935749054
-19275,-19275,454,51521.747331380844
-19275,-19275,455,51636.128126621246
-19275,-19275,456,51749.51619911194
-19275,-19275,457,51863.67988872528
-19275,-19275,458,51977.72282361984
-19275,-19275,459,52091.57588386536
-19275,-19275,460,52204.83186817169
-19275,-19275,461,52318.86826610565
-19275,-19275,462,52432.84757566452
-19275,-19275,463,52546.97690677643
-19275,-19275,464,52660.173778772354
-19275,-19275,465,52774.22358727455
-19275,-19275,466,52888.3774869442
-19275,-19275,467,53002.45053768158
-19275,-19275,468,53115.74311494827
-19275,-19275,469,53229.737541913986
-19275,-19275,470,53343.976823568344
-19275,-19275,471,53458.2238984108
-19275,-19275,472,53571.30811166763
-19275,-19275,473,53685.75953531265
-19275,-19275,474,53800.13776445389
-19275,-19275,475,53914.68796157837
-19275,-19275,476,54027.983654499054
-19275,-19275,477,54142.33061885834
-19275,-19275,478,54256.74375128746
-19275,-19275,479,54370.75964522362
-19275,-19275,480,54484.17382121086
-19275,-19275,481,54598.4578602314
-19275,-19275,482,54712.8045232296
-19275,-19275,483,54827.02143383026
-19275,-19275,484,54940.5120677948
-19275,-19275,485,55054.80686831474
-19275,-19275,486,55169.06114459038
-19275,-19275,487,55283.532791376114
-19275,-19275,488,55397.27062368393
-19275,-19275,489,55511.29947566986
-19275,-19275,490,55625.5914311409
-19275,-19275,491,55739.57200503349
-19275,-19275,492,55852.99456071854
-19275,-19275,493,55967.456456422806
-19275,-19275,494,56081.93119931221
-19275,-19275,495,56196.14893698692
-19275,-19275,496,56309.67354679108
-19275,-19275,497,56423.84371638298
-19275,-19275,498,56537.9073779583
-19275,-19275,499,56652.04407143593
-19275,-19275,500,56765.940531015396
-19275,-19275,501,56880.21098637581
-19275,-19275,502,56994.57381796837
-19275,-19275,503,57109.191147089005
-19275,-19275,504,57223.02100586891
-19275,-19275,505,57337.61751818657
-19275,-19275,506,57452.353194475174
-19275,-19275,507,57566.7219543457
-19275,-19275,508,57680.69041967392
-19275,-19275,509,57794.95777249336
-19275,-19275,510,57909.39095044136
-19275,-19275,511,58023.70009422302
-19275,-19275,512,58137.264874219894
-19275,-19275,513,58251.718470811844
-19275,-19275,514,58366.01290297508
-19275,-19275,515,58480.27469420433
-19275,-19275,516,58593.949939489365
-19275,-19275,517,58708.40086007118
-19275,-19275,518,58822.86811065674
-19275,-19275,519,58937.21121454239
-19275,-19275,520,59050.61831140518
-19275,-19275,521,59165.16301846504
-19275,-19275,522,59279.48617100716
-19275,-19275,523,59393.555918455124
-19275,-19275,524,59506.87288188934
-19275,-19275,525,59620.963379859924
-19275,-19275,526,59735.17942595482
-19275,-19275,527,59849.60909485817
-19275,-19275,528,59962.873160362244
-19275,-19275,529,60077.31600046158
-19275,-19275,530,60191.622989177704
-19275,-19275,531,60305.87611699104
-19275,-19275,532,60419.41175317764
-19275,-19275,533,60533.80907535553
-19275,-19275,534,60648.270731687546
-19275,-19275,535,60762.45059633255
-19275,-19275,536,60876.16756606102
-19275,-19275,537,60990.60790991783
-19275,-19275,538,61105.095781326294
-19275,-19275,539,61219.513984680176
-19275,-19275,540,61332.86919736862
-19275,-19275,541,61447.218980550766
-19275,-19275,542,61561.43532156944
-19275,-19275,543,61675.77493929863
-19275,-19275,544,61789.48283672333
-19275,-19275,545,61903.74566626549
-19275,-19275,546,62018.297736644745
-19275,-19275,547,62132.725583314896
-19275,-19275,548,62246.25563502312
-19275,-19275,549,62360.55956816673
-19275,-19275,550,62475.068462371826
-19275,-19275,551,62589.4198551178
-19275,-19275,552,62703.02799105644
-19275,-19275,553,62817.52246260643
-19275,-19275,554,62931.886969566345
-19275,-19275,555,63046.2240653038
-19275,-19275,556,63159.93691778183
-19275,-19275,557,63274.565781354904
-19275,-19275,558,63389.114621162415
-19275,-19275,559,63503.41398644447
-19275,-19275,560,63617.17117547989
-19275,-19275,561,63731.586929798126
-19275,-19275,562,63846.06672358513
-19275,-19275,563,63960.83278083801
-19275,-19275,564,64074.720645189285
-19275,-19275,565,64189.261893987656
-19275,-19275,566,64303.55146050453
-19275,-19275,567,64418.04277920723
-19275,-19275,568,64531.68214082718
-19275,-19275,569,64645.911128520966
-19275,-19275,570,64760.37867450714
-19275,-19275,571,64874.656897068024
-19275,-19275,572,64988.286754608154
-19275,-19275,573,65102.41054582596
-19275,-19275,574,65216.81245827675
-19275,-19275,575,65331.34869933128
-19275,-19275,576,65445.03542256355
-19275,-19275,577,65559.32910203934
-19275,-19275,578,65673.8341653347
-19275,-19275,579,65788.4206662178
-19275,-19275,580,65902.0448217392
-19275,-19275,581,66016.4537858963
-19275,-19275,582,66131.19989323616
-19275,-19275,583,66245.50192546844
-19275,-19275,584,66359.15883541107
-19275,-19275,585,66473.48811793327
-19275,-19275,586,66587.87823939323
-19275,-19275,587,66702.51545667648
-19275,-19275,588,66816.14350581169
-19275,-19275,589,66930.62463927269
-19275,-19275,590,67045.01578092575
-19275,-19275,591,67159.41567969322
-19275,-19275,592,67273.0557103157
-19275,-19275,593,67387.53249120712
-19275,-19275,594,67502.06167674065
-19275,-19275,595,67616.47617936134
-19275,-19275,596,67729.99061203003
-19275,-19275,597,67844.25955557823
-19275,-19275,598,67958.54883527756
-19275,-19275,599,68072.91683840752
-19275,-19275,600,68186.47106838226
-19275,-19275,601,68300.64081692696
-19275,-19275,602,68415.07206058502
-19275,-19275,603,68529.56056809425
-19275,-19275,604,68643.12734246254
-19275,-19275,605,68757.74165725708
-19275,-19275,606,68872.20954537392
-19275,-19275,607,68986.69034266472
-19275,-19275,608,69100.55404376984
-19275,-19275,609,69215.32094979286
-19275,-19275,610,69330.10685038567
-19275,-19275,611,69445.1737639904
-19275,-19275,612,69559.11497974396
-19275,-19275,613,69673.66163802147
-19275,-19275,614,69788.32815504074
-19275,-19275,615,69902.9752445221
-19275,-19275,616,70016.86052942276
-19275,-19275,617,70131.48938417435
-19275,-19275,618,70246.1832036972
-19275,-19275,619,70360.59776973724
-19275,-19275,620,70474.93206262589
-19275,-19275,621,70589.18916893005
-19275,-19275,622,70703.40562653542
-19275,-19275,623,70817.7951362133
-19275,-19275,624,70932.22148108482
-19275,-19275,625,71046.71896290779
-19275,-19275,626,71161.19686460495
-19275,-19275,627,71275.3690598011
-19275,-19275,628,71389.26668310165
-19275,-19275,629,71503.7794137001
-19275,-19275,630,71618.52586913109
-19275,-19275,631,71733.23442626
-19275,-19275,632,71846.88126921654
-19275,-19275,633,71961.28779935837
-19275,-19275,634,72075.58490228653
-19275,-19275,635,72190.04392027855
-19275,-19275,636,72304.52921485901
-19275,-19275,637,72418.88999080658
-19275,-19275,638,72533.27010703087
-19275,-19275,639,72647.5641233921
-19275,-19275,640,72761.66795372963
-19275,-19275,641,72876.06691718102
-19275,-19275,642,72990.26099658012
-19275,-19275,643,73104.39460921288
-19275,-19275,644,73217.88805556297
-19275,-19275,645,73332.31538319588
-19275,-19275,646,73446.71736073494
-19275,-19275,647,73560.87052416801
-19275,-19275,648,73674.50404667854
-19275,-19275,649,73789.06881141663
-19275,-19275,650,73903.42744970322
-19275,-19275,651,74017.79944205284
-19275,-19275,652,74131.55057358742
-19275,-19275,653,74246.08954048157
-19275,-19275,654,74360.8060734272
-19275,-19275,655,74475.10008788109
-19275,-19275,656,74588.75531673431
-19275,-19275,657,74703.54875254631
-19275,-19275,658,74817.88704752922
-19275,-19275,659,74932.62291836739
-19275,-19275,660,75046.23753213882
-19275,-19275,661,75160.71685409546
-19275,-19275,662,75275.18679141998
-19275,-19275,663,75389.54924750328
-19275,-19275,664,75503.0378601551
-19275,-19275,665,75617.44039773941
-19275,-19275,666,75731.60211968422
-19275,-19275,667,75846.07668995857
-19275,-19275,668,75959.78863596916
-19275,-19275,669,76074.01423025131
-19275,-19275,670,76188.50879716873
-19275,-19275,671,76303.01414465904
-19275,-19275,672,76416.71335244179
-19275,-19275,673,76531.18127894402
-19275,-19275,674,76645.55868983269
-19275,-19275,675,76760.19761276245
-19275,-19275,676,76873.92878317833
-19275,-19275,677,76988.56609129906
-19275,-19275,678,77103.00110459328
-19275,-19275,679,77217.60458827019
-19275,-19275,680,77331.6736562252
-19275,-19275,681,77446.34794592857
-19275,-19275,682,77560.9259955883
-19275,-19275,683,77675.89086604118
-19275,-19275,684,77789.53635764122
-19275,-19275,685,77904.26208305359
-19275,-19275,686,78019.02067899704
-19275,-19275,687,78133.5590429306
-19275,-19275,688,78247.98704314232
-19275,-19275,689,78362.90200185776
-19275,-19275,690,78477.47265696526
-19275,-19275,691,78592.34955525398
-19275,-19275,692,78706.40965390205
-19275,-19275,693,78821.0735719204
-19275,-19275,694,78935.6328651905
-19275,-19275,695,79050.27559900284
-19275,-19275,696,79163.74002051353
-19275,-19275,697,79278.08960175514
-19275,-19275,698,79392.53899407387
-19275,-19275,699,79507.49284029007
-19275,-19275,700,79621.54972887039
-19275,-19275,701,79736.43916606903
-19275,-19275,702,79851.16692399979
-19275,-19275,703,79965.56639266014
-19275,-19275,704,80079.63431024551
-19275,-19275,705,80194.06906461716
-19275,-19275,706,80308.55291080475
-19275,-19275,707,80423.09450316429
-19275,-19275,708,80537.01467299461
-19275,-19275,709,80651.50591611862
-19275,-19275,710,80765.90156626701
-19275,-19275,711,80880.54511260986
-19275,-19275,712,80994.12894129753
-19275,-19275,713,81108.87105178833
-19275,-19275,714,81223.33287882805
-19275,-19275,715,81337.84829759598
-19275,-19275,716,81451.5722053051
-19275,-19275,717,81566.00370359421
-19275,-19275,718,81680.2926530838
-19275,-19275,719,81795.03608703613
-19275,-19275,720,81909.0202152729
-19275,-19275,721,82023.67589998245
-19275,-19275,722,82138.0986161232
-19275,-19275,723,82252.5652256012
-19275,-19275,724,82366.98458981514
-19275,-19275,725,82481.35303378105
-19275,-19275,726,82596.19804906845
-19275,-19275,727,82710.82005691528
-19275,-19275,728,82824.62181735039
-19275,-19275,729,82939.1647362709
-19275,-19275,730,83053.74500393867
-19275,-19275,731,83168.23460865021
-19275,-19275,732,83282.01603746414
-19275,-19275,733,83396.58396029472
-19275,-19275,734,83511.36949896812
-19275,-19275,735,83626.04398679733
-19275,-19275,736,83740.03642439842
-19275,-19275,737,83854.56309747696
-19275,-19275,738,83969.25997924805
-19275,-19275,739,84084.08448338509
-19275,-19275,740,84197.96448111534
-19275,-19275,741,84312.77312922478
-19275,-19275,742,84427.56300115585
-19275,-19275,743,84542.43257856369
-19275,-19275,744,84656.25932478905
-19275,-19275,745,84770.81918311119
-19275,-19275,746,84885.63519120216
-19275,-19275,747,85000.34151554108
-19275,-19275,748,85114.57642555237
-19275,-19275,749,85229.52083849907
-19275,-19275,750,85344.37507796288
-19275,-19275,751,85458.94966650009
-19275,-19275,752,85573.08862042427
-19275,-19275,753,85687.98856282234
-19275,-19275,754,85802.7907986641
-19275,-19275,755,85917.60528826714
-19275,-19275,756,86031.57661557198
-19275,-19275,757,86146.14203310013
-19275,-19275,758,86260.82042765617