
-9468,-9468,0,266.0192015171051
-9517,-9517,1,720.8224024772644
-9534,-9534,2,1176.008998632431
-9543,-9543,3,1635.50013589859
-9556,-9556,4,2094.69447350502
-9562,-9562,5,2553.8829436302185
-9566,-9566,6,3012.1221041679382
-9572,-9572,7,3469.14049744606
-9580,-9580,8,3923.9833409786224
-9581,-9581,9,4375.873710155487
-9583,-9583,10,4825.224416732788
-9585,-9585,11,5270.429081201553
-9585,-9585,12,5713.593877315521
-9586,-9586,13,6152.9899089336395
-9587,-9587,14,6586.1931138038635
-9588,-9588,15,7016.907374620438
-9588,-9588,16,7446.697457075119
-9589,-9589,17,7872.875586748123
-9590,-9590,18,8298.03595995903
-9590,-9590,19,8723.638394832611
-9591,-9591,20,9147.241311788559
-9591,-9591,21,9567.78817653656
-9591,-9591,22,9987.352383852005
-9592,-9592,23,10408.879514217377
-9593,-9593,24,10829.136155843735
-9593,-9593,25,11247.348027944565
-9593,-9593,26,11665.517590284348
-9593,-9593,27,12086.377481460571
-9593,-9593,28,12504.149456262589
-9593,-9593,29,12918.883900403976
-9593,-9593,30,13332.665714979172
-9593,-9593,31,13742.181007623672
-9593,-9593,32,14153.68037056923
-9593,-9593,33,14563.347677707672
-9593,-9593,34,14973.308178663254
-9593,-9593,35,15380.95819234848
-9593,-9593,36,15791.573348283768
-9593,-9593,37,16199.309811115265
-9593,-9593,38,16606.97334742546
-9593,-9593,39,17019.349071979523
-9593,-9593,40,17428.66648864746
-9593,-9593,41,17837.24697828293
-9593,-9593,42,18243.355982780457
-9593,-9593,43,18653.023037195206
-9593,-9593,44,19064.622611761093
-9593,-9593,45,19470.333661794662
-9593,-9593,46,19879.677572965622
-9593,-9593,47,20290.384217739105
-9593,-9593,48,20700.20845746994
-9593,-9593,49,21115.748033046722
-9593,-9593,50,21527.815330028534
-9593,-9593,51,21937.885571718216
-9593,-9593,52,22347.006811618805
-9593,-9593,53,22758.946048259735
-9593,-9593,54,23169.786382436752
-9593,-9593,55,23581.427488327026
-9593,-9593,56,23993.50380730629
-9593,-9593,57,24394.33853983879
-9593,-9593,58,24799.98882317543
-9593,-9593,59,25205.75143623352
-9593,-9593,60,25613.207322359085
-9593,-9593,61,26018.85103201866
-9593,-9593,62,26427.28399682045
-9593,-9593,63,26832.832584619522
-9593,-9593,64,27241.758843898773
-9593,-9593,65,27651.85548377037
-9593,-9593,66,28058.4944524765
-9593,-9593,67,28471.581162929535
-9593,-9593,68,28877.88188099861
-9593,-9593,69,29288.607315301895
-9593,-9593,70,29691.73640680313
-9593,-9593,71,30095.183027267456
-9593,-9593,72,30494.332546949387
-9593,-9593,73,30895.389509677887
-9593,-9593,74,31294.377537488937
-9593,-9593,75,31696.8985145092
-9593,-9593,76,32099.93482208252
-9593,-9593,77,32498.625914096832
-9593,-9593,78,32901.31709647179
-9593,-9593,79,33303.93834900856
-9593,-9593,80,33703.16943907738
-9593,-9593,81,34106.1237719059
-9593,-9593,82,34515.05275583267
-9593,-9593,83,34918.015966653824
-9593,-9593,84,35319.27305269241
-9593,-9593,85,35727.88928437233
-9593,-9593,86,36130.47082948685
-9593,-9593,87,36534.51520895958
-9593,-9593,88,36938.04746437073
-9593,-9593,89,37338.18361449242
-9593,-9593,90,37741.01461982727
-9593,-9593,91,38144.02571988106
-9593,-9593,92,38543.880920648575
-9593,-9593,93,38947.282644987106
-9593,-9593,94,39347.5539419651
-9593,-9593,95,39747.44457244873
-9593,-9593,96,40148.17133998871
-9593,-9593,97,40558.273287534714
-9593,-9593,98,40961.65074181557
-9593,-9593,99,41361.14889669418
-9593,-9593,100,41769.98177433014
-9593,-9593,101,42169.98696732521
-9593,-9593,102,42579.48933148384
-9593,-9593,103,42978.41348314285
-9593,-9593,104,43377.44519042969
-9593,-9593,105,43777.105738162994
-9593,-9593,106,44178.76459121704
-9593,-9593,107,44578.20625114441
-9593,-9593,108,44978.605882167816
-9593,-9593,109,45378.0207965374
-9593,-9593,110,45786.55181622505
-9593,-9593,111,46196.2658200264
-9593,-9593,112,46596.82715177536
-9593,-9593,113,47004.89335155487
-9593,-9593,114,47405.13308572769
-9593,-9593,115,47815.55819606781
-9593,-9593,116,48218.40879058838
-9593,-9593,117,48621.541191101074
-9593,-9593,118,49027.783900260925
-9593,-9593,119,49427.137598991394
-9593,-9593,120,49827.834948539734
-9593,-9593,121,50230.27493882179
-9593,-9593,122,50629.96543908119
-9593,-9593,123,51034.73126626015
-9593,-9593,124,51437.47261548042
-9593,-9593,125,51842.75848531723
-9593,-9593,126,52242.987880945206
-9593,-9593,127,52647.310468673706
-9594,-9594,128,53046.51622271538
-9594,-9594,129,53452.557777643204
-9594,-9594,130,53857.46255850792
-9594,-9593,131,54266.290875673294
-9594,-9593,132,54669.584587574005
-9594,-9594,133,55074.080015182495
-9594,-9594,134,55473.73700237274
-9594,-9594,135,55876.16533946991
-9594,-9593,136,56280.23982620239
-9594,-9594,137,56680.5331966877
-9594,-9594,138,57082.277718544006
-9594,-9594,139,57482.34059691429
-9594,-9594,140,57886.06160950661
-9594,-9594,141,58286.38222527504
-9594,-9593,142,58685.88530921936
-9594,-9594,143,59091.19680976868
-9594,-9594,144,59491.193590164185
-9594,-9594,145,59899.85617637634
-9594,-9594,146,60299.935467243195
-9594,-9594,147,60706.813458919525
-9594,-9594,148,61111.811089515686
-9594,-9594,149,61514.13570380211
-9594,-9594,150,61915.051589012146
-9594,-9594,151,62320.053158283234
-9594,-9594,152,62723.375113248825
-9594,-9594,153,63121.458540678024
-9594,-9594,154,63521.483384370804
-9594,-9594,155,63921.17097902298
-9594,-9594,156,64318.79003691673
-9594,-9594,157,64720.95360636711
-9594,-9594,158,65119.43219065666
-9594,-9594,159,65520.677040576935
-9594,-9594,160,65930.13427639008
-9594,-9594,161,66326.35899710655
-9594,-9594,162,66737.43428993225
-9594,-9594,163,67139.78255677223
-9594,-9594,164,67543.34177064896
-9594,-9594,165,67943.03453183174
-9594,-9594,166,68339.59588956833
-9594,-9594,167,68743.68778371811
-9594,-9594,168,69145.35398411751
-9594,-9594,169,69545.21595668793
-9594,-9594,170,69948.48705601692
-9594,-9594,171,70353.62382435799
-9594,-9594,172,70755.3035709858
-9594,-9594,173,71158.5150642395
-9594,-9594,174,71563.91399264336
-9594,-9594,175,71968.7686882019
-9594,-9594,176,72368.43470358849
-9594,-9594,177,72776.4799554348
-9594,-9594,178,73181.07321500778
-9594,-9594,179,73578.9721326828
-9594,-9594,180,73981.66525673866
-9594,-9594,181,74385.0403535366
-9594,-9594,182,74788.65678429604
-9594,-9594,183,75192.92602276802
-9594,-9594,184,75597.59550595284
-9594,-9594,185,76001.77861404419
-9594,-9594,186,76408.04884433746
-9594,-9594,187,76814.13325238228
-9594,-9594,188,77220.1234767437
-9594,-9594,189,77624.49046349525
-9594,-9594,190,78022.90949964523
-9594,-9594,191,78426.56634378433
-9594,-9594,192,78824.78573417664
-9594,-9594,193,79231.8659939766
-9594,-9594,194,79635.57948899269
-9594,-9594,195,80038.38968253136
-9594,-9594,196,80443.54335713387
-9594,-9594,197,80848.90749239922
-9594,-9594,198,81248.06365156174
-9594,-9594,199,81651.1807756424
-9594,-9594,200,82054.63004112244
-9594,-9594,201,82457.45863604546
-9594,-9594,202,82862.78995418549
-9594,-9594,203,83266.16957855225
-9594,-9594,204,83669.99557185173
-9594,-9594,205,84073.47757101059
-9594,-9594,206,84477.91687440872
-9594,-9594,207,84880.48424768448
-9594,-9594,208,85278.39430117607
-9594,-9594,209,85680.05444455147
-9594,-9594,210,86088.75514268875