
-9469,-9469,0,264.9300057888031
-9490,-9490,1,549.6550214290619
-9518,-9518,2,839.068608045578
-9529,-9529,3,1134.6083984375
-9538,-9538,4,1431.7591536045074
-9545,-9545,5,1730.1123752593994
-9559,-9559,6,2029.3297967910767
-9566,-9566,7,2329.014228820801
-9575,-9575,8,2628.0918130874634
-9575,-9575,9,2926.6500523090363
-9577,-9577,10,3224.3414940834045
-9579,-9579,11,3521.4626688957214
-9582,-9582,12,3817.342834711075
-9587,-9587,13,4111.559340953827
-9587,-9585,14,4405.0078365802765
-9587,-9587,15,4697.138051986694
-9587,-9587,16,4988.303473711014
-9587,-9587,17,5278.080416917801
-9589,-9589,18,5567.570571184158
-9590,-9590,19,5856.464469432831
-9591,-9591,20,6144.129509210587
-9592,-9592,21,6431.225602149963
-9592,-9591,22,6718.206838846207
-9592,-9592,23,7004.609089136124
-9592,-9592,24,7289.704107999802
-9592,-9592,25,7573.558491230011
-9592,-9592,26,7856.721879243851
-9592,-9592,27,8138.704479455948
-9592,-9592,28,8421.601005792618
-9592,-9592,29,8703.55963921547
-9593,-9593,30,8986.339879274368
-9593,-9593,31,9268.081516504288
-9593,-9593,32,9550.832379817963
-9593,-9593,33,9832.707807540894
-9593,-9593,34,10114.637745380402
-9593,-9593,35,10397.402232170105
-9593,-9593,36,10679.59026837349
-9593,-9593,37,10961.227178812027
-9593,-9593,38,11242.294766902924
-9593,-9593,39,11522.736121892929
-9593,-9593,40,11804.655205965042
-9593,-9593,41,12085.241518735886
-9593,-9593,42,12365.811848640442
-9593,-9593,43,12646.59712100029
-9593,-9593,44,12926.606687307358
-9593,-9593,45,13207.113735437393
-9593,-9593,46,13487.127709388733
-9593,-9593,47,13766.670288324356
-9593,-9593,48,14047.511969804764
-9593,-9593,49,14329.133684158325
-9593,-9593,50,14609.221042871475
-9593,-9593,51,14889.359573841095
-9593,-9593,52,15169.585843324661
-9593,-9593,53,15450.33370423317
-9593,-9593,54,15731.316526174545
-9593,-9593,55,16012.988222837448
-9593,-9593,56,16296.131271123886
-9593,-9593,57,16578.836658000946
-9593,-9593,58,16859.627292871475
-9593,-9593,59,17140.76279067993
-9593,-9593,60,17422.351410865784
-9593,-9593,61,17704.04031944275
-9593,-9593,62,17984.322345018387
-9593,-9593,63,18263.68375492096
-9593,-9593,64,18541.794773101807
-9593,-9593,65,18820.0563018322
-9593,-9593,66,19100.18904232979
-9593,-9593,67,19379.767340660095
-9593,-9593,68,19659.100271224976
-9593,-9593,69,19939.010254383087
-9593,-9593,70,20220.640773296356
-9593,-9593,71,20502.715198516846
-9593,-9593,72,20783.84487938881
-9593,-9593,73,21066.723728895187
-9593,-9593,74,21346.671147584915
-9593,-9593,75,21625.336768865585
-9593,-9593,76,21903.322803497314
-9593,-9593,77,22180.88588666916
-9593,-9593,78,22459.273811101913
-9593,-9593,79,22737.263923168182
-9593,-9593,80,23015.566479206085
-9593,-9593,81,23293.537823677063
-9593,-9593,82,23571.568434000015
-9593,-9593,83,23849.459314346313
-9593,-9593,84,24127.64828157425
-9593,-9593,85,24406.12550663948
-9593,-9593,86,24685.082926511765
-9593,-9593,87,24963.747240543365
-9593,-9593,88,25242.044257164
-9593,-9593,89,25520.18379330635
-9593,-9593,90,25798.57111263275
-9593,-9593,91,26076.681418418884
-9593,-9593,92,26355.002296686172
-9593,-9593,93,26633.082997322083
-9593,-9593,94,26911.332336187363
-9593,-9593,95,27189.1079351902
-9593,-9593,96,27467.005385160446
-9593,-9593,97,27745.00444507599
-9593,-9593,98,28022.763469934464
-9593,-9593,99,28299.976167201996
-9593,-9593,100,28577.3899474144
-9593,-9593,101,28854.77976155281
-9593,-9593,102,29132.367713928223
-9593,-9593,103,29410.15585589409
-9593,-9593,104,29687.36181497574
-9593,-9593,105,29965.00151324272
-9593,-9593,106,30243.75701880455
-9593,-9593,107,30522.863912820816
-9593,-9593,108,30801.656586170197
-9593,-9593,109,31079.721912384033
-9593,-9593,110,31358.055191755295
-9593,-9593,111,31635.98162317276
-9593,-9593,112,31914.1990275383
-9593,-9593,113,32191.686972618103
-9593,-9593,114,32469.70966243744
-9593,-9593,115,32747.59726691246
-9593,-9593,116,33025.06816935539
-9593,-9593,117,33302.61758804321
-9593,-9593,118,33580.23218035698
-9593,-9593,119,33857.58136129379
-9593,-9593,120,34135.502225637436
-9593,-9593,121,34413.060092926025
-9593,-9593,122,34689.9546854496
-9593,-9593,123,34966.69928264618
-9593,-9593,124,35244.135932683945
-9593,-9593,125,35521.78717780113
-9593,-9593,126,35798.77231669426
-9593,-9593,127,36075.98294711113
-9593,-9593,128,36352.56591105461
-9593,-9593,129,36630.24301123619
-9593,-9593,130,36907.2479391098
-9593,-9593,131,37184.473526477814
-9593,-9593,132,37461.69005012512
-9593,-9593,133,37738.961624622345
-9593,-9593,134,38016.09945106506
-9593,-9593,135,38293.37473797798
-9593,-9593,136,38570.7380092144
-9593,-9593,137,38848.24713182449
-9593,-9593,138,39128.96100783348
-9593,-9593,139,39407.71956419945
-9593,-9593,140,39686.016656160355
-9593,-9593,141,39963.73246097565
-9593,-9593,142,40241.287068128586
-9593,-9593,143,40518.85553050041
-9593,-9593,144,40798.54313349724
-9593,-9593,145,41079.1031973362
-9593,-9593,146,41358.40677404404
-9593,-9593,147,41637.785828351974
-9593,-9593,148,41916.44758462906
-9593,-9593,149,42195.10972738266
-9593,-9593,150,42475.31879544258
-9593,-9593,151,42754.462748765945
-9593,-9593,152,43035.11275887489
-9593,-9593,153,43313.64641261101
-9593,-9593,154,43592.46927380562
-9593,-9593,155,43872.81160449982
-9593,-9593,156,44151.784205675125
-9593,-9593,157,44430.36196875572
-9593,-9593,158,44708.9330739975
-9593,-9593,159,44988.69862818718
-9593,-9593,160,45269.91786956787
-9593,-9593,161,45551.01103949547
-9593,-9593,162,45830.44854474068
-9593,-9593,163,46110.6850438118
-9593,-9593,164,46389.06384420395
-9593,-9593,165,46667.88641309738
-9593,-9593,166,46945.00288438797
-9593,-9593,167,47222.60543036461
-9593,-9593,168,47499.45872092247
-9593,-9593,169,47776.3214635849
-9593,-9593,170,48053.28802847862
-9593,-9593,171,48331.913972854614
-9593,-9593,172,48610.06381177902
-9593,-9593,173,48887.129601716995
-9593,-9593,174,49165.214315891266
-9593,-9593,175,49441.76511287689
-9593,-9593,176,49718.189860105515
-9593,-9593,177,49994.60919904709
-9593,-9593,178,50271.11151790619
-9593,-9593,179,50547.395287036896
-9593,-9593,180,50823.979907512665
-9593,-9593,181,51101.507293224335
-9593,-9593,182,51380.3583946228
-9593,-9593,183,51658.921199560165
-9593,-9593,184,51939.43254113197
-9593,-9593,185,52219.73900485039
-9593,-9593,186,52499.10785365105
-9593,-9593,187,52778.85450172424
-9593,-9593,188,53059.053530454636
-9593,-9593,189,53337.547261953354
-9593,-9593,190,53616.32138752937
-9593,-9593,191,53895.5461370945
-9593,-9593,192,54174.610659599304
-9593,-9593,193,54452.34636473656
-9593,-9593,194,54730.68390965462
-9593,-9593,195,55009.2684469223
-9593,-9593,196,55288.698397397995
-9593,-9593,197,55567.73968577385
-9593,-9593,198,55846.96381378174
-9593,-9593,199,56125.61976456642
-9593,-9593,200,56405.18091464043
-9593,-9593,201,56684.09762263298
-9593,-9593,202,56964.809497356415
-9593,-9593,203,57243.78625750542
-9593,-9593,204,57523.436823129654
-9593,-9593,205,57802.24917769432
-9593,-9593,206,58082.26111006737
-9593,-9593,207,58361.6246175766
-9593,-9593,208,58640.86818408966
-9593,-9593,209,58919.60337352753
-9593,-9593,210,59199.103065252304
-9593,-9593,211,59479.11201429367
-9593,-9593,212,59762.194986104965
-9593,-9593,213,60041.84153056145
-9593,-9593,214,60321.245433568954
-9593,-9593,215,60601.23420405388
-9593,-9593,216,60880.53248620033
-9593,-9593,217,61159.76763701439
-9593,-9593,218,61439.66624522209
-9593,-9593,219,61721.147760391235
-9593,-9593,220,62002.12241053581
-9593,-9593,221,62285.222568035126
-9593,-9593,222,62567.74604558945
-9593,-9593,223,62849.26328873634
-9593,-9593,224,63131.13849592209
-9593,-9593,225,63413.66986322403
-9593,-9593,226,63696.689578294754
-9593,-9593,227,63979.799778461456
-9593,-9593,228,64263.40108656883
-9593,-9593,229,64545.070084095
-9593,-9593,230,64825.54263091087
-9593,-9593,231,65108.20395255089
-9593,-9593,232,65389.60686969757
-9593,-9593,233,65671.85509753227
-9593,-9593,234,65954.44086313248
-9593,-9593,235,66237.99506640434
-9593,-9593,236,66520.26820707321
-9593,-9593,237,66801.26869034767
-9593,-9593,238,67081.69547843933
-9593,-9593,239,67363.62667059898
-9593,-9593,240,67645.17308497429
-9593,-9593,241,67924.14358472824
-9593,-9593,242,68204.23179626465
-9593,-9593,243,68484.74413394928
-9593,-9593,244,68763.69245624542
-9593,-9593,245,69042.71421074867
-9593,-9593,246,69324.39360928535
-9593,-9593,247,69602.90943193436
-9593,-9593,248,69883.518938303
-9593,-9593,249,70165.19549942017
-9593,-9593,250,70447.1993496418
-9593,-9593,251,70729.71341371536
-9593,-9593,252,71009.16731381416
-9593,-9593,253,71289.88334059715
-9593,-9593,254,71569.8685400486
-9593,-9593,255,71848.49119186401
-9593,-9593,256,72127.6210975647
-9593,-9593,257,72409.34268045425
-9593,-9593,258,72691.42108392715
-9593,-9593,259,72973.1819589138
-9593,-9593,260,73253.36596655846
-9593,-9593,261,73533.48783969879
-9593,-9593,262,73813.5170621872
-9593,-9593,263,74093.18269181252
-9593,-9593,264,74373.27241659164
-9593,-9593,265,74653.1616563797
-9593,-9593,266,74932.65684556961
-9593,-9593,267,75212.25793242455
-9593,-9593,268,75491.9324953556
-9593,-9593,269,75771.02436113358
-9593,-9593,270,76050.14936852455
-9593,-9593,271,76330.15819954872
-9593,-9593,272,76610.01318073273
-9593,-9593,273,76889.75725698471
-9593,-9593,274,77170.09658002853
-9593,-9593,275,77452.64014530182
-9593,-9593,276,77734.44422364235
-9593,-9593,277,78014.8712053299
-9593,-9593,278,78294.88198304176
-9593,-9593,279,78574.5915813446
-9593,-9593,280,78853.97761297226
-9593,-9593,281,79133.48500180244
-9593,-9593,282,79413.99514985085
-9593,-9593,283,79694.91241383553
-9593,-9593,284,79977.24464797974
-9593,-9593,285,80257.83170771599
-9593,-9593,286,80539.47369456291
-9593,-9593,287,80821.8489356041
-9593,-9593,288,81106.61471605301
-9593,-9593,289,81390.61583185196
-9593,-9593,290,81673.38242340088
-9593,-9593,291,81956.03798913956
-9593,-9593,292,82238.90044736862
-9593,-9593,293,82522.87698340416
-9593,-9593,294,82806.16970920563
-9593,-9593,295,83090.00154566765
-9593,-9593,296,83370.82156062126
-9593,-9593,297,83652.83957576752
-9593,-9593,298,83933.06128883362
-9593,-9593,299,84212.824665308
-9593,-9593,300,84493.01965856552
-9593,-9593,301,84772.37651276588
-9593,-9593,302,85051.79821038246
-9593,-9593,303,85331.08777999878
-9593,-9593,304,85609.95731449127
-9593,-9593,305,85889.41865110397
-9593,-9593,306,86168.14641785622