
-8177,-8177,0,123.03394746780396
-8287,-8287,1,258.8020257949829
-8355,-8355,2,393.65010952949524
-8410,-8410,3,531.6069006919861
-8465,-8465,4,668.6891832351685
-8496,-8496,5,804.9602019786835
-8541,-8541,6,940.7337529659271
-8585,-8585,7,1075.2761459350586
-8591,-8591,8,1208.3900680541992
-8618,-8618,9,1340.2361071109772
-8634,-8634,10,1469.6176614761353
-8650,-8650,11,1597.9623584747314
-8657,-8657,12,1723.385106086731
-8657,-8657,13,1846.6630630493164
-8666,-8666,14,1967.9764292240143
-8671,-8671,15,2088.4164083004
-8675,-8675,16,2208.220051050186
-8679,-8679,17,2327.5734589099884
-8680,-8680,18,2446.7263810634613
-8682,-8682,19,2565.937332391739
-8684,-8684,20,2685.039609670639
-8689,-8689,21,2804.196303129196
-8689,-8686,22,2923.378983736038
-8690,-8690,23,3041.7545289993286
-8690,-8689,24,3160.922707796097
-8692,-8692,25,3279.984477996826
-8693,-8693,26,3399.450953245163
-8697,-8697,27,3518.6964044570923
-8697,-8695,28,3638.1668334007263
-8697,-8697,29,3757.4459800720215
-8697,-8697,30,3876.6739213466644
-8697,-8697,31,3995.401109457016
-8697,-8697,32,4114.127993822098
-8698,-8698,33,4233.9857132434845
-8698,-8698,34,4352.834857225418
-8698,-8698,35,4472.537388801575
-8700,-8700,36,4592.133850812912
-8700,-8700,37,4711.1122579574585
-8702,-8702,38,4831.105216026306
-8702,-8701,39,4950.984775304794
-8702,-8701,40,5070.940499544144
-8702,-8701,41,5190.736359596252
-8703,-8703,42,5311.278041124344
-8703,-8702,43,5431.0845375061035
-8703,-8703,44,5551.293283462524
-8703,-8703,45,5671.644608259201
-8705,-8705,46,5791.189901590347
-8705,-8705,47,5911.490213632584
-8706,-8706,48,6032.122122049332
-8706,-8706,49,6152.488946676254
-8707,-8707,50,6273.126418828964
-8707,-8707,51,6393.004809856415
-8708,-8708,52,6513.606153249741
-8709,-8709,53,6634.025245428085
-8709,-8709,54,6754.410015106201
-8709,-8709,55,6874.974720478058
-8709,-8709,56,6995.050076723099
-8709,-8709,57,7115.688319444656
-8709,-8709,58,7236.157563209534
-8709,-8709,59,7356.533362865448
-8710,-8710,60,7477.203798055649
-8710,-8710,61,7597.012330293655
-8710,-8710,62,7717.461877346039
-8710,-8710,63,7838.129001379013
-8710,-8710,64,7958.412861824036
-8710,-8710,65,8079.184508085251
-8710,-8710,66,8199.67939901352
-8710,-8710,67,8320.408119440079
-8711,-8711,68,8441.005960464478
-8711,-8710,69,8562.156877279282
-8711,-8710,70,8683.218191862106
-8711,-8711,71,8803.826747894287
-8711,-8711,72,8925.108839988708
-8711,-8710,73,9046.905381202698
-8712,-8712,74,9167.402737855911
-8712,-8712,75,9288.412197351456
-8713,-8713,76,9409.557687044144
-8713,-8713,77,9530.722316503525
-8714,-8714,78,9651.69645690918
-8714,-8714,79,9772.771802902222
-8714,-8714,80,9893.560128211975
-8715,-8715,81,10014.833314180374
-8715,-8715,82,10135.711361169815
-8715,-8715,83,10256.692831277847
-8715,-8715,84,10377.838037967682
-8716,-8716,85,10499.050890684128
-8716,-8716,86,10620.27954530716
-8716,-8716,87,10741.976739406586
-8716,-8716,88,10862.625183105469
-8716,-8716,89,10983.928174734116
-8716,-8716,90,11105.156917095184
-8716,-8716,91,11226.002044439316
-8716,-8716,92,11347.201834917068
-8716,-8716,93,11467.474656105042
-8716,-8716,94,11588.64373755455
-8716,-8716,95,11709.793224334717
-8716,-8716,96,11831.132309913635
-8716,-8716,97,11952.153283596039
-8716,-8716,98,12073.242491722107
-8716,-8716,99,12194.123269319534
-8716,-8716,100,12314.461288690567
-8716,-8716,101,12435.70088505745
-8717,-8717,102,12557.410169839859
-8717,-8716,103,12679.13989019394
-8717,-8716,104,12800.567208528519
-8717,-8716,105,12922.190897226334
-8717,-8717,106,13043.051940917969
-8717,-8717,107,13164.699053525925
-8717,-8717,108,13286.361778974533
-8717,-8717,109,13407.633166790009
-8717,-8717,110,13529.671343564987
-8717,-8717,111,13650.399012327194
-8717,-8717,112,13772.204203367233
-8717,-8717,113,13893.653176546097
-8717,-8717,114,14015.533462524414
-8717,-8717,115,14138.28382062912
-8717,-8717,116,14260.397466659546
-8717,-8717,117,14382.515003681183
-8717,-8717,118,14504.456094264984
-8717,-8717,119,14626.139863729477
-8717,-8717,120,14746.930913448334
-8717,-8717,121,14868.387035369873
-8717,-8717,122,14989.906185626984
-8717,-8717,123,15111.584391832352
-8717,-8717,124,15233.198903083801
-8717,-8717,125,15354.799573659897
-8717,-8717,126,15476.486881256104
-8717,-8717,127,15598.066628932953
-8717,-8717,128,15719.560703754425
-8718,-8718,129,15841.323552131653
-8718,-8717,130,15962.511834144592
-8718,-8717,131,16084.121659517288
-8718,-8717,132,16206.137584209442
-8718,-8717,133,16328.236883163452
-8718,-8717,134,16450.014201402664
-8718,-8717,135,16571.98775267601
-8718,-8717,136,16693.813591003418
-8718,-8717,137,16815.993817567825
-8718,-8717,138,16938.130118846893
-8718,-8717,139,17059.54410982132
-8718,-8717,140,17181.728751420975
-8718,-8717,141,17304.061262369156
-8718,-8717,142,17426.492812395096
-8718,-8717,143,17549.490379095078
-8718,-8717,144,17671.86905503273
-8718,-8718,145,17794.319739341736
-8718,-8717,146,17916.846982717514
-8718,-8718,147,18039.058921575546
-8718,-8718,148,18161.732729434967
-8718,-8717,149,18284.462481737137
-8718,-8718,150,18407.090423583984
-8718,-8718,151,18529.474227190018
-8718,-8718,152,18651.915387153625
-8718,-8718,153,18774.10203719139
-8719,-8719,154,18896.64524745941
-8719,-8718,155,19018.92489528656
-8719,-8718,156,19140.653817653656
-8719,-8718,157,19262.87625694275
-8719,-8718,158,19385.139258384705
-8719,-8718,159,19507.582238435745
-8719,-8718,160,19629.80574274063
-8719,-8719,161,19752.231226205826
-8719,-8719,162,19874.49305152893
-8719,-8718,163,19996.850932836533
-8719,-8718,164,20119.242466688156
-8719,-8718,165,20241.81393814087
-8719,-8718,166,20363.696298599243
-8720,-8720,167,20485.872188329697
-8720,-8720,168,20608.28406882286
-8720,-8719,169,20730.793216466904
-8720,-8719,170,20853.55937409401
-8720,-8718,171,20976.039234638214
-8720,-8720,172,21098.90550160408
-8720,-8719,173,21221.358668088913
-8721,-8721,174,21344.012694597244
-8721,-8718,175,21466.50880765915
-8721,-8720,176,21588.10936355591
-8721,-8720,177,21709.887885332108
-8721,-8721,178,21832.204214572906
-8721,-8720,179,21954.380712032318
-8722,-8722,180,22076.533731222153
-8722,-8721,181,22198.699463367462
-8722,-8722,182,22320.82794690132
-8723,-8723,183,22443.06148123741
-8723,-8722,184,22565.646931409836
-8723,-8722,185,22688.018233299255
-8723,-8721,186,22810.31064271927
-8723,-8721,187,22932.7850625515
-8723,-8722,188,23055.173099040985
-8723,-8722,189,23177.778428554535
-8723,-8722,190,23300.415738344193
-8723,-8723,191,23422.84295129776
-8723,-8722,192,23544.95067501068
-8723,-8722,193,23667.405409812927
-8723,-8723,194,23789.35038781166
-8723,-8723,195,23911.872800588608
-8723,-8723,196,24034.37234902382
-8723,-8723,197,24156.213577508926
-8723,-8723,198,24277.980665922165
-8723,-8722,199,24400.42484354973
-8723,-8723,200,24522.97763633728
-8723,-8723,201,24645.41802239418
-8723,-8723,202,24767.735243320465
-8723,-8723,203,24890.294408798218
-8723,-8723,204,25012.64721250534
-8723,-8723,205,25134.42082643509
-8723,-8723,206,25256.931875944138
-8723,-8723,207,25379.45343017578
-8723,-8723,208,25502.053981781006
-8723,-8723,209,25624.43646812439
-8723,-8723,210,25746.84700846672
-8723,-8723,211,25869.11382818222
-8723,-8723,212,25991.599330186844
-8723,-8723,213,26114.04971909523
-8723,-8723,214,26235.628146886826
-8723,-8723,215,26358.1949095726
-8723,-8723,216,26480.72943520546
-8723,-8723,217,26603.11016845703
-8723,-8723,218,26725.513570070267
-8723,-8723,219,26847.914975643158
-8723,-8723,220,26970.355617284775
-8723,-8723,221,27091.84361553192
-8723,-8723,222,27214.34364080429
-8723,-8723,223,27335.88466310501
-8724,-8724,224,27458.246923446655
-8724,-8723,225,27580.749304056168
-8724,-8723,226,27703.04200911522
-8724,-8723,227,27825.447100639343
-8724,-8723,228,27947.722599744797
-8724,-8724,229,28070.071605443954
-8724,-8724,230,28192.405359506607
-8724,-8723,231,28314.91435432434
-8724,-8723,232,28437.608414888382
-8724,-8723,233,28560.110298395157
-8724,-8723,234,28681.892655849457
-8724,-8723,235,28804.05292201042
-8724,-8723,236,28926.601041316986
-8724,-8723,237,29049.094753742218
-8724,-8724,238,29171.694163799286
-8724,-8724,239,29294.206147432327
-8724,-8724,240,29416.336624860764
-8724,-8723,241,29538.62570619583
-8724,-8723,242,29660.33650493622
-8724,-8724,243,29782.660754680634
-8724,-8724,244,29904.935096025467
-8724,-8723,245,30027.136421442032
-8724,-8724,246,30149.446388959885
-8724,-8724,247,30271.730965852737
-8724,-8723,248,30394.138994693756
-8724,-8724,249,30515.650816679
-8724,-8723,250,30637.984579324722
-8724,-8724,251,30760.1536591053
-8724,-8724,252,30882.220453977585
-8724,-8724,253,31004.53441977501
-8724,-8724,254,31125.946902513504
-8724,-8724,255,31248.298992872238
-8725,-8725,256,31369.982889652252
-8725,-8725,257,31492.038752794266
-8725,-8724,258,31614.092667102814
-8725,-8724,259,31736.343764305115
-8726,-8726,260,31858.02313184738
-8726,-8724,261,31980.199109315872
-8726,-8724,262,32102.332104682922
-8726,-8723,263,32224.602956056595
-8726,-8724,264,32346.8365483284
-8726,-8724,265,32468.274571180344
-8726,-8726,266,32590.614235639572
-8726,-8724,267,32712.908399105072
-8726,-8724,268,32835.21522498131
-8726,-8724,269,32957.52035856247
-8726,-8726,270,33079.280495643616
-8726,-8725,271,33201.43571686745
-8726,-8725,272,33323.765526771545
-8726,-8725,273,33445.3462831974
-8726,-8724,274,33566.90394163132
-8726,-8726,275,33689.14979171753
-8726,-8726,276,33810.58681368828
-8726,-8726,277,33932.60269331932
-8726,-8726,278,34054.13509988785
-8726,-8726,279,34176.37926006317
-8726,-8724,280,34298.52546906471
-8726,-8726,281,34420.907995224
-8726,-8726,282,34543.25631403923
-8726,-8726,283,34665.29423904419
-8726,-8726,284,34787.52834105492
-8726,-8726,285,34909.66667962074
-8726,-8724,286,35031.98431634903
-8726,-8724,287,35153.89505958557
-8726,-8726,288,35276.1899061203
-8726,-8726,289,35398.20175457001
-8726,-8726,290,35520.33705639839
-8726,-8726,291,35642.29678821564
-8726,-8725,292,35764.14912080765
-8726,-8726,293,35886.180408000946
-8726,-8725,294,36008.2110016346
-8726,-8726,295,36130.31104683876
-8726,-8726,296,36252.415549993515
-8726,-8726,297,36374.71426200867
-8726,-8726,298,36496.75621032715
-8726,-8726,299,36618.98651576042
-8726,-8726,300,36741.10217690468
-8726,-8725,301,36863.17401075363
-8726,-8726,302,36985.12148475647
-8726,-8726,303,37107.14717698097
-8726,-8726,304,37229.20111036301
-8726,-8725,305,37351.19629073143
-8726,-8726,306,37473.15023231506
-8726,-8725,307,37595.29366326332
-8726,-8726,308,37717.277539014816
-8726,-8725,309,37839.19263100624
-8726,-8726,310,37961.23868083954
-8726,-8726,311,38083.222051143646
-8726,-8725,312,38205.21606731415
-8726,-8724,313,38326.53231334686
-8726,-8726,314,38448.444732904434
-8726,-8725,315,38569.56805753708
-8726,-8726,316,38691.3622739315
-8726,-8726,317,38813.35187149048
-8726,-8726,318,38935.13415956497
-8726,-8726,319,39056.89094352722
-8726,-8726,320,39178.64930105209
-8726,-8726,321,39300.451127290726
-8726,-8726,322,39422.29335355759
-8726,-8726,323,39544.172832250595
-8726,-8725,324,39666.138303518295
-8726,-8726,325,39787.999636888504
-8726,-8726,326,39909.41083884239
-8726,-8726,327,40031.41680288315
-8726,-8726,328,40153.373086452484
-8726,-8726,329,40275.300072193146
-8726,-8726,330,40397.27430677414
-8726,-8726,331,40518.33754611015
-8726,-8726,332,40640.16432547569
-8726,-8726,333,40761.61794447899
-8726,-8726,334,40883.357306957245
-8726,-8726,335,41005.36072969437
-8726,-8726,336,41127.397044181824
-8726,-8726,337,41249.40818953514
-8726,-8726,338,41371.33593416214
-8726,-8726,339,41493.20794868469
-8726,-8726,340,41615.12211871147
-8726,-8726,341,41736.23594260216
-8726,-8726,342,41857.50072097778
-8727,-8727,343,41979.423635959625
-8727,-8727,344,42101.35943579674
-8727,-8726,345,42222.812608003616
-8727,-8727,346,42344.696766376495
-8727,-8726,347,42466.62587428093
-8727,-8727,348,42588.35656905174
-8727,-8727,349,42710.06572699547
-8728,-8728,350,42831.48803853989
-8728,-8727,351,42953.16987109184
-8728,-8726,352,43074.90586614609
-8728,-8726,353,43196.65135741234
-8728,-8727,354,43318.57502198219
-8728,-8728,355,43440.35785794258
-8728,-8728,356,43562.34645462036
-8728,-8728,357,43684.158489227295
-8728,-8728,358,43805.14061951637
-8728,-8728,359,43926.918904304504
-8728,-8727,360,44048.90464305878
-8728,-8727,361,44170.81505870819
-8728,-8728,362,44292.722666978836
-8728,-8728,363,44414.625774145126
-8728,-8727,364,44536.457144737244
-8728,-8728,365,44658.43971776962
-8728,-8728,366,44780.54898309708
-8728,-8727,367,44902.64185452461
-8728,-8728,368,45024.480130434036
-8728,-8728,369,45146.35961890221
-8728,-8728,370,45267.950954437256
-8728,-8727,371,45389.79839515686
-8728,-8728,372,45511.662648916245
-8728,-8728,373,45633.41314482689
-8728,-8728,374,45754.37653684616
-8728,-8728,375,45876.136279821396
-8728,-8728,376,45997.835919857025
-8728,-8728,377,46119.63219475746
-8728,-8728,378,46241.4749584198
-8728,-8728,379,46363.19002199173
-8728,-8728,380,46484.99931383133
-8728,-8728,381,46606.559985637665
-8728,-8728,382,46728.41155028343
-8728,-8728,383,46850.09691333771
-8728,-8728,384,46971.82749581337
-8728,-8728,385,47093.75890684128
-8728,-8728,386,47215.5633559227
-8728,-8728,387,47336.46217417717
-8728,-8728,388,47457.44790291786
-8728,-8728,389,47579.01447200775
-8728,-8728,390,47700.790999889374
-8728,-8728,391,47822.53925228119
-8728,-8728,392,47944.20510101318
-8728,-8728,393,48065.56348538399
-8728,-8728,394,48187.38747262955
-8728,-8728,395,48309.16492772102
-8728,-8728,396,48430.02917742729
-8728,-8728,397,48551.79805922508
-8728,-8728,398,48673.34039521217
-8728,-8728,399,48795.06554412842
-8728,-8728,400,48916.77401447296
-8728,-8728,401,49037.663350343704
-8728,-8727,402,49159.28795027733
-8728,-8728,403,49281.002707242966
-8728,-8728,404,49402.731813430786
-8728,-8728,405,49524.24120593071
-8729,-8729,406,49645.84645104408
-8729,-8728,407,49767.69689941406
-8729,-8728,408,49889.6095058918
-8729,-8728,409,50011.58117341995
-8729,-8729,410,50133.25932908058
-8729,-8728,411,50255.082986831665
-8729,-8729,412,50376.617631435394
-8729,-8729,413,50498.53652715683
-8729,-8727,414,50619.76428890228
-8729,-8728,415,50741.35619020462
-8729,-8728,416,50863.13341140747
-8729,-8728,417,50984.87721681595
-8729,-8728,418,51106.50339269638
-8729,-8729,419,51227.971103429794
-8729,-8729,420,51349.87186050415
-8729,-8728,421,51471.840998888016
-8729,-8728,422,51593.49416732788
-8729,-8728,423,51715.24880385399
-8729,-8729,424,51836.877324581146
-8729,-8728,425,51958.65972614288
-8729,-8728,426,52080.064779520035
-8729,-8729,427,52201.582695007324
-8729,-8729,428,52323.18272972107
-8729,-8728,429,52444.69850587845
-8729,-8728,430,52566.12436079979
-8729,-8728,431,52687.6280207634
-8729,-8728,432,52809.21176671982
-8729,-8729,433,52930.832840681076
-8729,-8728,434,53052.49920248985
-8729,-8728,435,53174.107602119446
-8729,-8729,436,53295.591695547104
-8729,-8728,437,53416.53898048401
-8729,-8729,438,53538.067737579346
-8729,-8728,439,53659.96936964989
-8729,-8729,440,53781.61061167717
-8729,-8728,441,53902.285625219345
-8729,-8728,442,54023.53182339668
-8729,-8729,443,54144.95518898964
-8729,-8729,444,54266.54683828354
-8729,-8728,445,54388.01857161522
-8729,-8728,446,54509.61451005936
-8729,-8729,447,54631.017867565155
-8729,-8729,448,54752.80474638939
-8729,-8728,449,54874.27399420738
-8729,-8728,450,54995.66927194595
-8729,-8729,451,55117.175068855286
-8729,-8728,452,55238.730801820755
-8729,-8729,453,55360.18668460846
-8729,-8728,454,55481.61558055878
-8729,-8729,455,55602.92876338959
-8729,-8728,456,55723.66526532173
-8729,-8729,457,55845.18355154991
-8729,-8728,458,55966.520445108414
-8729,-8728,459,56088.09053277969
-8729,-8728,460,56208.864594459534
-8729,-8729,461,56329.83287882805
-8729,-8729,462,56451.362526893616
-8729,-8728,463,56572.57762336731
-8729,-8728,464,56694.16860842705
-8729,-8729,465,56815.59872174263
-8729,-8729,466,56936.38205933571
-8729,-8728,467,57058.11976003647
-8729,-8729,468,57179.74385666847
-8729,-8728,469,57301.20606851578
-8729,-8729,470,57422.804871320724
-8729,-8728,471,57544.46312236786
-8729,-8728,472,57666.035529375076
-8729,-8728,473,57787.78336238861
-8729,-8729,474,57909.15269470215
-8729,-8728,475,58030.604994535446
-8729,-8729,476,58152.119616270065
-8729,-8728,477,58273.34469151497
-8729,-8729,478,58394.74606060982
-8729,-8729,479,58516.13242292404
-8729,-8728,480,58637.68137669563
-8729,-8729,481,58758.9594938755
-8729,-8728,482,58879.632808446884
-8729,-8729,483,59001.185133457184
-8729,-8728,484,59122.738550662994
-8729,-8729,485,59244.63091778755
-8729,-8729,486,59366.13922095299
-8729,-8728,487,59487.517570495605
-8729,-8728,488,59609.03498673439
-8729,-8729,489,59730.718717336655
-8729,-8729,490,59852.2833070755
-8729,-8728,491,59973.9586057663
-8729,-8728,492,60095.213609695435
-8729,-8729,493,60215.7343108654
-8729,-8729,494,60336.92384004593
-8729,-8729,495,60458.32157421112
-8729,-8728,496,60579.597569942474
-8729,-8729,497,60701.02576637268
-8729,-8728,498,60822.2537882328
-8729,-8728,499,60943.44019436836
-8729,-8728,500,61064.931858778
-8729,-8729,501,61185.58511400223
-8729,-8728,502,61306.49402093887
-8729,-8729,503,61427.759481430054
-8729,-8728,504,61549.41825056076
-8729,-8728,505,61670.57731509209
-8729,-8728,506,61791.78979039192
-8729,-8728,507,61912.91581940651
-8729,-8728,508,62034.02427482605
-8729,-8729,509,62155.09210848808
-8729,-8729,510,62275.506569862366
-8729,-8728,511,62396.64029932022
-8729,-8728,512,62518.05299663544
-8729,-8729,513,62639.37727999687
-8729,-8728,514,62760.67581343651
-8729,-8728,515,62881.95955991745
-8729,-8729,516,63003.36969041824
-8729,-8729,517,63124.71105337143
-8729,-8729,518,63245.155148983
-8729,-8728,519,63365.95594215393
-8729,-8728,520,63487.058740377426
-8729,-8728,521,63608.13946938515
-8729,-8729,522,63729.17034173012
-8729,-8729,523,63850.70764660835
-8729,-8729,524,63971.76438808441
-8729,-8729,525,64092.107756614685
-8729,-8729,526,64213.36868238449
-8729,-8728,527,64334.59728717804
-8729,-8729,528,64455.86134600639
-8729,-8728,529,64576.905972242355
-8729,-8728,530,64697.970139980316
-8729,-8729,531,64819.019911527634
-8729,-8729,532,64939.399782419205
-8729,-8729,533,65060.644617557526
-8729,-8729,534,65181.71001935005
-8729,-8728,535,65302.995997190475
-8729,-8728,536,65424.23842573166
-8729,-8728,537,65545.64200258255
-8729,-8728,538,65666.69385671616
-8729,-8729,539,65787.842908144
-8729,-8729,540,65909.41010451317
-8729,-8729,541,66029.88240337372
-8729,-8729,542,66150.89763402939
-8729,-8729,543,66271.47467851639
-8729,-8728,544,66392.73156356812
-8729,-8729,545,66514.08763575554
-8729,-8728,546,66635.4105193615
-8729,-8729,547,66755.7998790741
-8729,-8729,548,66876.97287988663
-8729,-8729,549,66998.14279866219
-8729,-8729,550,67119.35001516342
-8729,-8728,551,67240.55526542664
-8729,-8728,552,67361.80569195747
-8729,-8729,553,67482.93567609787
-8729,-8729,554,67604.04134607315
-8729,-8728,555,67725.1908121109
-8729,-8729,556,67846.2471139431
-8729,-8729,557,67967.322920084
-8729,-8729,558,68088.30526137352
-8729,-8729,559,68209.68788552284
-8729,-8729,560,68330.86936354637
-8729,-8729,561,68452.2882258892
-8729,-8729,562,68573.2150247097
-8729,-8729,563,68694.32270216942
-8729,-8728,564,68815.37229418755
-8729,-8729,565,68936.40200448036
-8729,-8729,566,69057.36407613754
-8729,-8729,567,69178.79133987427
-8729,-8729,568,69299.84001731873
-8729,-8728,569,69420.97075939178
-8729,-8729,570,69541.32573986053
-8729,-8729,571,69662.33504414558
-8729,-8729,572,69783.46759343147
-8729,-8729,573,69904.69075250626
-8729,-8729,574,70026.1183924675
-8729,-8729,575,70147.23455381393
-8729,-8729,576,70268.40375232697
-8729,-8728,577,70389.63006043434
-8729,-8728,578,70510.09834909439
-8729,-8728,579,70630.74197173119
-8729,-8729,580,70751.34628677368
-8729,-8729,581,70872.12387561798
-8729,-8729,582,70993.20425772667
-8729,-8728,583,71113.8412194252
-8729,-8729,584,71235.2033469677
-8729,-8729,585,71356.24817085266
-8729,-8729,586,71476.85812687874
-8729,-8729,587,71597.42880916595
-8729,-8729,588,71718.42979502678
-8729,-8729,589,71838.93391919136
-8729,-8729,590,71960.07088541985
-8729,-8729,591,72081.13487482071
-8729,-8728,592,72202.24818015099
-8729,-8729,593,72323.25170063972
-8729,-8729,594,72444.2303006649
-8729,-8729,595,72565.25862407684
-8729,-8729,596,72685.61648440361
-8729,-8728,597,72806.7439558506
-8729,-8728,598,72928.08091139793
-8729,-8728,599,73049.22556757927
-8729,-8728,600,73170.24976563454
-8729,-8729,601,73290.7838318348
-8729,-8729,602,73411.91493201256
-8729,-8729,603,73533.09998726845
-8729,-8729,604,73654.22220635414
-8729,-8729,605,73775.12837815285
-8729,-8728,606,73895.4991402626
-8729,-8729,607,74016.53206729889
-8729,-8729,608,74137.49679040909
-8729,-8728,609,74258.61583948135
-8729,-8729,610,74379.75820040703
-8729,-8729,611,74500.16322350502
-8729,-8728,612,74621.04892253876
-8729,-8729,613,74741.98974633217
-8729,-8729,614,74862.43753361702
-8729,-8729,615,74983.6888127327
-8729,-8729,616,75104.07660269737
-8729,-8729,617,75225.37834644318
-8729,-8729,618,75346.51600956917
-8729,-8728,619,75467.42305231094
-8731,-8731,620,75587.8922970295
-8731,-8728,621,75709.06389784813
-8731,-8728,622,75830.16429138184
-8731,-8729,623,75951.31436610222
-8731,-8728,624,76072.32030034065
-8731,-8729,625,76193.46019220352
-8731,-8730,626,76314.33589696884
-8731,-8730,627,76435.35778331757
-8731,-8730,628,76555.60208845139
-8731,-8729,629,76676.51966929436
-8731,-8730,630,76797.43947815895
-8731,-8729,631,76918.35336732864
-8731,-8729,632,77039.35097813606
-8731,-8729,633,77160.69389152527
-8731,-8729,634,77281.88495326042
-8731,-8730,635,77403.0316619873
-8731,-8729,636,77524.09868454933
-8731,-8729,637,77644.47483944893
-8731,-8729,638,77765.5784201622
-8731,-8729,639,77886.40888285637
-8731,-8730,640,78007.31378507614
-8731,-8729,641,78128.27909398079
-8731,-8729,642,78249.29797267914
-8731,-8729,643,78370.39432668686
-8731,-8730,644,78491.68602657318
-8731,-8730,645,78612.64379692078
-8731,-8731,646,78733.52864289284
-8731,-8731,647,78854.28139233589
-8731,-8729,648,78975.15584301949
-8731,-8729,649,79096.15880179405
-8731,-8728,650,79216.5243563652
-8731,-8729,651,79337.58221006393
-8731,-8730,652,79458.59049463272
-8731,-8729,653,79579.7555000782
-8731,-8730,654,79700.81828427315
-8731,-8730,655,79821.90033078194
-8731,-8731,656,79943.13491725922
-8731,-8731,657,80064.37676858902
-8731,-8729,658,80185.37105870247
-8731,-8731,659,80306.42957139015
-8732,-8732,660,80427.45988202095
-8732,-8731,661,80548.45291471481
-8732,-8729,662,80669.28890776634
-8732,-8729,663,80790.01473355293
-8732,-8730,664,80910.31518507004
-8732,-8731,665,81031.3499789238
-8732,-8731,666,81152.43480706215
-8732,-8732,667,81273.2826449871
-8732,-8731,668,81394.25894331932
-8732,-8730,669,81515.2170598507
-8732,-8731,670,81636.23791980743
-8732,-8731,671,81757.6779384613
-8732,-8729,672,81878.4949157238
-8732,-8731,673,81999.37836670876
-8732,-8729,674,82120.25867390633
-8732,-8729,675,82241.3100104332
-8732,-8732,676,82361.44073987007
-8732,-8730,677,82482.300522089
-8732,-8730,678,82603.43263983727
-8732,-8731,679,82724.40376019478
-8732,-8730,680,82845.61160039902
-8732,-8730,681,82966.63872528076
-8732,-8730,682,83087.90276741982
-8732,-8729,683,83209.05241537094
-8732,-8730,684,83330.16665959358
-8732,-8731,685,83451.15560221672
-8732,-8729,686,83572.04715585709
-8732,-8731,687,83693.27428460121
-8732,-8729,688,83814.35509705544
-8732,-8732,689,83935.35196518898
-8732,-8731,690,84055.5065817833
-8732,-8732,691,84176.27795147896
-8732,-8731,692,84297.65743899345
-8732,-8729,693,84418.61984181404
-8732,-8729,694,84538.926602602
-8732,-8730,695,84659.36901021004
-8732,-8729,696,84780.22112321854
-8732,-8729,697,84901.24556970596
-8732,-8729,698,85021.5095949173
-8732,-8729,699,85142.40682816505
-8732,-8730,700,85263.17976355553
-8732,-8731,701,85383.38111901283
-8732,-8731,702,85503.79636406898
-8732,-8730,703,85624.77379274368
-8732,-8730,704,85745.73874974251
-8732,-8730,705,85866.14628529549
-8732,-8731,706,85987.01507782936
-8732,-8731,707,86107.96876072884
-8732,-8728,708,86228.88089489937
-8732,-8732,709,86349.63461589813