
-9469,-9469,0,264.8718228340149
-9498,-9498,1,591.5390028953552
-9514,-9514,2,921.7383940219879
-9529,-9529,3,1256.9747114181519
-9541,-9541,4,1593.3241472244263
-9549,-9549,5,1930.5096561908722
-9552,-9552,6,2268.122700214386
-9558,-9558,7,2605.5181708335876
-9559,-9559,8,2942.736355304718
-9562,-9562,9,3279.326671600342
-9565,-9565,10,3615.329619407654
-9571,-9571,11,3950.581283569336
-9572,-9572,12,4285.3563849925995
-9577,-9577,13,4619.571026802063
-9581,-9581,14,4952.255163669586
-9581,-9579,15,5284.774381875992
-9581,-9581,16,5615.815566778183
-9582,-9582,17,5945.631322622299
-9584,-9584,18,6274.464519500732
-9585,-9585,19,6602.5478365421295
-9586,-9586,20,6930.13803935051
-9586,-9586,21,7256.7710683345795
-9588,-9588,22,7582.877721071243
-9589,-9589,23,7908.946214199066
-9590,-9590,24,8233.469812393188
-9590,-9590,25,8557.917952775955
-9590,-9590,26,8882.077811956406
-9590,-9590,27,9203.91369342804
-9590,-9590,28,9525.75296664238
-9591,-9591,29,9848.786872386932
-9591,-9591,30,10171.09285235405
-9591,-9591,31,10493.055218935013
-9591,-9591,32,10815.173505067825
-9591,-9591,33,11136.892212867737
-9591,-9591,34,11458.311283826828
-9591,-9591,35,11778.84189081192
-9591,-9591,36,12097.87322974205
-9591,-9591,37,12416.802110910416
-9591,-9591,38,12735.7892203331
-9591,-9591,39,13054.960495471954
-9591,-9591,40,13373.55780005455
-9591,-9591,41,13692.073280096054
-9591,-9591,42,14009.242365598679
-9591,-9591,43,14326.744557380676
-9591,-9591,44,14643.911368608475
-9591,-9591,45,14960.300106287003
-9591,-9591,46,15275.930984973907
-9591,-9591,47,15591.32249546051
-9591,-9591,48,15907.161493062973
-9591,-9591,49,16222.769986629486
-9591,-9591,50,16538.834285259247
-9591,-9591,51,16854.201500415802
-9591,-9591,52,17168.48766183853
-9591,-9591,53,17483.893434286118
-9591,-9591,54,17798.98865222931
-9591,-9591,55,18112.43672800064
-9591,-9591,56,18425.967491865158
-9591,-9591,57,18737.79713511467
-9591,-9591,58,19049.70953631401
-9592,-9592,59,19361.50982761383
-9592,-9592,60,19672.91211605072
-9592,-9592,61,19984.955983400345
-9592,-9592,62,20297.42278623581
-9592,-9592,63,20610.466683387756
-9592,-9592,64,20923.660590410233
-9592,-9592,65,21236.646528720856
-9592,-9592,66,21550.62691473961
-9592,-9592,67,21866.035782814026
-9592,-9592,68,22180.797453165054
-9592,-9592,69,22494.19253540039
-9592,-9592,70,22807.01736521721
-9592,-9592,71,23119.68475484848
-9592,-9592,72,23432.567435503006
-9592,-9592,73,23745.524666547775
-9592,-9592,74,24058.562089443207
-9592,-9592,75,24371.536369085312
-9592,-9592,76,24685.04051065445
-9592,-9592,77,25000.84660100937
-9592,-9592,78,25314.22852730751
-9592,-9592,79,25627.115114927292
-9592,-9592,80,25938.905173540115
-9592,-9592,81,26251.49005007744
-9592,-9592,82,26565.031126976013
-9592,-9592,83,26879.175843954086
-9592,-9592,84,27191.655673503876
-9592,-9592,85,27505.695219039917
-9592,-9592,86,27817.8276348114
-9592,-9592,87,28129.729008197784
-9592,-9592,88,28443.106569051743
-9593,-9593,89,28756.35187482834
-9593,-9593,90,29067.57013607025
-9593,-9593,91,29380.93408560753
-9593,-9593,92,29694.661694049835
-9593,-9593,93,30006.010427713394
-9593,-9593,94,30318.274003982544
-9593,-9593,95,30628.810879945755
-9593,-9593,96,30939.40675330162
-9593,-9593,97,31252.390542268753
-9593,-9593,98,31565.286635398865
-9593,-9593,99,31879.41345310211
-9593,-9593,100,32193.247623443604
-9593,-9593,101,32508.230150938034
-9593,-9593,102,32822.66273570061
-9593,-9593,103,33135.383519649506
-9593,-9593,104,33447.827833652496
-9593,-9593,105,33759.920303583145
-9593,-9593,106,34072.061083078384
-9593,-9593,107,34384.86534690857
-9593,-9593,108,34696.735110998154
-9593,-9593,109,35009.22834610939
-9593,-9593,110,35321.46748518944
-9593,-9593,111,35634.76404619217
-9593,-9593,112,35947.391191482544
-9593,-9593,113,36260.085523843765
-9593,-9593,114,36573.61011195183
-9593,-9593,115,36887.14928984642
-9593,-9593,116,37200.732033491135
-9593,-9593,117,37514.27568054199
-9593,-9593,118,37826.99161338806
-9593,-9593,119,38138.92557191849
-9593,-9593,120,38451.8625357151
-9593,-9593,121,38763.78011035919
-9593,-9593,122,39075.74814200401
-9593,-9593,123,39387.678656339645
-9593,-9593,124,39700.456416368484
-9593,-9593,125,40011.770748615265
-9593,-9593,126,40325.293328762054
-9593,-9593,127,40638.40390729904
-9593,-9593,128,40951.1651134491
-9593,-9593,129,41265.19610095024
-9593,-9593,130,41577.466142416
-9593,-9593,131,41890.271270275116
-9593,-9593,132,42202.48680663109
-9593,-9593,133,42515.34826564789
-9593,-9593,134,42827.55280089378
-9593,-9593,135,43140.79531311989
-9593,-9593,136,43453.27502608299
-9593,-9593,137,43766.38215279579
-9593,-9593,138,44078.163501024246
-9593,-9593,139,44390.019741773605
-9593,-9593,140,44702.23460507393
-9593,-9593,141,45013.90042281151
-9593,-9593,142,45324.89456176758
-9593,-9593,143,45635.950830459595
-9593,-9593,144,45947.938363075256
-9593,-9593,145,46259.26432919502
-9593,-9593,146,46570.934411764145
-9593,-9593,147,46882.9801402092
-9593,-9593,148,47193.872354507446
-9593,-9593,149,47505.097495794296
-9593,-9593,150,47816.291031599045
-9593,-9593,151,48127.246118307114
-9593,-9593,152,48438.978675842285
-9593,-9593,153,48751.00934147835
-9593,-9593,154,49062.733580350876
-9593,-9593,155,49373.85075378418
-9593,-9593,156,49685.52748990059
-9593,-9593,157,49997.13559007645
-9593,-9593,158,50308.829486608505
-9593,-9593,159,50620.60735321045
-9593,-9593,160,50932.37422347069
-9593,-9593,161,51243.738510131836
-9593,-9593,162,51555.724084854126
-9593,-9593,163,51867.68793177605
-9593,-9593,164,52179.85847687721
-9593,-9593,165,52491.23345661163
-9593,-9593,166,52803.37489247322
-9593,-9593,167,53114.49708724022
-9593,-9593,168,53426.88171482086
-9593,-9593,169,53738.089482307434
-9593,-9593,170,54049.68544411659
-9593,-9593,171,54362.1661670208
-9593,-9593,172,54674.16754627228
-9593,-9593,173,54986.03084516525
-9593,-9593,174,55297.84336686134
-9593,-9593,175,55609.20364642143
-9593,-9593,176,55921.12091231346
-9593,-9593,177,56232.610248565674
-9593,-9593,178,56544.01215958595
-9593,-9593,179,56855.280923604965
-9593,-9593,180,57166.76143670082
-9593,-9593,181,57478.5289812088
-9593,-9593,182,57789.93220591545
-9593,-9593,183,58101.57385492325
-9593,-9593,184,58413.204792261124
-9593,-9593,185,58724.66112494469
-9593,-9593,186,59036.70862483978
-9593,-9593,187,59348.389338731766
-9593,-9593,188,59660.02017617226
-9593,-9593,189,59971.414252996445
-9593,-9593,190,60282.650444984436
-9593,-9593,191,60594.166662693024
-9593,-9593,192,60905.6644847393
-9593,-9593,193,61217.073363780975
-9593,-9593,194,61528.70241880417
-9593,-9593,195,61840.394055604935
-9593,-9593,196,62152.15306520462
-9593,-9593,197,62463.75278711319
-9593,-9593,198,62775.491909980774
-9593,-9593,199,63086.99552178383
-9593,-9593,200,63398.288964509964
-9593,-9593,201,63710.14457011223
-9593,-9593,202,64021.26927495003
-9593,-9593,203,64333.50640273094
-9593,-9593,204,64645.079852342606
-9593,-9593,205,64956.33698058128
-9593,-9593,206,65268.56103992462
-9593,-9593,207,65580.6910583973
-9593,-9593,208,65892.34120750427
-9593,-9593,209,66203.73830127716
-9593,-9593,210,66515.1942858696
-9593,-9593,211,66826.65530085564
-9593,-9593,212,67138.26330018044
-9593,-9593,213,67449.93876457214
-9593,-9593,214,67761.99562454224
-9593,-9593,215,68074.01731348038
-9593,-9593,216,68385.96972727776
-9593,-9593,217,68697.96899223328
-9593,-9593,218,69009.8112859726
-9593,-9593,219,69321.87149214745
-9593,-9593,220,69633.57807397842
-9593,-9593,221,69945.24309682846
-9593,-9593,222,70257.14265227318
-9593,-9593,223,70568.72614884377
-9593,-9593,224,70880.23818302155
-9593,-9593,225,71192.20716357231
-9593,-9593,226,71504.3622610569
-9593,-9593,227,71816.0290210247
-9593,-9593,228,72127.21613001823
-9593,-9593,229,72438.53374242783
-9593,-9593,230,72750.15481710434
-9593,-9593,231,73062.04597997665
-9593,-9593,232,73373.51193857193
-9593,-9593,233,73684.78654003143
-9593,-9593,234,73996.84266543388
-9593,-9593,235,74308.32838201523
-9593,-9593,236,74620.11687421799
-9593,-9593,237,74932.0531308651
-9593,-9593,238,75243.36296772957
-9593,-9593,239,75554.41548347473
-9593,-9593,240,75865.9687871933
-9593,-9593,241,76177.22960114479
-9593,-9593,242,76488.42224502563
-9593,-9593,243,76800.32481980324
-9593,-9593,244,77112.30105996132
-9593,-9593,245,77423.93482661247
-9593,-9593,246,77735.64924526215
-9593,-9593,247,78047.03814196587
-9593,-9593,248,78358.8004117012
-9593,-9593,249,78670.59780025482
-9593,-9593,250,78982.0305211544
-9593,-9593,251,79293.4909131527
-9593,-9593,252,79604.7169687748
-9593,-9593,253,79916.0313103199
-9593,-9593,254,80226.91658949852
-9593,-9593,255,80537.87123012543
-9593,-9593,256,80849.26951408386
-9593,-9593,257,81160.97893166542
-9593,-9593,258,81472.5565237999
-9593,-9593,259,81784.6627881527
-9593,-9593,260,82096.0550608635
-9593,-9593,261,82407.92893338203
-9593,-9593,262,82719.42953658104
-9593,-9593,263,83031.48901796341
-9593,-9593,264,83342.89454603195
-9593,-9593,265,83654.20692586899
-9593,-9593,266,83965.96940565109
-9593,-9593,267,84277.27230930328
-9593,-9593,268,84588.61379313469
-9593,-9593,269,84900.71282410622
-9593,-9593,270,85212.2460129261
-9593,-9593,271,85524.27278828621
-9593,-9593,272,85835.72619891167
-9593,-9593,273,86147.37519288063