
-5678,-5678,0,324.0330762863159
-5714,-5714,1,671.4673283100128
-5724,-5724,2,1017.8095195293427
-5733,-5733,3,1367.4883580207825
-5740,-5740,4,1715.5426988601685
-5740,-5740,5,2064.2985033988953
-5741,-5741,6,2412.871062517166
-5744,-5744,7,2761.4852001667023
-5745,-5745,8,3109.9115200042725
-5747,-5747,9,3458.270092725754
-5748,-5748,10,3806.5094385147095
-5748,-5748,11,4154.702730894089
-5748,-5748,12,4502.630340099335
-5749,-5749,13,4850.605306625366
-5749,-5749,14,5198.415938615799
-5750,-5750,15,5546.243921279907
-5750,-5750,16,5893.9752333164215
-5750,-5750,17,6242.080766677856
-5754,-5754,18,6589.634205341339
-5754,-5754,19,6937.413604259491
-5755,-5755,20,7285.320226192474
-5755,-5755,21,7633.042370557785
-5755,-5755,22,7980.766612291336
-5755,-5755,23,8328.453615427017
-5756,-5756,24,8676.083153009415
-5757,-5757,25,9023.672183036804
-5757,-5757,26,9371.30676484108
-5757,-5757,27,9719.021699666977
-5757,-5757,28,10066.704516172409
-5757,-5757,29,10414.37386059761
-5757,-5757,30,10761.678582191467
-5757,-5757,31,11109.439775705338
-5757,-5757,32,11456.974999189377
-5757,-5757,33,11803.807220220566
-5757,-5757,34,12151.314889192581
-5757,-5757,35,12498.713071584702
-5757,-5757,36,12846.244285821915
-5757,-5757,37,13193.638208150864
-5757,-5757,38,13540.858684778214
-5757,-5757,39,13888.23732495308
-5757,-5757,40,14235.618751764297
-5757,-5757,41,14583.199705600739
-5757,-5757,42,14930.645252466202
-5757,-5757,43,15277.390614748001
-5757,-5757,44,15624.769147396088
-5757,-5757,45,15971.947825193405
-5757,-5757,46,16319.311702013016
-5757,-5757,47,16665.93032503128
-5757,-5757,48,17013.302422761917
-5757,-5757,49,17360.699885368347
-5757,-5757,50,17708.10108280182
-5757,-5757,51,18055.242068767548
-5757,-5757,52,18402.46003627777
-5757,-5757,53,18749.87596297264
-5757,-5757,54,19097.262690782547
-5757,-5757,55,19444.279902219772
-5758,-5758,56,19791.562270641327
-5758,-5758,57,20138.740675210953
-5758,-5758,58,20485.816605091095
-5758,-5758,59,20833.03154039383
-5759,-5759,60,21179.67308974266
-5759,-5759,61,21527.099241495132
-5759,-5759,62,21874.299379825592
-5759,-5759,63,22220.74088025093
-5759,-5759,64,22567.758545160294
-5759,-5759,65,22914.82183456421
-5759,-5759,66,23261.86172604561
-5759,-5759,67,23609.01816678047
-5759,-5759,68,23956.292936086655
-5759,-5759,69,24303.334450483322
-5759,-5759,70,24650.385350227356
-5759,-5759,71,24997.432382822037
-5759,-5759,72,25344.643187761307
-5759,-5759,73,25691.759201288223
-5759,-5759,74,26037.885736227036
-5759,-5759,75,26384.814556837082
-5759,-5759,76,26731.797709941864
-5759,-5759,77,27078.73148918152
-5759,-5759,78,27425.707070350647
-5759,-5759,79,27772.758059501648
-5759,-5759,80,28119.742630958557
-5759,-5759,81,28466.70230269432
-5759,-5759,82,28813.87844133377
-5760,-5760,83,29160.860233545303
-5760,-5759,84,29507.88971400261
-5760,-5759,85,29854.576477766037
-5760,-5759,86,30201.736113786697
-5760,-5759,87,30548.466917037964
-5760,-5760,88,30895.43137526512
-5760,-5759,89,31242.505894184113
-5760,-5759,90,31589.466290712357
-5760,-5759,91,31935.57999253273
-5760,-5760,92,32281.915724754333
-5760,-5760,93,32628.546187877655
-5760,-5759,94,32975.39239168167
-5760,-5760,95,33321.405943632126
-5760,-5760,96,33668.22297358513
-5760,-5760,97,34015.199090242386
-5760,-5760,98,34361.98164725304
-5760,-5760,99,34708.751786231995
-5760,-5760,100,35055.418662786484
-5760,-5760,101,35402.24294304848
-5760,-5760,102,35749.18367099762
-5761,-5761,103,36096.22685742378
-5761,-5761,104,36442.34626483917
-5761,-5761,105,36789.05868124962
-5761,-5761,106,37135.778321266174
-5761,-5761,107,37482.393726587296
-5761,-5761,108,37829.25927114487
-5761,-5761,109,38176.033156871796
-5761,-5761,110,38522.69229054451
-5761,-5761,111,38869.61294746399
-5761,-5761,112,39216.17469215393
-5761,-5761,113,39562.75631022453
-5761,-5761,114,39909.37207555771
-5761,-5761,115,40255.269963502884
-5761,-5761,116,40601.98064279556
-5761,-5761,117,40948.72059226036
-5761,-5761,118,41295.50405550003
-5761,-5761,119,41642.15745663643
-5761,-5761,120,41988.80219435692
-5761,-5761,121,42334.887746334076
-5761,-5761,122,42681.50630402565
-5761,-5761,123,43027.48391532898
-5761,-5761,124,43373.638134002686
-5761,-5761,125,43720.46923685074
-5761,-5761,126,44067.17956662178
-5761,-5761,127,44413.90103149414
-5761,-5761,128,44760.6579515934
-5761,-5761,129,45107.40169906616
-5761,-5761,130,45453.40833091736
-5761,-5761,131,45800.32904314995
-5761,-5761,132,46146.9564473629
-5761,-5761,133,46493.85005736351
-5761,-5761,134,46840.57832455635
-5761,-5761,135,47187.33445072174
-5761,-5761,136,47534.13041639328
-5761,-5761,137,47881.145490407944
-5761,-5761,138,48227.75840759277
-5761,-5761,139,48574.501153707504
-5761,-5761,140,48921.10081744194
-5761,-5761,141,49267.761598825455
-5761,-5761,142,49614.59385180473
-5761,-5761,143,49961.1845164299
-5761,-5761,144,50307.691764354706
-5761,-5761,145,50654.341868400574
-5761,-5761,146,51000.95747733116
-5761,-5761,147,51347.956537008286
-5761,-5761,148,51694.47094678879
-5761,-5761,149,52040.99872636795
-5761,-5761,150,52387.752977609634
-5761,-5761,151,52734.22431850433
-5761,-5761,152,53080.823321819305
-5761,-5761,153,53426.819420814514
-5761,-5761,154,53773.481350421906
-5761,-5761,155,54119.54952669144
-5761,-5761,156,54465.36099529266
-5761,-5761,157,54811.947195768356
-5761,-5761,158,55158.42597079277
-5761,-5761,159,55504.33416891098
-5761,-5761,160,55850.81496334076
-5761,-5761,161,56196.67945432663
-5761,-5761,162,56543.30050969124
-5761,-5761,163,56889.72892856598
-5761,-5761,164,57236.172127485275
-5761,-5761,165,57582.72931790352
-5761,-5761,166,57929.36703133583
-5761,-5761,167,58275.394795656204
-5761,-5761,168,58622.02316594124
-5761,-5761,169,58968.58675646782
-5761,-5761,170,59314.94391322136
-5761,-5761,171,59661.49549651146
-5761,-5761,172,60007.93312835693
-5761,-5761,173,60354.52422332764
-5761,-5761,174,60700.87987589836
-5761,-5761,175,61047.49345159531
-5761,-5761,176,61394.05759191513
-5761,-5761,177,61740.67654466629
-5761,-5761,178,62087.03055548668
-5761,-5761,179,62433.63776755333
-5761,-5761,180,62780.15023398399
-5761,-5761,181,63125.68992829323
-5761,-5761,182,63471.383858680725
-5761,-5761,183,63817.13001155853
-5761,-5761,184,64163.574810028076
-5761,-5761,185,64509.523958683014
-5761,-5761,186,64855.480172634125
-5761,-5761,187,65201.59859800339
-5761,-5761,188,65547.97115468979
-5761,-5761,189,65893.60159349442
-5761,-5761,190,66239.76253581047
-5761,-5761,191,66586.076379776
-5761,-5761,192,66932.53418588638
-5761,-5761,193,67278.9135992527
-5761,-5761,194,67624.53916859627
-5761,-5761,195,67970.59163093567
-5761,-5761,196,68317.2307882309
-5761,-5761,197,68663.60973739624
-5761,-5761,198,69009.87916445732
-5761,-5761,199,69356.23109531403
-5761,-5761,200,69702.46998262405
-5761,-5761,201,70048.91237306595
-5761,-5761,202,70395.17007493973
-5761,-5761,203,70741.42397332191
-5761,-5761,204,71087.61168408394
-5761,-5761,205,71433.95986127853
-5761,-5761,206,71780.11346554756