
-18991,-18991,0,90.93023490905762
-19039,-19039,1,195.82196974754333
-19064,-19064,2,299.7777485847473
-19086,-19086,3,407.48854184150696
-19106,-19106,4,514.9483389854431
-19117,-19117,5,621.1990144252777
-19137,-19137,6,728.0132789611816
-19147,-19147,7,834.7069487571716
-19160,-19160,8,940.787529706955
-19178,-19178,9,1046.051647901535
-19179,-19179,10,1149.68594455719
-19191,-19191,11,1251.8244976997375
-19196,-19196,12,1351.8719079494476
-19202,-19202,13,1450.991605758667
-19209,-19209,14,1549.3874397277832
-19215,-19215,15,1646.5202767848969
-19223,-19223,16,1742.7325541973114
-19224,-19224,17,1838.0984904766083
-19226,-19226,18,1932.887919664383
-19230,-19230,19,2027.2323689460754
-19235,-19235,20,2121.0321912765503
-19236,-19236,21,2215.041399002075
-19238,-19238,22,2307.7692289352417
-19241,-19241,23,2400.410806655884
-19243,-19243,24,2492.721983194351
-19244,-19244,25,2584.978090763092
-19245,-19245,26,2677.5632569789886
-19247,-19247,27,2769.784146785736
-19249,-19249,28,2862.2258474826813
-19252,-19252,29,2954.3894884586334
-19252,-19252,30,3046.3590743541718
-19252,-19252,31,3138.462493419647
-19254,-19254,32,3230.1968433856964
-19254,-19254,33,3322.294202566147
-19256,-19256,34,3414.3179321289062
-19257,-19257,35,3506.2289617061615
-19257,-19257,36,3598.357354402542
-19257,-19257,37,3690.6196422576904
-19260,-19260,38,3783.1354644298553
-19260,-19259,39,3874.830329179764
-19260,-19260,40,3966.362359046936
-19260,-19260,41,4057.225353240967
-19260,-19260,42,4148.296972513199
-19260,-19260,43,4239.4673438072205
-19260,-19260,44,4330.601473331451
-19260,-19260,45,4422.755296945572
-19262,-19262,46,4514.821568727493
-19262,-19261,47,4606.969587087631
-19262,-19261,48,4699.865448236465
-19262,-19262,49,4792.2380583286285
-19262,-19262,50,4884.366150140762
-19262,-19262,51,4976.078234195709
-19262,-19262,52,5067.691593408585
-19262,-19262,53,5159.498658418655
-19262,-19262,54,5251.594381093979
-19262,-19262,55,5345.317256450653
-19264,-19264,56,5439.325000047684
-19264,-19263,57,5532.727219104767
-19264,-19263,58,5625.432461261749
-19264,-19264,59,5718.338579654694
-19265,-19265,60,5810.396331787109
-19265,-19264,61,5902.796151161194
-19265,-19265,62,5995.582405328751
-19265,-19265,63,6087.480215549469
-19265,-19265,64,6180.416572093964
-19265,-19265,65,6273.57487154007
-19265,-19265,66,6365.992298603058
-19265,-19265,67,6457.810337543488
-19265,-19265,68,6549.860672235489
-19265,-19265,69,6642.815608263016
-19265,-19265,70,6735.886209964752
-19265,-19265,71,6828.049282073975
-19265,-19265,72,6920.7135310173035
-19266,-19266,73,7012.6614112854
-19266,-19266,74,7104.315566301346
-19266,-19266,75,7196.521017074585
-19266,-19266,76,7288.560948848724
-19267,-19267,77,7380.903560638428
-19267,-19266,78,7473.67881155014
-19267,-19267,79,7567.522400140762
-19267,-19267,80,7660.370022535324
-19267,-19267,81,7753.057075500488
-19267,-19267,82,7845.529431819916
-19267,-19267,83,7937.2388796806335
-19267,-19267,84,8029.154902219772
-19267,-19267,85,8121.042750835419
-19267,-19267,86,8213.739439964294
-19267,-19267,87,8305.901719331741
-19267,-19267,88,8397.71792268753
-19267,-19267,89,8489.053458929062
-19267,-19267,90,8581.38078904152
-19267,-19267,91,8672.819306850433
-19267,-19267,92,8764.804615974426
-19267,-19267,93,8856.544231176376
-19267,-19267,94,8948.452116250992
-19267,-19267,95,9040.586422920227
-19267,-19267,96,9132.70928478241
-19267,-19267,97,9224.788326263428
-19267,-19267,98,9316.897922992706
-19267,-19267,99,9408.73372721672
-19267,-19267,100,9500.454298257828
-19268,-19268,101,9592.222600698471
-19268,-19268,102,9684.122900485992
-19268,-19268,103,9775.979812383652
-19268,-19268,104,9867.927471876144
-19269,-19269,105,9959.62391424179
-19269,-19268,106,10051.626662015915
-19269,-19269,107,10143.127425432205
-19269,-19269,108,10235.066304683685
-19270,-19270,109,10327.132185935974
-19270,-19269,110,10418.907113075256
-19270,-19270,111,10510.841694355011
-19270,-19269,112,10602.597561836243
-19270,-19270,113,10694.868119239807
-19270,-19269,114,10787.198857307434
-19270,-19270,115,10879.708849191666
-19271,-19271,116,10971.83560013771
-19272,-19272,117,11064.252522230148
-19272,-19271,118,11156.594273805618
-19272,-19271,119,11249.318608045578
-19272,-19271,120,11341.75470995903
-19272,-19272,121,11434.460817813873
-19272,-19272,122,11527.199275493622
-19273,-19273,123,11619.905265569687
-19273,-19273,124,11712.180389642715
-19273,-19273,125,11804.79308629036
-19273,-19273,126,11897.340321779251
-19274,-19274,127,11990.01214337349
-19274,-19274,128,12082.729860782623
-19274,-19274,129,12175.507184505463
-19274,-19274,130,12268.237982988358
-19274,-19274,131,12361.066012144089
-19274,-19274,132,12453.863730192184
-19274,-19274,133,12546.919442892075
-19274,-19274,134,12639.803089380264
-19275,-19275,135,12733.14231300354
-19275,-19274,136,12825.837995529175
-19275,-19275,137,12919.349897623062
-19275,-19275,138,13012.622180461884
-19275,-19275,139,13105.766127347946
-19275,-19275,140,13199.041034460068
-19275,-19275,141,13292.294892549515
-19275,-19275,142,13386.008840322495
-19275,-19275,143,13479.135885000229
-19275,-19275,144,13572.311386346817
-19275,-19275,145,13665.735155582428
-19275,-19275,146,13758.83664393425
-19275,-19275,147,13852.267845630646
-19275,-19275,148,13946.196745872498
-19276,-19276,149,14039.955113887787
-19276,-19276,150,14133.134333610535
-19276,-19276,151,14226.126824378967
-19276,-19276,152,14319.732990026474
-19276,-19276,153,14413.310221195221
-19276,-19275,154,14507.211248874664
-19276,-19275,155,14601.168180465698
-19276,-19276,156,14694.723217487335
-19277,-19277,157,14788.749951124191
-19277,-19276,158,14882.373142719269
-19277,-19276,159,14976.06574344635
-19277,-19276,160,15070.007768630981
-19277,-19276,161,15163.477344989777
-19277,-19276,162,15256.92446923256
-19277,-19277,163,15350.680824518204
-19277,-19276,164,15444.545978784561
-19277,-19277,165,15538.55687904358
-19277,-19277,166,15632.662039279938
-19277,-19277,167,15726.792172670364
-19277,-19277,168,15820.914363384247
-19277,-19277,169,15915.192724704742
-19278,-19278,170,16009.123786449432
-19278,-19277,171,16103.320545196533
-19278,-19278,172,16197.316126823425
-19278,-19277,173,16291.661814689636
-19278,-19277,174,16385.904356479645
-19278,-19277,175,16480.3639895916
-19278,-19278,176,16575.275909662247
-19278,-19277,177,16669.8305311203
-19278,-19278,178,16764.54842376709
-19278,-19277,179,16859.141367435455
-19279,-19279,180,16953.866393327713
-19279,-19278,181,17048.632331371307
-19279,-19279,182,17143.464013814926
-19279,-19279,183,17238.691177845
-19279,-19278,184,17333.20064139366
-19279,-19279,185,17428.372668027878
-19279,-19277,186,17522.93786072731
-19279,-19279,187,17618.07976126671
-19279,-19279,188,17713.09955763817
-19279,-19278,189,17808.546689271927
-19279,-19278,190,17903.61752796173
-19279,-19279,191,17999.624553203583
-19279,-19279,192,18095.08647274971
-19279,-19278,193,18189.94316983223
-19279,-19279,194,18284.921672582626
-19279,-19278,195,18379.875351905823
-19279,-19279,196,18474.87945818901
-19279,-19278,197,18570.207767009735
-19279,-19279,198,18665.594192504883
-19279,-19279,199,18761.091463804245
-19279,-19279,200,18856.37913608551
-19279,-19279,201,18951.782255649567
-19279,-19278,202,19047.155064344406
-19279,-19278,203,19142.75808906555
-19279,-19279,204,19238.455116271973
-19279,-19279,205,19333.83583855629
-19279,-19278,206,19429.32244706154
-19279,-19278,207,19524.787332057953
-19279,-19279,208,19620.37439250946
-19279,-19279,209,19716.07581448555
-19279,-19279,210,19811.619437217712
-19279,-19278,211,19907.252996444702
-19279,-19279,212,20002.85192155838
-19279,-19279,213,20098.300614118576
-19279,-19279,214,20193.71149134636
-19279,-19279,215,20289.229489803314
-19279,-19279,216,20384.86727499962
-19279,-19279,217,20480.456313848495
-19280,-19280,218,20576.229377985
-19280,-19279,219,20672.262940883636
-19280,-19280,220,20767.8982462883
-19280,-19279,221,20863.6927318573
-19280,-19279,222,20959.822187185287
-19280,-19280,223,21055.741909980774
-19280,-19280,224,21151.827956676483
-19280,-19280,225,21248.39511680603
-19280,-19280,226,21344.307336091995
-19280,-19280,227,21440.14497423172
-19280,-19280,228,21535.87413597107
-19280,-19280,229,21631.785422563553
-19280,-19280,230,21727.68632555008
-19280,-19280,231,21823.83509039879
-19280,-19280,232,21919.61604309082
-19280,-19280,233,22015.580582618713
-19281,-19281,234,22111.793601989746
-19281,-19280,235,22207.83593940735
-19281,-19281,236,22303.919890880585
-19281,-19280,237,22399.902959108353
-19281,-19281,238,22496.13286972046
-19281,-19280,239,22592.76521921158
-19281,-19281,240,22688.865349769592
-19281,-19280,241,22784.89806008339
-19281,-19280,242,22881.38583922386
-19281,-19281,243,22977.856088876724
-19281,-19280,244,23074.433354377747
-19281,-19281,245,23170.74439907074
-19281,-19281,246,23266.999083518982
-19281,-19281,247,23363.37585258484
-19281,-19281,248,23459.54719877243
-19281,-19281,249,23555.876158952713
-19281,-19281,250,23652.080846071243
-19281,-19281,251,23748.147270679474
-19281,-19280,252,23844.327540397644
-19281,-19281,253,23940.729846715927
-19281,-19280,254,24036.922070741653
-19281,-19281,255,24133.445239305496
-19281,-19281,256,24229.69630765915
-19281,-19280,257,24325.75630927086
-19281,-19281,258,24421.97089791298
-19281,-19281,259,24518.35397553444
-19281,-19281,260,24614.575446367264
-19281,-19281,261,24710.972902059555
-19281,-19281,262,24807.985567331314
-19281,-19281,263,24904.206969976425
-19281,-19281,264,25001.038738012314
-19282,-19282,265,25097.632730960846
-19282,-19281,266,25193.993482112885
-19282,-19281,267,25290.45538043976
-19282,-19282,268,25387.452293395996
-19282,-19281,269,25484.31055498123
-19282,-19281,270,25581.235833883286
-19282,-19281,271,25677.849127054214
-19282,-19281,272,25774.961225271225
-19282,-19281,273,25871.668912887573
-19282,-19281,274,25968.04101204872
-19282,-19281,275,26064.519206285477
-19282,-19281,276,26161.153599977493
-19282,-19281,277,26257.78830933571
-19282,-19281,278,26354.46481013298
-19282,-19281,279,26451.107831954956
-19282,-19281,280,26547.71191239357
-19282,-19281,281,26644.098670244217
-19282,-19282,282,26740.85899925232
-19282,-19281,283,26837.47947692871
-19282,-19281,284,26933.717697620392
-19282,-19281,285,27030.179696321487
-19282,-19281,286,27126.80645298958
-19282,-19281,287,27223.31696677208
-19282,-19281,288,27319.998550891876
-19282,-19281,289,27416.414607286453
-19282,-19281,290,27512.9041557312
-19282,-19282,291,27609.24614548683
-19282,-19281,292,27705.72868156433
-19282,-19282,293,27802.08753013611
-19282,-19281,294,27898.580823898315
-19282,-19281,295,27995.149705171585
-19282,-19281,296,28092.00033378601
-19282,-19281,297,28188.336488962173
-19282,-19281,298,28284.860951185226
-19282,-19282,299,28381.387585163116
-19282,-19281,300,28477.713245153427
-19282,-19282,301,28574.547570466995
-19282,-19281,302,28671.283978939056
-19282,-19282,303,28767.7760117054
-19282,-19282,304,28864.16988801956
-19282,-19281,305,28960.911757946014
-19282,-19281,306,29057.6802110672
-19282,-19282,307,29154.475402355194
-19282,-19282,308,29251.007380008698
-19282,-19282,309,29347.919553995132
-19283,-19283,310,29445.08614563942
-19283,-19282,311,29541.774618148804
-19283,-19283,312,29638.428191423416
-19283,-19282,313,29735.25327372551
-19283,-19283,314,29832.195713043213
-19283,-19283,315,29928.934904813766
-19283,-19283,316,30025.685562610626
-19284,-19284,317,30122.373633384705
-19284,-19283,318,30219.044793367386
-19284,-19282,319,30315.804123163223
-19284,-19282,320,30412.82599425316
-19284,-19282,321,30510.090718746185
-19284,-19282,322,30606.642419338226
-19284,-19283,323,30703.26933169365
-19284,-19283,324,30800.0483584404
-19284,-19283,325,30896.974405288696
-19284,-19283,326,30993.777109861374
-19284,-19284,327,31090.440593719482
-19284,-19283,328,31187.596391439438
-19284,-19283,329,31284.36112856865
-19284,-19283,330,31381.059063911438
-19284,-19283,331,31477.920528888702
-19284,-19283,332,31574.774346351624
-19284,-19284,333,31671.55833673477
-19284,-19283,334,31768.30586695671
-19284,-19284,335,31864.932745218277
-19284,-19284,336,31961.687896966934
-19284,-19284,337,32058.57223176956
-19284,-19283,338,32155.456240177155
-19284,-19283,339,32252.466267585754
-19284,-19283,340,32349.214436769485
-19284,-19284,341,32446.231528043747
-19284,-19283,342,32543.15959739685
-19284,-19284,343,32640.243641138077
-19284,-19284,344,32736.857100725174
-19284,-19283,345,32833.86916780472
-19284,-19283,346,32931.05106687546
-19284,-19284,347,33028.087933301926
-19284,-19284,348,33124.78584194183
-19284,-19284,349,33221.686851501465
-19284,-19283,350,33318.5757856369
-19284,-19284,351,33415.561467409134
-19285,-19285,352,33512.57908320427
-19285,-19284,353,33609.379845142365
-19285,-19285,354,33706.4078476429
-19285,-19284,355,33803.15844249725
-19285,-19284,356,33899.86869215965
-19285,-19284,357,33996.60817813873
-19285,-19284,358,34093.54009485245
-19285,-19285,359,34190.72482204437
-19285,-19284,360,34287.47059750557
-19285,-19284,361,34384.51882791519
-19285,-19285,362,34481.372395038605
-19285,-19284,363,34578.12916302681
-19285,-19284,364,34675.369213819504
-19285,-19285,365,34772.30090761185
-19285,-19285,366,34869.41530609131
-19285,-19285,367,34966.33308005333
-19285,-19285,368,35063.07128453255
-19285,-19284,369,35159.87994766235
-19285,-19284,370,35256.66928315163
-19285,-19285,371,35353.620002269745
-19285,-19285,372,35450.50101017952
-19285,-19285,373,35547.40337753296
-19285,-19285,374,35644.36934566498
-19285,-19284,375,35741.15090465546
-19285,-19284,376,35837.88338756561
-19285,-19285,377,35934.91827630997
-19285,-19285,378,36031.70435643196
-19285,-19284,379,36129.06216573715
-19285,-19284,380,36225.70657777786
-19285,-19285,381,36322.39904475212
-19285,-19285,382,36419.15566802025
-19285,-19285,383,36515.988499403
-19285,-19285,384,36612.79623770714
-19285,-19285,385,36710.115827560425
-19285,-19285,386,36806.96759533882
-19285,-19285,387,36903.903846502304
-19285,-19285,388,37001.03377151489
-19285,-19285,389,37097.82317996025
-19285,-19285,390,37194.600454330444
-19285,-19285,391,37291.76694440842
-19285,-19285,392,37388.68588042259
-19285,-19284,393,37485.431698560715
-19285,-19285,394,37582.638434648514
-19285,-19285,395,37679.661452293396
-19285,-19285,396,37776.63177204132
-19285,-19285,397,37873.75808882713
-19285,-19285,398,37970.667843580246
-19285,-19285,399,38067.51345419884
-19285,-19285,400,38164.38433599472
-19285,-19285,401,38261.176775217056
-19285,-19285,402,38357.97020316124
-19285,-19285,403,38454.76973104477
-19285,-19285,404,38551.68482708931
-19285,-19285,405,38648.55430674553
-19285,-19285,406,38745.924337387085
-19285,-19285,407,38842.5879945755
-19285,-19285,408,38939.34500718117
-19285,-19285,409,39036.16818380356
-19285,-19285,410,39133.24336481094
-19285,-19285,411,39229.946009635925
-19285,-19285,412,39326.69856643677
-19285,-19285,413,39423.6365442276
-19285,-19285,414,39520.70045828819
-19285,-19285,415,39617.71145391464
-19285,-19285,416,39714.588970184326
-19285,-19285,417,39811.39084815979
-19285,-19285,418,39908.53961396217
-19285,-19285,419,40005.25525569916
-19285,-19285,420,40102.18336105347
-19285,-19285,421,40199.1149418354
-19285,-19285,422,40296.291206121445
-19285,-19285,423,40393.09793925285
-19285,-19285,424,40490.06687641144
-19285,-19285,425,40586.91482305527
-19285,-19285,426,40683.757684230804
-19285,-19285,427,40780.86106586456
-19285,-19285,428,40877.76325201988
-19285,-19285,429,40974.644869327545
-19285,-19285,430,41071.66522574425
-19285,-19285,431,41168.62162780762
-19285,-19285,432,41265.612792253494
-19285,-19285,433,41362.53928732872
-19285,-19285,434,41459.55100750923
-19285,-19285,435,41557.1661837101
-19285,-19285,436,41654.12599873543
-19285,-19285,437,41751.12838220596
-19285,-19285,438,41848.0960829258
-19285,-19285,439,41944.91422533989
-19285,-19285,440,42041.85225558281
-19285,-19285,441,42138.82801938057
-19285,-19285,442,42236.09348678589
-19285,-19285,443,42333.01756620407
-19285,-19285,444,42430.25693035126
-19285,-19285,445,42527.101803302765
-19285,-19285,446,42624.7076728344
-19285,-19285,447,42721.52287149429
-19285,-19285,448,42818.341257572174
-19285,-19285,449,42915.49449777603
-19285,-19285,450,43012.43704199791
-19285,-19285,451,43109.468323946
-19285,-19285,452,43206.32643842697
-19285,-19285,453,43303.12337708473
-19285,-19285,454,43399.88015985489
-19285,-19285,455,43496.94792723656
-19285,-19285,456,43593.79462313652
-19285,-19285,457,43690.706594228745
-19285,-19285,458,43787.906115055084
-19285,-19285,459,43884.75075674057
-19285,-19285,460,43981.88363790512
-19285,-19285,461,44078.74401497841
-19285,-19285,462,44175.84984970093
-19285,-19285,463,44272.796840667725
-19285,-19285,464,44369.928873062134
-19286,-19286,465,44467.21483159065
-19286,-19285,466,44564.28771066666
-19286,-19285,467,44661.207421302795
-19286,-19285,468,44758.159979104996
-19286,-19285,469,44855.243671417236
-19286,-19285,470,44952.54313373566
-19286,-19285,471,45049.859327316284
-19286,-19285,472,45146.83000445366
-19286,-19285,473,45243.756717443466
-19286,-19286,474,45340.8863825798
-19286,-19285,475,45438.04873633385
-19286,-19285,476,45535.01693272591
-19286,-19285,477,45632.043080329895
-19286,-19286,478,45729.30049967766
-19286,-19286,479,45826.28917145729
-19286,-19285,480,45923.104102134705
-19286,-19286,481,46020.23951125145
-19286,-19285,482,46117.22836589813
-19286,-19285,483,46214.13423347473
-19286,-19286,484,46311.100986242294
-19286,-19286,485,46408.200103759766
-19286,-19286,486,46505.28183722496
-19286,-19285,487,46602.43274641037
-19286,-19286,488,46699.57480978966
-19286,-19286,489,46796.66121387482
-19286,-19285,490,46893.626276254654
-19286,-19286,491,46990.915714263916
-19286,-19286,492,47087.76626205444
-19286,-19285,493,47184.90109181404
-19286,-19286,494,47281.252393484116
-19286,-19285,495,47378.178990364075
-19286,-19286,496,47475.21975398064
-19286,-19286,497,47572.39036369324
-19286,-19286,498,47669.42670941353
-19286,-19286,499,47766.52470493317
-19286,-19286,500,47863.660564661026
-19286,-19285,501,47960.66414523125
-19286,-19286,502,48057.6684525013
-19286,-19286,503,48154.45495390892
-19286,-19285,504,48251.437757492065
-19286,-19286,505,48348.415085077286
-19286,-19285,506,48445.41680455208
-19286,-19285,507,48542.266585826874
-19286,-19286,508,48639.319167137146
-19286,-19286,509,48736.372564554214
-19286,-19286,510,48833.73299455643
-19286,-19286,511,48930.09242105484
-19286,-19286,512,49026.66315793991
-19286,-19286,513,49123.15811276436
-19286,-19286,514,49219.60911297798
-19286,-19286,515,49316.81665945053
-19286,-19285,516,49413.4647526741
-19286,-19286,517,49510.3482170105
-19286,-19286,518,49607.305946826935
-19286,-19286,519,49704.07181811333
-19286,-19286,520,49800.78534460068
-19286,-19286,521,49897.86151075363
-19286,-19286,522,49994.70654439926
-19286,-19286,523,50091.5512034893
-19286,-19286,524,50188.5229780674
-19286,-19286,525,50285.40854358673
-19286,-19286,526,50382.611193180084
-19286,-19286,527,50479.67800068855
-19286,-19285,528,50576.741931438446
-19286,-19286,529,50673.46589040756
-19286,-19286,530,50770.40436339378
-19286,-19286,531,50867.39592409134
-19286,-19286,532,50964.631158828735
-19286,-19286,533,51061.74799847603
-19286,-19285,534,51158.70369553566
-19286,-19286,535,51255.720687150955
-19286,-19286,536,51352.69094133377
-19286,-19286,537,51449.98036193848
-19286,-19286,538,51547.089037418365
-19286,-19286,539,51644.089514255524
-19286,-19286,540,51740.86238479614
-19286,-19286,541,51837.80294728279
-19286,-19286,542,51934.70315909386
-19286,-19286,543,52031.744099617004
-19286,-19286,544,52128.66183805466
-19286,-19286,545,52225.75017428398
-19286,-19286,546,52322.59917831421
-19286,-19286,547,52419.46344780922
-19286,-19286,548,52516.19637107849
-19286,-19285,549,52613.11809682846
-19286,-19286,550,52709.94416451454
-19286,-19286,551,52806.83112168312
-19286,-19286,552,52903.92379260063
-19286,-19286,553,53000.99710059166
-19286,-19286,554,53097.89370250702
-19286,-19285,555,53194.621022462845
-19286,-19286,556,53291.578018665314
-19286,-19286,557,53388.735352516174
-19286,-19286,558,53485.74698019028
-19286,-19286,559,53582.86316156387
-19286,-19286,560,53679.73035931587
-19286,-19286,561,53776.963953495026
-19286,-19286,562,53874.00738739967
-19286,-19286,563,53971.2002723217
-19286,-19286,564,54067.98926901817
-19286,-19286,565,54164.87833762169
-19286,-19286,566,54261.80597901344
-19286,-19285,567,54358.51711177826
-19286,-19286,568,54455.48451089859
-19286,-19286,569,54552.39499044418
-19286,-19286,570,54649.20275259018
-19286,-19286,571,54746.00088214874
-19286,-19286,572,54842.960951566696
-19286,-19286,573,54940.04400515556
-19286,-19286,574,55037.08134317398
-19286,-19286,575,55133.97701907158
-19286,-19286,576,55230.878442287445
-19286,-19286,577,55327.81182432175
-19286,-19286,578,55424.745169878006
-19286,-19286,579,55521.63976287842
-19286,-19286,580,55618.552941560745
-19286,-19286,581,55715.811831235886
-19286,-19286,582,55812.620715379715
-19286,-19286,583,55909.35446190834
-19286,-19286,584,56006.22647666931
-19286,-19286,585,56103.03792619705
-19286,-19286,586,56200.06336379051
-19286,-19286,587,56297.03297829628
-19286,-19286,588,56393.845504283905
-19286,-19286,589,56490.61623501778
-19286,-19286,590,56587.294823884964
-19286,-19286,591,56684.341913700104
-19286,-19286,592,56781.259722709656
-19286,-19286,593,56877.79435682297
-19286,-19286,594,56974.561814546585
-19286,-19286,595,57071.39808559418
-19286,-19286,596,57168.1212580204
-19286,-19286,597,57264.98738479614
-19286,-19286,598,57362.09188580513
-19286,-19286,599,57458.913805007935
-19286,-19286,600,57555.86145925522
-19286,-19286,601,57652.89678096771
-19286,-19286,602,57750.08611989021
-19286,-19286,603,57846.9466817379
-19286,-19286,604,57943.77828121185
-19286,-19286,605,58040.653020858765
-19286,-19286,606,58137.776252031326
-19286,-19286,607,58234.71167206764
-19286,-19286,608,58331.764412641525
-19286,-19286,609,58428.99561905861
-19286,-19286,610,58526.02166390419
-19286,-19286,611,58623.07229924202
-19286,-19286,612,58719.924721241
-19286,-19286,613,58817.10187792778
-19286,-19286,614,58913.95874929428
-19286,-19286,615,59010.85428905487
-19286,-19286,616,59107.91888999939
-19286,-19286,617,59204.669563531876
-19286,-19286,618,59301.33428931236
-19286,-19286,619,59398.5298075676
-19286,-19286,620,59495.6540620327
-19286,-19286,621,59592.49069070816
-19286,-19286,622,59689.41599774361
-19286,-19286,623,59786.299496650696
-19286,-19286,624,59883.558658123016
-19286,-19286,625,59980.762746572495
-19286,-19286,626,60077.48416042328
-19286,-19286,627,60174.25954055786
-19286,-19286,628,60270.88747835159
-19286,-19286,629,60367.908386707306
-19286,-19286,630,60464.70183157921
-19286,-19286,631,60561.574360370636
-19286,-19286,632,60658.52557349205
-19286,-19286,633,60755.5402367115
-19286,-19286,634,60852.406828165054
-19286,-19286,635,60949.19597148895
-19286,-19286,636,61046.08667135239
-19286,-19286,637,61142.86125588417
-19286,-19286,638,61239.83270096779
-19286,-19286,639,61336.596760988235
-19286,-19286,640,61433.570357084274
-19286,-19286,641,61530.85621190071
-19286,-19286,642,61627.715839385986
-19286,-19286,643,61724.64094686508
-19286,-19286,644,61821.780410289764
-19286,-19286,645,61918.880838871
-19286,-19286,646,62015.950545310974
-19286,-19286,647,62113.1140601635
-19286,-19286,648,62209.8343706131
-19286,-19286,649,62306.82632136345
-19286,-19286,650,62403.524245262146
-19286,-19286,651,62500.46892952919
-19286,-19286,652,62597.40625190735
-19286,-19286,653,62694.60074687004
-19286,-19286,654,62791.543070316315
-19286,-19286,655,62888.91198825836
-19286,-19286,656,62986.09514045715
-19287,-19287,657,63083.49283742905
-19287,-19286,658,63180.804396390915
-19287,-19286,659,63277.91019511223
-19287,-19286,660,63374.86712384224
-19287,-19286,661,63472.02951455116
-19287,-19286,662,63569.05212640762
-19287,-19286,663,63666.05542778969
-19287,-19286,664,63762.9059176445
-19287,-19286,665,63859.811676979065
-19287,-19286,666,63957.06075143814
-19287,-19286,667,64053.93272304535
-19287,-19287,668,64150.7472987175
-19287,-19286,669,64247.86304593086
-19287,-19287,670,64344.96002840996
-19287,-19287,671,64441.79679131508
-19287,-19286,672,64538.66302776337
-19287,-19286,673,64635.68894934654
-19287,-19286,674,64732.83295202255
-19287,-19287,675,64829.68224072456
-19287,-19287,676,64926.78980898857
-19287,-19287,677,65023.82207250595
-19287,-19287,678,65120.64872932434
-19287,-19287,679,65217.4607899189
-19287,-19287,680,65314.20506930351
-19287,-19286,681,65411.14504933357
-19287,-19287,682,65507.890974760056
-19287,-19287,683,65604.90814208984
-19287,-19287,684,65701.75773334503
-19287,-19287,685,65798.60210704803
-19287,-19286,686,65895.47977852821
-19287,-19286,687,65992.50537276268
-19287,-19287,688,66089.54322385788
-19287,-19286,689,66186.67575669289
-19287,-19287,690,66283.75664114952
-19287,-19287,691,66380.76976251602
-19287,-19287,692,66477.81054544449
-19287,-19287,693,66574.87518000603
-19287,-19287,694,66672.01075363159
-19287,-19287,695,66768.894957304
-19287,-19287,696,66865.96173977852
-19287,-19286,697,66962.90022063255
-19287,-19287,698,67059.72512507439
-19287,-19287,699,67156.6424870491
-19287,-19286,700,67253.75050520897
-19287,-19287,701,67350.75268983841
-19287,-19287,702,67447.67735433578
-19287,-19287,703,67544.95673370361
-19287,-19286,704,67641.851385355
-19287,-19287,705,67738.97036957741
-19287,-19287,706,67836.1399550438
-19287,-19287,707,67933.15267920494
-19287,-19287,708,68030.03534173965
-19287,-19287,709,68127.39094185829
-19287,-19287,710,68224.2563495636
-19287,-19287,711,68321.36505699158
-19287,-19287,712,68418.38464450836
-19287,-19287,713,68515.65753769875
-19287,-19286,714,68612.71574234962
-19287,-19287,715,68709.79023265839
-19287,-19287,716,68806.61820554733
-19287,-19286,717,68903.6823720932
-19287,-19287,718,69000.71601057053
-19287,-19287,719,69097.72913789749
-19287,-19287,720,69194.42893242836
-19287,-19287,721,69291.56321334839
-19287,-19286,722,69388.5183377266
-19287,-19287,723,69485.50855565071
-19287,-19287,724,69582.49319028854
-19287,-19287,725,69679.56982135773
-19287,-19287,726,69776.77163147926
-19287,-19286,727,69873.85172867775
-19287,-19287,728,69971.07292962074
-19287,-19287,729,70068.24661183357
-19287,-19287,730,70165.22710084915
-19287,-19287,731,70261.85551214218
-19287,-19287,732,70358.57927775383
-19287,-19287,733,70455.57058382034
-19287,-19287,734,70552.6418454647
-19287,-19287,735,70649.69324684143
-19287,-19287,736,70746.81807231903
-19287,-19287,737,70843.78845238686
-19287,-19287,738,70940.92692494392
-19287,-19286,739,71038.1917026043
-19287,-19287,740,71135.32426524162
-19287,-19287,741,71232.52009057999
-19287,-19287,742,71329.37231445312
-19287,-19287,743,71426.45164132118
-19287,-19287,744,71523.58519983292
-19287,-19287,745,71620.76102495193
-19287,-19287,746,71717.45804810524
-19287,-19287,747,71814.627348423
-19287,-19287,748,71911.62342643738
-19287,-19287,749,72008.79748296738
-19287,-19287,750,72105.75723314285
-19287,-19287,751,72202.97885251045
-19287,-19287,752,72299.94709086418
-19287,-19287,753,72397.05826377869
-19287,-19287,754,72494.14564013481
-19287,-19287,755,72591.2614364624
-19287,-19287,756,72688.13580036163
-19287,-19287,757,72785.06041312218
-19287,-19287,758,72882.35078930855
-19287,-19287,759,72979.13063192368
-19287,-19287,760,73075.99985814095
-19287,-19287,761,73173.14600110054
-19287,-19287,762,73269.92831015587
-19287,-19287,763,73366.7158548832
-19287,-19287,764,73463.6718993187
-19287,-19287,765,73560.73171567917
-19287,-19287,766,73657.58199381828
-19287,-19287,767,73754.32243967056
-19287,-19287,768,73851.33149909973
-19287,-19287,769,73948.78342270851
-19287,-19287,770,74045.60575962067
-19287,-19287,771,74142.25297117233
-19287,-19287,772,74239.29324102402
-19287,-19287,773,74336.05879640579
-19287,-19287,774,74432.9924299717
-19287,-19287,775,74530.0229382515
-19287,-19287,776,74626.86448335648
-19287,-19287,777,74723.72034049034
-19287,-19287,778,74820.60135293007
-19287,-19287,779,74917.98210477829
-19287,-19287,780,75014.63482260704
-19287,-19287,781,75111.75848221779
-19287,-19287,782,75208.80665063858
-19287,-19287,783,75305.45436644554
-19287,-19287,784,75402.72740626335
-19287,-19287,785,75499.61834096909
-19287,-19287,786,75596.78091621399
-19287,-19287,787,75693.65425348282
-19287,-19287,788,75790.4818508625
-19287,-19287,789,75887.52991294861
-19287,-19287,790,75984.34466052055
-19287,-19287,791,76081.28200030327
-19287,-19287,792,76177.96093797684
-19287,-19287,793,76274.793684721
-19287,-19287,794,76371.76105594635
-19287,-19287,795,76468.69621157646
-19287,-19287,796,76565.39466714859
-19287,-19287,797,76662.17948746681
-19287,-19287,798,76759.24294734001
-19287,-19287,799,76856.17330884933
-19287,-19287,800,76953.23970556259
-19287,-19287,801,77050.28946399689
-19287,-19287,802,77147.21192669868
-19287,-19287,803,77243.9930741787
-19287,-19287,804,77340.7092719078
-19287,-19286,805,77437.65448188782
-19287,-19287,806,77534.43581080437
-19287,-19287,807,77631.29767203331
-19288,-19288,808,77728.32598185539
-19288,-19287,809,77825.67464327812
-19288,-19288,810,77922.71711778641
-19288,-19288,811,78019.74905276299
-19288,-19287,812,78116.71977424622
-19288,-19287,813,78213.85473251343
-19288,-19287,814,78310.90706014633
-19288,-19286,815,78407.84820747375
-19288,-19287,816,78504.6413743496
-19288,-19287,817,78601.5329759121
-19288,-19287,818,78698.29647684097
-19288,-19287,819,78795.36963057518
-19288,-19287,820,78892.35608673096
-19288,-19287,821,78989.65420889854
-19288,-19287,822,79086.63278698921
-19288,-19287,823,79183.86583399773
-19288,-19287,824,79280.84940671921
-19288,-19288,825,79377.83206224442
-19288,-19287,826,79474.69124746323
-19288,-19287,827,79571.7793648243
-19288,-19287,828,79668.69417142868
-19288,-19287,829,79765.4636964798
-19288,-19288,830,79862.20677781105
-19288,-19288,831,79959.19738006592
-19288,-19288,832,80056.19440412521
-19288,-19287,833,80153.48206210136
-19288,-19287,834,80250.3218960762
-19288,-19288,835,80347.27225780487
-19288,-19287,836,80444.13130497932
-19288,-19287,837,80541.00586414337
-19288,-19287,838,80638.066147089
-19288,-19287,839,80734.94433450699
-19288,-19287,840,80832.17314267159
-19288,-19287,841,80929.30212068558
-19288,-19287,842,81026.13313555717
-19288,-19287,843,81122.94692897797
-19288,-19288,844,81219.77032279968
-19288,-19288,845,81316.82214593887
-19288,-19288,846,81413.77331900597
-19288,-19288,847,81510.67026615143
-19288,-19288,848,81607.48244714737
-19288,-19287,849,81704.52308917046
-19288,-19288,850,81801.20524811745
-19288,-19288,851,81897.88281559944
-19288,-19288,852,81994.87201166153
-19288,-19288,853,82091.96497488022
-19288,-19287,854,82188.7137863636
-19288,-19288,855,82285.41061210632
-19288,-19288,856,82382.50641393661
-19288,-19287,857,82479.43242073059
-19288,-19288,858,82576.49484181404
-19288,-19288,859,82673.3857767582
-19288,-19288,860,82770.20836925507
-19288,-19287,861,82867.44058275223
-19288,-19287,862,82964.45058059692
-19288,-19287,863,83061.49711108208
-19288,-19288,864,83158.33372950554
-19288,-19288,865,83255.2675640583
-19288,-19288,866,83352.05301642418
-19288,-19288,867,83449.04527807236
-19288,-19288,868,83546.1082277298
-19288,-19288,869,83642.99964642525
-19288,-19288,870,83740.05801177025
-19288,-19287,871,83836.93725705147
-19288,-19288,872,83933.81277918816
-19288,-19287,873,84030.84505438805
-19288,-19288,874,84127.88515233994
-19288,-19288,875,84225.09361767769
-19288,-19287,876,84322.22246694565
-19288,-19288,877,84419.528039217
-19288,-19288,878,84516.9895002842
-19288,-19288,879,84613.98984718323
-19288,-19287,880,84711.12438869476
-19288,-19287,881,84808.085896492
-19288,-19288,882,84905.10491657257
-19288,-19287,883,85002.02510166168
-19288,-19287,884,85098.93809580803
-19288,-19288,885,85196.0427570343
-19288,-19287,886,85293.16577243805
-19288,-19288,887,85390.17158532143
-19288,-19288,888,85487.1652314663
-19288,-19288,889,85584.16841506958
-19288,-19288,890,85681.01639676094
-19288,-19288,891,85777.8484506607
-19288,-19288,892,85874.94442915916
-19288,-19288,893,85971.91816687584
-19288,-19288,894,86068.72212004662
-19288,-19288,895,86165.8985543251
-19288,-19288,896,86263.06102705002