
-18997,-18997,0,90.97424912452698
-19035,-19035,1,195.88433575630188
-19059,-19059,2,300.1301381587982
-19077,-19077,3,408.2253165245056
-19118,-19118,4,516.1420183181763
-19118,-19104,5,622.7354869842529
-19136,-19136,6,730.1940112113953
-19145,-19145,7,837.1650383472443
-19159,-19159,8,943.4623031616211
-19168,-19168,9,1048.2847068309784
-19182,-19182,10,1151.5946576595306
-19195,-19195,11,1254.6319861412048
-19204,-19204,12,1356.0252139568329
-19211,-19211,13,1455.4380989074707
-19220,-19220,14,1554.2692682743073
-19230,-19230,15,1651.4872102737427
-19235,-19235,16,1747.2311944961548
-19239,-19239,17,1842.001318693161
-19239,-19239,18,1936.0344288349152
-19248,-19248,19,2028.968099117279
-19251,-19251,20,2121.479994535446
-19257,-19257,21,2213.3287448883057
-19260,-19260,22,2305.2165591716766
-19264,-19264,23,2397.0482280254364
-19265,-19265,24,2489.2116405963898
-19265,-19265,25,2581.1257078647614
-19270,-19270,26,2673.3350853919983
-19271,-19271,27,2765.487283229828
-19271,-19270,28,2857.1431109905243
-19271,-19271,29,2949.1440386772156
-19271,-19271,30,3041.2436130046844
-19275,-19275,31,3133.445077419281
-19275,-19273,32,3225.229033470154
-19275,-19272,33,3317.5496776103973
-19275,-19274,34,3409.142406463623
-19275,-19275,35,3501.348529815674
-19275,-19275,36,3593.8890419006348
-19275,-19275,37,3686.3520607948303
-19276,-19276,38,3778.808757543564
-19276,-19276,39,3871.556146144867
-19277,-19277,40,3964.5548367500305
-19277,-19277,41,4057.4236438274384
-19277,-19277,42,4150.472524881363
-19277,-19277,43,4243.532047986984
-19277,-19277,44,4336.523774862289
-19277,-19277,45,4429.637326478958
-19277,-19277,46,4522.665296554565
-19278,-19278,47,4615.636324882507
-19278,-19278,48,4707.992983579636
-19278,-19278,49,4800.767874956131
-19278,-19278,50,4893.661334514618
-19278,-19278,51,4986.02926158905
-19278,-19278,52,5078.021058797836
-19278,-19278,53,5170.20042014122
-19278,-19278,54,5262.050401687622
-19278,-19278,55,5353.921766281128
-19278,-19278,56,5445.837454080582
-19278,-19278,57,5538.226671934128
-19278,-19278,58,5630.546935081482
-19278,-19278,59,5723.003463506699
-19278,-19278,60,5815.20738363266
-19278,-19278,61,5907.624382734299
-19278,-19278,62,5999.867378473282
-19278,-19278,63,6092.169044017792
-19278,-19278,64,6184.697455406189
-19278,-19278,65,6277.186038017273
-19278,-19278,66,6369.535002231598
-19279,-19279,67,6461.523015260696
-19279,-19279,68,6553.9778780937195
-19279,-19279,69,6646.3863644599915
-19279,-19279,70,6738.3506598472595
-19279,-19279,71,6830.151752948761
-19279,-19279,72,6922.167464494705
-19279,-19279,73,7014.476448774338
-19279,-19279,74,7106.895159006119
-19279,-19279,75,7199.282080411911
-19279,-19279,76,7291.753256559372
-19279,-19279,77,7384.221933841705
-19279,-19279,78,7476.548260211945
-19279,-19279,79,7568.82443356514
-19279,-19279,80,7661.488282442093
-19279,-19279,81,7754.260375738144
-19279,-19279,82,7846.992878198624
-19279,-19279,83,7938.47114443779
-19279,-19279,84,8030.137649536133
-19279,-19279,85,8122.455472946167
-19279,-19279,86,8214.814667701721
-19279,-19279,87,8307.58978152275
-19279,-19279,88,8400.01669716835
-19279,-19279,89,8491.918184995651
-19279,-19279,90,8584.580496311188
-19279,-19279,91,8676.261921405792
-19279,-19279,92,8767.889242649078
-19279,-19279,93,8859.753148317337
-19280,-19280,94,8952.062690734863
-19280,-19280,95,9044.618644237518
-19280,-19280,96,9136.155267000198
-19280,-19280,97,9228.429671049118
-19280,-19280,98,9320.173829317093
-19280,-19280,99,9412.637502908707
-19280,-19280,100,9504.438846349716
-19280,-19280,101,9596.913724660873
-19280,-19280,102,9689.54000377655
-19280,-19280,103,9782.109513759613
-19280,-19280,104,9874.77296948433
-19280,-19280,105,9967.203703641891
-19280,-19280,106,10059.112914562225
-19280,-19280,107,10151.896726608276
-19280,-19280,108,10244.420461177826
-19280,-19280,109,10336.939754247665
-19280,-19280,110,10430.292063951492
-19280,-19280,111,10522.753232717514
-19280,-19280,112,10615.356570243835
-19280,-19280,113,10707.10751914978
-19280,-19280,114,10798.96539235115
-19280,-19280,115,10891.240911960602
-19280,-19280,116,10984.07472705841
-19280,-19280,117,11076.800307512283
-19280,-19280,118,11170.337590456009
-19280,-19280,119,11263.108684778214
-19280,-19280,120,11355.65505194664
-19280,-19280,121,11448.142498016357
-19280,-19280,122,11541.151091098785
-19280,-19280,123,11634.12516117096
-19280,-19280,124,11726.776257038116
-19280,-19280,125,11819.686969280243
-19280,-19280,126,11912.217678785324
-19280,-19280,127,12004.845040082932
-19280,-19280,128,12097.528415203094
-19280,-19280,129,12190.215365886688
-19280,-19280,130,12282.712586164474
-19280,-19280,131,12375.225600719452
-19280,-19280,132,12468.09682226181
-19280,-19280,133,12561.405352592468
-19280,-19280,134,12654.196236848831
-19280,-19280,135,12745.933393716812
-19280,-19280,136,12837.94756603241
-19280,-19280,137,12930.335490465164
-19280,-19280,138,13023.185087919235
-19281,-19281,139,13115.798844337463
-19281,-19280,140,13208.740530252457
-19281,-19280,141,13301.195840835571
-19281,-19281,142,13394.618637084961
-19281,-19280,143,13486.680876255035
-19281,-19281,144,13580.086673021317
-19281,-19280,145,13673.958523988724
-19282,-19282,146,13767.568856239319
-19282,-19281,147,13859.749530792236
-19282,-19280,148,13952.093007326126
-19282,-19280,149,14044.156914710999
-19282,-19280,150,14136.480786800385
-19282,-19281,151,14229.334426879883
-19282,-19281,152,14322.525426864624
-19282,-19281,153,14415.986224889755
-19282,-19281,154,14509.807765007019
-19282,-19281,155,14602.600265026093
-19282,-19282,156,14695.091447353363
-19282,-19281,157,14788.125311136246
-19282,-19282,158,14881.241531610489
-19282,-19281,159,14973.194991588593
-19282,-19281,160,15065.800915002823
-19282,-19281,161,15158.132971525192
-19282,-19281,162,15250.469939947128
-19282,-19281,163,15343.750175714493
-19282,-19282,164,15436.694860458374
-19282,-19282,165,15529.400783538818
-19282,-19282,166,15622.568310022354
-19282,-19282,167,15715.51591873169
-19282,-19282,168,15807.541890382767
-19282,-19282,169,15899.773696899414
-19282,-19282,170,15992.543225765228
-19282,-19282,171,16085.544946193695
-19282,-19282,172,16178.54535484314
-19282,-19282,173,16272.456548213959
-19282,-19282,174,16364.623648643494
-19282,-19282,175,16457.0396463871
-19282,-19282,176,16550.221014022827
-19282,-19282,177,16643.457218170166
-19282,-19282,178,16735.736355304718
-19282,-19282,179,16828.65737271309
-19283,-19283,180,16921.491201400757
-19283,-19282,181,17014.54021048546
-19283,-19282,182,17107.470331907272
-19283,-19282,183,17200.476034879684
-19283,-19282,184,17293.426653862
-19283,-19282,185,17386.85462832451
-19283,-19282,186,17480.266110658646
-19283,-19282,187,17574.086848020554
-19283,-19283,188,17667.302583694458
-19283,-19283,189,17760.656527519226
-19283,-19283,190,17854.06361103058
-19284,-19284,191,17947.27523946762
-19284,-19283,192,18040.479475736618
-19284,-19284,193,18133.621631145477
-19284,-19284,194,18227.09654188156
-19284,-19284,195,18319.958320617676
-19284,-19284,196,18413.085329055786
-19284,-19284,197,18506.592385053635
-19284,-19284,198,18599.579925060272
-19284,-19284,199,18693.056733369827
-19284,-19284,200,18786.39306282997
-19284,-19284,201,18879.425401210785
-19284,-19284,202,18972.42722940445
-19284,-19284,203,19065.68149995804
-19284,-19284,204,19159.00190925598
-19284,-19284,205,19252.399065971375
-19284,-19284,206,19346.313455820084
-19284,-19284,207,19440.148232221603
-19284,-19284,208,19533.35931944847
-19284,-19284,209,19626.410656929016
-19284,-19284,210,19719.54473423958
-19284,-19284,211,19812.42720079422
-19284,-19284,212,19905.562890291214
-19284,-19284,213,19998.891127347946
-19284,-19284,214,20092.051543474197
-19284,-19284,215,20184.53069615364
-19284,-19284,216,20277.83487033844
-19285,-19285,217,20371.101893901825
-19285,-19284,218,20463.961426973343
-19285,-19284,219,20556.120341300964
-19285,-19284,220,20648.415103197098
-19285,-19284,221,20741.54748225212
-19285,-19284,222,20834.016569375992
-19285,-19285,223,20926.488416433334
-19285,-19285,224,21019.69020986557
-19285,-19284,225,21112.845500707626
-19285,-19284,226,21206.090804100037
-19285,-19284,227,21299.31612277031
-19285,-19284,228,21392.286548614502
-19285,-19285,229,21485.538469791412
-19285,-19285,230,21579.719979286194
-19285,-19284,231,21672.91028571129
-19285,-19285,232,21766.991626501083
-19285,-19285,233,21860.550166130066
-19285,-19285,234,21953.93803858757
-19285,-19285,235,22047.05600118637
-19285,-19285,236,22140.198239564896
-19285,-19285,237,22233.12146306038
-19285,-19285,238,22326.513528347015
-19285,-19285,239,22419.814692735672
-19285,-19285,240,22513.46733736992
-19285,-19285,241,22607.043798208237
-19285,-19285,242,22700.340080976486
-19285,-19285,243,22793.449940919876
-19285,-19285,244,22886.774991989136
-19285,-19285,245,22979.970310926437
-19285,-19284,246,23073.169729948044
-19285,-19285,247,23165.75211429596
-19285,-19285,248,23259.941479444504
-19285,-19285,249,23353.174354314804
-19286,-19286,250,23446.48414373398
-19286,-19285,251,23539.937601327896
-19286,-19285,252,23633.481220006943
-19287,-19287,253,23726.78621006012
-19287,-19286,254,23820.56853556633
-19287,-19286,255,23913.62420487404
-19287,-19286,256,24006.873457193375
-19287,-19287,257,24100.248519659042
-19287,-19286,258,24193.983718395233
-19287,-19286,259,24287.580009937286
-19287,-19286,260,24381.14243578911
-19287,-19286,261,24474.68161201477
-19287,-19286,262,24568.422018527985
-19287,-19286,263,24661.83100914955
-19287,-19286,264,24755.15964460373
-19287,-19286,265,24848.80970621109
-19287,-19286,266,24942.279993534088
-19287,-19286,267,25036.109638929367
-19287,-19287,268,25129.825098752975
-19287,-19286,269,25223.72530245781
-19287,-19286,270,25316.950478315353
-19287,-19287,271,25410.068995714188
-19287,-19286,272,25503.181535720825
-19287,-19286,273,25596.62486720085
-19287,-19286,274,25690.24534225464
-19287,-19287,275,25783.69458270073
-19287,-19287,276,25877.008607387543
-19287,-19287,277,25970.520306110382
-19287,-19287,278,26064.17317891121
-19287,-19287,279,26157.226325273514
-19287,-19287,280,26250.904586791992
-19287,-19287,281,26344.380690574646
-19287,-19287,282,26437.594105243683
-19287,-19287,283,26530.92062020302
-19287,-19287,284,26624.34432554245
-19287,-19287,285,26718.120143413544
-19287,-19287,286,26811.749329805374
-19287,-19287,287,26905.268201351166
-19287,-19287,288,26998.574444055557
-19287,-19287,289,27091.603473186493
-19287,-19287,290,27185.088458538055
-19287,-19287,291,27278.528851747513
-19287,-19287,292,27371.854867458344
-19287,-19287,293,27465.154666423798
-19287,-19287,294,27558.389219760895
-19287,-19287,295,27652.063343286514
-19287,-19287,296,27745.400085926056
-19287,-19287,297,27838.6094558239
-19287,-19287,298,27931.939422607422
-19287,-19287,299,28025.401094436646
-19287,-19287,300,28118.880474567413
-19287,-19287,301,28212.272391319275
-19287,-19287,302,28305.37592983246
-19287,-19287,303,28398.712340593338
-19287,-19287,304,28492.056431770325
-19287,-19287,305,28585.832059144974
-19287,-19287,306,28679.472091436386
-19287,-19287,307,28773.045897483826
-19287,-19287,308,28866.646911621094
-19287,-19287,309,28960.250158309937
-19287,-19287,310,29054.126962423325
-19287,-19287,311,29148.148431539536
-19287,-19287,312,29242.31167793274
-19287,-19287,313,29336.237951993942
-19287,-19287,314,29429.897235155106
-19287,-19287,315,29523.60910511017
-19287,-19287,316,29616.42862558365
-19287,-19287,317,29709.393406152725
-19287,-19287,318,29802.96036839485
-19287,-19287,319,29896.691897153854
-19287,-19287,320,29990.714298009872
-19287,-19287,321,30084.11875104904
-19287,-19287,322,30177.89542889595
-19287,-19287,323,30271.625391960144
-19287,-19287,324,30365.251786231995
-19287,-19287,325,30459.212621688843
-19287,-19287,326,30552.826827049255
-19287,-19287,327,30646.87796998024
-19287,-19287,328,30740.526128292084
-19287,-19287,329,30834.443527936935
-19287,-19287,330,30928.160308599472
-19287,-19287,331,31021.824651002884
-19287,-19287,332,31115.536088466644
-19287,-19287,333,31209.680912971497
-19287,-19287,334,31303.433324337006
-19287,-19287,335,31397.40372109413
-19287,-19287,336,31491.166317224503
-19287,-19287,337,31585.137773513794
-19287,-19287,338,31678.592633247375
-19287,-19287,339,31772.044516563416
-19287,-19287,340,31865.7346367836
-19287,-19287,341,31959.61099743843
-19287,-19287,342,32053.426530838013
-19287,-19287,343,32147.548763990402
-19287,-19287,344,32241.320501565933
-19287,-19287,345,32335.68237233162
-19287,-19287,346,32429.35747909546
-19287,-19287,347,32523.70148396492
-19287,-19287,348,32617.992174863815
-19287,-19287,349,32711.823975086212
-19287,-19287,350,32806.1719622612
-19287,-19287,351,32899.84247303009
-19287,-19287,352,32993.99934673309
-19287,-19287,353,33088.384128808975
-19287,-19287,354,33182.88180923462
-19287,-19287,355,33277.01248526573
-19287,-19287,356,33370.88749790192
-19287,-19287,357,33464.8939268589
-19287,-19287,358,33558.61989688873
-19287,-19287,359,33652.184136629105
-19287,-19287,360,33745.86712932587
-19287,-19287,361,33840.066942214966
-19287,-19287,362,33933.859894275665
-19287,-19287,363,34027.58005928993
-19287,-19287,364,34121.28551411629
-19287,-19287,365,34214.847724199295
-19287,-19287,366,34308.49138426781
-19287,-19287,367,34402.279757499695
-19287,-19287,368,34496.63254261017
-19287,-19287,369,34590.52237057686
-19287,-19287,370,34684.203860759735
-19287,-19287,371,34777.975578308105
-19287,-19287,372,34872.08107113838
-19287,-19287,373,34966.36405301094
-19287,-19287,374,35060.55965304375
-19287,-19287,375,35154.64502573013
-19287,-19287,376,35248.80066847801
-19287,-19287,377,35342.569027900696
-19287,-19287,378,35437.19213151932
-19287,-19287,379,35531.00321292877
-19287,-19287,380,35625.32187128067
-19287,-19287,381,35719.24625635147
-19287,-19287,382,35813.2861058712
-19287,-19287,383,35907.4734044075
-19287,-19287,384,36001.40793681145
-19287,-19287,385,36095.26754593849
-19287,-19287,386,36189.07592368126
-19287,-19287,387,36283.61109209061
-19287,-19287,388,36377.36389899254
-19287,-19287,389,36471.06155824661
-19287,-19287,390,36564.595264196396
-19287,-19287,391,36659.11799240112
-19287,-19287,392,36753.06475806236
-19287,-19287,393,36847.06209254265
-19287,-19287,394,36941.13831067085
-19287,-19287,395,37034.988234996796
-19287,-19287,396,37128.613057136536
-19287,-19287,397,37222.81402134895
-19287,-19287,398,37316.767567873
-19287,-19287,399,37410.51187801361
-19287,-19287,400,37504.29537272453
-19287,-19287,401,37597.92138385773
-19287,-19287,402,37691.65298843384
-19287,-19287,403,37785.22645282745
-19287,-19287,404,37878.72205018997
-19287,-19287,405,37973.06492948532
-19287,-19287,406,38066.90300440788
-19287,-19287,407,38160.5430932045
-19287,-19287,408,38254.24530124664
-19287,-19287,409,38348.0842423439
-19287,-19287,410,38442.08719873428
-19287,-19287,411,38536.10656261444
-19287,-19287,412,38630.46574687958
-19287,-19287,413,38724.296937942505
-19287,-19287,414,38818.31706237793
-19287,-19287,415,38912.40144324303
-19287,-19287,416,39006.588467121124
-19287,-19287,417,39100.246465206146
-19287,-19287,418,39194.125932216644
-19287,-19287,419,39288.22132778168
-19287,-19287,420,39382.56445932388
-19287,-19287,421,39476.384877204895
-19287,-19287,422,39570.24505972862
-19287,-19287,423,39664.11792182922
-19287,-19287,424,39757.85643672943
-19287,-19287,425,39851.93463397026
-19287,-19287,426,39946.017402648926
-19287,-19287,427,40040.02709245682
-19287,-19287,428,40133.971895456314
-19287,-19287,429,40227.7801027298
-19287,-19287,430,40321.34908723831
-19287,-19287,431,40415.16271352768
-19287,-19287,432,40509.468324661255
-19287,-19287,433,40603.34756422043
-19287,-19287,434,40697.42358970642
-19287,-19287,435,40791.399351119995
-19287,-19287,436,40885.30940556526
-19287,-19287,437,40979.45627784729
-19287,-19287,438,41073.59054207802
-19287,-19287,439,41168.19005608559
-19287,-19287,440,41262.45645046234
-19287,-19287,441,41356.90249705315
-19287,-19287,442,41451.325429439545
-19287,-19287,443,41545.4437725544
-19287,-19287,444,41639.46246910095
-19287,-19287,445,41733.484038352966
-19287,-19287,446,41827.95404005051
-19287,-19287,447,41922.03113889694
-19287,-19287,448,42016.39699435234
-19287,-19287,449,42110.70562148094
-19287,-19287,450,42205.096537828445
-19287,-19287,451,42299.40193390846
-19287,-19287,452,42393.703971624374
-19287,-19287,453,42488.13070178032
-19287,-19287,454,42582.25633382797
-19287,-19287,455,42676.354536771774
-19287,-19287,456,42770.6985270977
-19287,-19287,457,42864.977880716324
-19287,-19287,458,42959.45062303543
-19287,-19287,459,43054.1503970623
-19288,-19288,460,43148.29917693138
-19288,-19287,461,43242.83031439781
-19288,-19287,462,43337.175706624985
-19288,-19287,463,43431.88332724571
-19288,-19287,464,43526.41233420372
-19288,-19287,465,43620.79702067375
-19288,-19287,466,43715.1395380497
-19288,-19287,467,43809.85039615631
-19288,-19287,468,43904.40570783615
-19288,-19287,469,43998.84892678261
-19288,-19287,470,44093.33038401604
-19288,-19287,471,44187.83757352829
-19288,-19287,472,44282.3327152729
-19288,-19287,473,44376.767684698105
-19288,-19287,474,44471.2333612442
-19288,-19288,475,44565.41945767403
-19288,-19287,476,44659.78023672104
-19288,-19287,477,44754.28733587265
-19288,-19287,478,44848.68459749222
-19288,-19287,479,44943.130435466766
-19288,-19287,480,45037.64013838768
-19288,-19287,481,45132.12576341629
-19288,-19287,482,45226.48307585716
-19288,-19286,483,45321.23198056221
-19288,-19286,484,45415.78432583809
-19288,-19287,485,45510.12201213837
-19288,-19287,486,45604.72340583801
-19288,-19287,487,45698.864884376526
-19288,-19287,488,45793.08757853508
-19288,-19287,489,45887.29205799103
-19288,-19288,490,45981.742265462875
-19288,-19287,491,46076.43743443489
-19288,-19287,492,46170.618560791016
-19288,-19287,493,46264.96361327171
-19288,-19287,494,46359.11977958679
-19288,-19286,495,46453.43574285507
-19288,-19287,496,46547.77448129654
-19288,-19288,497,46642.26011133194
-19288,-19288,498,46736.70515394211
-19288,-19288,499,46831.30639743805
-19288,-19288,500,46925.65074825287
-19288,-19288,501,47019.90344667435
-19288,-19287,502,47114.31598687172
-19288,-19287,503,47208.600409030914
-19288,-19287,504,47302.961418390274
-19288,-19287,505,47397.29727387428
-19288,-19287,506,47491.29608178139
-19288,-19287,507,47585.28919219971
-19288,-19287,508,47679.805203676224
-19288,-19287,509,47774.30298662186
-19288,-19287,510,47868.66508483887
-19288,-19287,511,47963.07223987579
-19288,-19288,512,48057.091332912445
-19288,-19287,513,48151.3517870903
-19288,-19287,514,48245.76135492325
-19288,-19287,515,48340.05873322487
-19288,-19287,516,48434.61551070213
-19288,-19287,517,48529.10613107681
-19288,-19287,518,48623.62323999405
-19288,-19287,519,48717.94858932495
-19288,-19288,520,48812.41551542282
-19288,-19288,521,48907.10284996033
-19288,-19288,522,49001.52763772011
-19288,-19287,523,49095.89004731178
-19288,-19287,524,49191.06969618797
-19288,-19288,525,49285.72019839287
-19288,-19287,526,49380.39815545082
-19288,-19287,527,49475.104927539825
-19288,-19287,528,49569.824779987335
-19288,-19287,529,49664.43457245827
-19288,-19287,530,49759.35548210144
-19288,-19287,531,49853.91376852989
-19288,-19288,532,49948.46859788895
-19288,-19288,533,50043.049976587296
-19288,-19287,534,50137.607934713364
-19288,-19288,535,50232.22575688362
-19288,-19288,536,50327.10624670982
-19288,-19288,537,50421.597886800766
-19288,-19288,538,50516.17444372177
-19289,-19289,539,50610.52281212807
-19289,-19289,540,50705.05047702789
-19289,-19289,541,50799.50122332573
-19289,-19289,542,50894.14835715294
-19289,-19289,543,50988.92426395416
-19289,-19289,544,51083.66060948372
-19289,-19289,545,51178.51819682121
-19289,-19288,546,51273.17975854874
-19289,-19287,547,51367.71143102646
-19289,-19287,548,51462.833028793335
-19289,-19287,549,51558.29661774635
-19289,-19289,550,51652.952654123306
-19289,-19287,551,51747.39702439308
-19289,-19287,552,51841.379821538925
-19289,-19287,553,51935.66764497757
-19289,-19287,554,52030.289090394974
-19289,-19287,555,52124.759095191956
-19289,-19287,556,52219.28017425537
-19289,-19289,557,52313.748027801514
-19289,-19287,558,52408.30403470993
-19289,-19288,559,52502.73560643196
-19289,-19288,560,52597.1430439949
-19289,-19287,561,52692.08058595657
-19289,-19288,562,52786.57711172104
-19289,-19287,563,52881.429451942444
-19289,-19289,564,52975.96193695068
-19289,-19288,565,53070.419340610504
-19289,-19288,566,53164.81648850441
-19289,-19289,567,53259.52652287483
-19289,-19289,568,53354.35891318321
-19289,-19289,569,53448.67235684395
-19289,-19287,570,53543.35447263718
-19289,-19287,571,53637.979024887085
-19289,-19288,572,53732.67066836357
-19289,-19287,573,53827.325152397156
-19289,-19287,574,53921.80363869667
-19289,-19288,575,54016.50528502464
-19289,-19288,576,54111.67097401619
-19289,-19288,577,54206.83668065071
-19289,-19289,578,54301.60984373093
-19289,-19287,579,54397.27192234993
-19289,-19288,580,54492.31102871895
-19289,-19289,581,54587.60999059677
-19289,-19288,582,54682.8491563797
-19289,-19288,583,54777.934426784515
-19289,-19287,584,54872.811364650726
-19289,-19288,585,54968.46498680115
-19289,-19287,586,55063.806037187576
-19289,-19288,587,55158.96884775162
-19289,-19289,588,55254.38496923447
-19289,-19289,589,55349.92762756348
-19289,-19289,590,55445.54794502258
-19289,-19288,591,55540.59346961975
-19289,-19287,592,55635.89032745361
-19289,-19288,593,55731.220489025116
-19289,-19288,594,55826.28130149841
-19289,-19287,595,55921.69623851776
-19289,-19287,596,56017.51260185242
-19289,-19288,597,56112.8879878521
-19289,-19288,598,56208.19658088684
-19289,-19288,599,56304.39244413376
-19289,-19288,600,56400.04017972946
-19289,-19289,601,56495.733785152435
-19289,-19287,602,56591.76668858528
-19289,-19288,603,56687.9152905941
-19289,-19289,604,56783.50810337067
-19289,-19288,605,56878.663966178894
-19289,-19288,606,56974.1626393795
-19289,-19288,607,57069.130475759506
-19289,-19288,608,57164.142827034
-19289,-19288,609,57259.258994817734
-19289,-19287,610,57354.482481241226
-19289,-19289,611,57449.557632923126
-19289,-19287,612,57544.546241045
-19289,-19288,613,57639.930837631226
-19289,-19288,614,57735.30088734627
-19289,-19288,615,57830.32701778412
-19289,-19288,616,57925.193551301956
-19289,-19287,617,58020.48567247391
-19289,-19289,618,58115.89931344986
-19289,-19288,619,58210.81304740906
-19289,-19287,620,58305.86433005333
-19289,-19288,621,58401.454053878784
-19289,-19289,622,58497.34617137909
-19289,-19289,623,58592.70016336441
-19289,-19287,624,58688.10991668701
-19289,-19289,625,58783.59168934822
-19289,-19287,626,58879.666961193085
-19289,-19288,627,58975.105535030365
-19289,-19287,628,59070.45458960533
-19289,-19287,629,59165.74432516098
-19289,-19289,630,59261.46696925163
-19289,-19288,631,59357.14946818352
-19289,-19289,632,59452.6930975914
-19289,-19288,633,59548.28507757187
-19289,-19287,634,59643.7804145813
-19289,-19287,635,59739.59952068329
-19289,-19288,636,59835.50586247444
-19289,-19288,637,59931.26420688629
-19289,-19288,638,60027.040142297745
-19289,-19288,639,60122.96018862724
-19289,-19287,640,60218.8423640728
-19289,-19288,641,60314.62973332405
-19289,-19287,642,60410.47048139572
-19289,-19287,643,60505.99762511253
-19289,-19288,644,60601.46233534813
-19289,-19288,645,60697.28291273117
-19289,-19288,646,60793.33061647415
-19289,-19288,647,60889.04018330574
-19289,-19287,648,60984.53540182114
-19289,-19287,649,61080.25845313072
-19289,-19288,650,61176.40600299835
-19289,-19289,651,61272.400532245636
-19289,-19288,652,61368.43790221214
-19289,-19288,653,61464.90988230705
-19289,-19287,654,61560.605439424515
-19289,-19288,655,61656.247708797455
-19289,-19288,656,61751.95068216324
-19289,-19288,657,61847.67748093605
-19289,-19288,658,61943.17636966705
-19289,-19287,659,62038.94588828087
-19289,-19288,660,62134.9937517643
-19289,-19288,661,62230.70452451706
-19289,-19289,662,62326.16659498215
-19289,-19288,663,62422.19773173332
-19289,-19287,664,62517.90112233162
-19289,-19287,665,62613.40232872963
-19289,-19287,666,62709.14354300499
-19289,-19288,667,62804.643394470215
-19289,-19288,668,62900.331572532654
-19289,-19288,669,62996.45731759071
-19289,-19288,670,63092.38883638382
-19289,-19288,671,63188.39901089668
-19289,-19288,672,63284.67905163765
-19289,-19288,673,63380.522028923035
-19289,-19288,674,63476.749347925186
-19289,-19287,675,63573.1909031868
-19289,-19288,676,63670.544387578964
-19289,-19288,677,63767.149997234344
-19289,-19288,678,63863.85005402565
-19289,-19287,679,63959.95480322838
-19289,-19288,680,64056.501866579056
-19289,-19288,681,64153.477425575256
-19289,-19289,682,64250.23834133148
-19289,-19288,683,64347.049538612366
-19289,-19288,684,64443.914444208145
-19289,-19288,685,64540.31919980049
-19289,-19288,686,64637.14309453964
-19289,-19288,687,64733.62645339966
-19289,-19288,688,64830.21348905563
-19289,-19287,689,64926.54363203049
-19289,-19288,690,65023.30084729195
-19289,-19288,691,65120.14444875717
-19289,-19287,692,65217.206177949905
-19289,-19288,693,65313.8255045414
-19289,-19288,694,65410.25107002258
-19289,-19288,695,65507.030504226685
-19289,-19288,696,65604.14752531052
-19289,-19288,697,65700.95954608917
-19289,-19288,698,65797.76212525368
-19289,-19288,699,65895.1029548645
-19289,-19287,700,65992.13648843765
-19289,-19288,701,66089.44446015358
-19289,-19287,702,66186.44129395485
-19289,-19289,703,66283.12586784363
-19289,-19287,704,66379.53339362144
-19289,-19288,705,66475.75741410255
-19289,-19287,706,66572.45902991295
-19289,-19288,707,66669.2113044262
-19289,-19289,708,66766.66507291794
-19289,-19288,709,66863.70995640755
-19289,-19288,710,66960.49856758118
-19289,-19288,711,67058.15160512924
-19289,-19288,712,67154.85471224785
-19289,-19289,713,67251.43098425865
-19289,-19288,714,67348.1748483181
-19289,-19288,715,67445.78624153137
-19289,-19289,716,67542.69667649269
-19289,-19287,717,67639.51243185997
-19289,-19288,718,67736.45742058754
-19289,-19288,719,67834.00313305855
-19289,-19287,720,67930.54288101196
-19289,-19288,721,68027.26285600662
-19289,-19288,722,68124.04853367805
-19289,-19287,723,68220.58488178253
-19289,-19289,724,68317.35176706314
-19289,-19288,725,68414.5549068451
-19289,-19287,726,68511.76506638527
-19289,-19289,727,68608.88731431961
-19289,-19288,728,68706.52580213547
-19289,-19288,729,68803.73165464401
-19289,-19288,730,68900.63487434387
-19289,-19288,731,68998.11155223846
-19289,-19288,732,69095.44222307205
-19289,-19289,733,69192.37760543823
-19289,-19287,734,69289.60285377502
-19289,-19288,735,69387.4187002182
-19289,-19288,736,69484.58498454094
-19289,-19287,737,69582.43606472015
-19289,-19287,738,69679.57930541039
-19289,-19287,739,69776.95843315125
-19289,-19288,740,69873.69396734238
-19289,-19288,741,69970.85210561752
-19289,-19288,742,70068.17793440819
-19289,-19288,743,70165.06695270538
-19289,-19289,744,70262.0344312191
-19289,-19288,745,70359.7572221756
-19289,-19288,746,70457.47689318657
-19289,-19287,747,70554.59736561775
-19289,-19287,748,70652.4734749794
-19289,-19289,749,70750.31940484047
-19289,-19289,750,70848.59800243378
-19289,-19289,751,70946.18840360641
-19289,-19289,752,71044.04811143875
-19289,-19287,753,71141.8297624588
-19289,-19289,754,71239.6455590725
-19289,-19288,755,71337.01135826111
-19289,-19288,756,71434.69262433052
-19289,-19288,757,71532.71038794518
-19289,-19288,758,71630.09820485115
-19289,-19287,759,71727.66436123848
-19289,-19287,760,71825.02566599846
-19289,-19288,761,71922.60774111748
-19289,-19287,762,72020.06872391701
-19289,-19287,763,72117.9303176403
-19289,-19287,764,72215.41050076485
-19289,-19288,765,72313.07586050034
-19289,-19288,766,72410.42094254494
-19289,-19288,767,72507.90187692642
-19289,-19287,768,72605.58633732796
-19289,-19287,769,72703.92632651329
-19289,-19288,770,72801.85309886932
-19289,-19287,771,72899.44634461403
-19289,-19288,772,72996.85232043266
-19289,-19288,773,73094.75839042664
-19289,-19287,774,73192.94482183456
-19289,-19287,775,73290.38719058037
-19289,-19288,776,73388.15537452698
-19289,-19289,777,73486.13228583336
-19289,-19288,778,73583.83828115463
-19289,-19287,779,73681.60637784004
-19289,-19288,780,73778.88733005524
-19289,-19287,781,73876.83762145042
-19289,-19289,782,73974.09133052826
-19289,-19287,783,74072.20274209976
-19289,-19288,784,74170.43608212471
-19289,-19288,785,74267.9522960186
-19289,-19288,786,74365.26344871521
-19289,-19288,787,74463.08278775215
-19289,-19287,788,74560.76636219025
-19289,-19288,789,74658.3048005104
-19289,-19288,790,74756.32106733322
-19289,-19289,791,74853.78161001205
-19289,-19287,792,74952.1575820446
-19289,-19288,793,75049.79512023926
-19289,-19288,794,75147.68089056015
-19289,-19287,795,75246.07436823845
-19289,-19288,796,75344.10086250305
-19289,-19288,797,75441.48997402191
-19289,-19288,798,75538.5024368763
-19289,-19288,799,75635.63293075562
-19289,-19289,800,75733.63587117195
-19289,-19288,801,75830.94277143478
-19289,-19288,802,75928.15586996078
-19289,-19287,803,76025.82998514175
-19289,-19288,804,76123.15702795982
-19289,-19288,805,76220.81344270706
-19289,-19288,806,76318.06625318527
-19289,-19288,807,76415.34407830238
-19289,-19287,808,76513.18787765503
-19289,-19288,809,76610.98719143867
-19289,-19288,810,76708.25857067108
-19289,-19289,811,76805.78632760048
-19289,-19288,812,76902.74834918976
-19289,-19288,813,77000.07162666321
-19289,-19288,814,77097.31986427307
-19289,-19289,815,77194.70914578438
-19289,-19289,816,77291.90073156357
-19289,-19288,817,77389.03249025345
-19289,-19288,818,77486.06534647942
-19289,-19287,819,77582.85751914978
-19289,-19288,820,77679.70223259926
-19289,-19289,821,77776.78509759903
-19289,-19288,822,77873.81557512283
-19289,-19287,823,77970.759922266
-19289,-19288,824,78068.03411245346
-19289,-19288,825,78165.49220323563
-19289,-19287,826,78262.95899701118
-19289,-19288,827,78360.09746837616
-19289,-19288,828,78457.08128166199
-19289,-19288,829,78554.53189134598
-19289,-19288,830,78651.47656750679
-19289,-19287,831,78749.18956303596
-19289,-19288,832,78846.18082880974
-19289,-19287,833,78943.29676437378
-19289,-19289,834,79040.21638464928
-19289,-19287,835,79137.58121871948
-19289,-19289,836,79234.82390594482
-19289,-19289,837,79331.88559865952
-19289,-19289,838,79429.19334220886
-19289,-19288,839,79526.50428009033
-19289,-19287,840,79623.57039403915
-19289,-19287,841,79721.13591361046
-19289,-19288,842,79817.90986847878
-19289,-19288,843,79914.60624623299
-19289,-19289,844,80011.50906062126
-19289,-19287,845,80108.89081311226
-19289,-19288,846,80205.84078288078
-19289,-19288,847,80302.77141141891
-19289,-19288,848,80399.62707805634
-19289,-19289,849,80495.98857665062
-19289,-19288,850,80592.51443123817
-19289,-19287,851,80689.10730409622
-19289,-19288,852,80785.89325165749
-19289,-19288,853,80882.80038309097
-19289,-19288,854,80979.42319965363
-19289,-19287,855,81076.05780935287
-19289,-19288,856,81172.33436918259
-19289,-19288,857,81269.172529459
-19289,-19289,858,81365.65923666954
-19289,-19287,859,81462.26259732246
-19289,-19289,860,81558.86776781082
-19289,-19287,861,81655.14072179794
-19289,-19288,862,81751.60244750977
-19289,-19288,863,81848.07647418976
-19289,-19287,864,81944.48323965073
-19289,-19288,865,82040.99580907822
-19289,-19288,866,82137.08925437927
-19289,-19288,867,82233.34749388695
-19289,-19288,868,82329.59614133835
-19289,-19289,869,82426.3484146595
-19289,-19289,870,82522.68587064743
-19289,-19288,871,82619.0625705719
-19289,-19287,872,82715.19625425339
-19289,-19288,873,82811.14296865463
-19289,-19288,874,82907.30418157578
-19289,-19288,875,83003.31070017815
-19289,-19288,876,83099.54884433746
-19289,-19288,877,83195.56833839417
-19289,-19289,878,83291.87399196625
-19289,-19287,879,83388.11572909355
-19289,-19287,880,83484.69108605385
-19289,-19289,881,83581.1374270916
-19289,-19288,882,83677.15706038475
-19289,-19288,883,83773.42437839508
-19289,-19289,884,83869.53338027
-19289,-19289,885,83965.70831084251
-19289,-19289,886,84061.75164985657
-19289,-19288,887,84157.9723956585
-19289,-19288,888,84253.87790822983
-19289,-19288,889,84350.21014976501
-19289,-19289,890,84446.29435062408
-19289,-19288,891,84542.69036531448
-19289,-19289,892,84639.40049672127
-19289,-19288,893,84735.20184755325
-19289,-19289,894,84831.80403900146
-19289,-19289,895,84927.87202882767
-19289,-19288,896,85023.77197051048
-19289,-19287,897,85119.55474376678
-19289,-19287,898,85215.42299485207
-19289,-19287,899,85311.23031544685
-19289,-19288,900,85407.09894990921
-19289,-19288,901,85503.49145627022
-19289,-19289,902,85599.3820540905
-19289,-19288,903,85695.11247110367
-19289,-19287,904,85791.1455104351
-19289,-19288,905,85887.10756826401
-19289,-19288,906,85983.22298765182
-19289,-19288,907,86079.05795836449
-19289,-19288,908,86175.10870218277
-19289,-19288,909,86270.73356556892