
-9465,-9465,0,265.00992798805237
-9497,-9497,1,591.2399487495422
-9514,-9514,2,921.2243838310242
-9530,-9530,3,1256.378509759903
-9540,-9540,4,1593.0570125579834
-9547,-9547,5,1930.2171366214752
-9553,-9553,6,2267.5991971492767
-9553,-9553,7,2605.1158215999603
-9559,-9559,8,2942.26882648468
-9563,-9563,9,3279.135348558426
-9563,-9563,10,3615.1569273471832
-9566,-9566,11,3950.7601974010468
-9570,-9570,12,4285.974575281143
-9570,-9570,13,4620.687178850174
-9570,-9570,14,4954.242725372314
-9575,-9575,15,5287.530270814896
-9576,-9576,16,5619.976486682892
-9576,-9576,17,5951.915063381195
-9576,-9576,18,6283.198721647263
-9576,-9576,19,6613.695864915848
-9577,-9577,20,6943.652874946594
-9579,-9579,21,7272.076766490936
-9579,-9579,22,7599.684027433395
-9579,-9579,23,7927.440397977829
-9581,-9581,24,8254.02977347374
-9581,-9581,25,8580.467008590698
-9582,-9582,26,8907.61415886879
-9582,-9582,27,9235.06705379486
-9583,-9583,28,9559.55872964859
-9583,-9583,29,9883.532350301743
-9583,-9583,30,10207.027461528778
-9583,-9583,31,10531.895122528076
-9583,-9583,32,10857.780638217926
-9583,-9583,33,11182.457409620285
-9584,-9584,34,11506.155238628387
-9584,-9584,35,11829.1058781147
-9584,-9584,36,12150.72542309761
-9584,-9584,37,12471.471782445908
-9585,-9585,38,12793.491438865662
-9585,-9585,39,13114.800456762314
-9585,-9585,40,13436.821854829788
-9585,-9585,41,13757.749673128128
-9585,-9585,42,14080.124208927155
-9585,-9585,43,14401.282174110413
-9585,-9585,44,14724.1534781456
-9586,-9586,45,15046.538987159729
-9586,-9586,46,15368.557845115662
-9586,-9586,47,15690.352958202362
-9586,-9586,48,16013.279093265533
-9586,-9586,49,16335.070632219315
-9587,-9587,50,16657.348102808
-9587,-9587,51,16978.377552747726
-9587,-9587,52,17300.47700047493
-9587,-9587,53,17623.271644592285
-9587,-9587,54,17944.3474547863
-9587,-9587,55,18265.928818702698
-9587,-9587,56,18586.71739435196
-9587,-9587,57,18908.14852309227
-9587,-9587,58,19230.74861550331
-9587,-9587,59,19552.865663051605
-9587,-9587,60,19874.77303981781
-9587,-9587,61,20195.615200042725
-9587,-9587,62,20516.488200187683
-9587,-9587,63,20837.017882347107
-9587,-9587,64,21157.575572013855
-9587,-9587,65,21478.071632623672
-9587,-9587,66,21798.423096895218
-9587,-9587,67,22119.516233682632
-9587,-9587,68,22440.3482940197
-9587,-9587,69,22761.06693148613
-9587,-9587,70,23082.12384581566
-9587,-9587,71,23402.69033932686
-9587,-9587,72,23723.75998044014
-9587,-9587,73,24044.97246313095
-9587,-9587,74,24366.619817733765
-9587,-9587,75,24688.997510910034
-9587,-9587,76,25010.807940721512
-9587,-9587,77,25334.022130966187
-9587,-9587,78,25658.329224824905
-9587,-9587,79,25980.12561416626
-9587,-9587,80,26301.602912187576
-9587,-9587,81,26623.02219104767
-9587,-9587,82,26943.289543390274
-9587,-9587,83,27263.65868473053
-9587,-9587,84,27584.747693777084
-9587,-9587,85,27905.174577236176
-9587,-9587,86,28225.185601711273
-9587,-9587,87,28544.611457824707
-9587,-9587,88,28865.117495536804
-9588,-9588,89,29185.22722840309
-9588,-9588,90,29505.908796072006
-9588,-9588,91,29825.870704889297
-9588,-9588,92,30146.62785220146
-9588,-9588,93,30467.65433549881
-9588,-9588,94,30787.938241243362
-9588,-9588,95,31109.151318073273
-9588,-9588,96,31431.447122335434
-9588,-9588,97,31753.324684381485
-9588,-9588,98,32075.914674043655
-9588,-9588,99,32397.60676383972
-9588,-9588,100,32719.903149604797
-9588,-9588,101,33042.4678838253
-9588,-9588,102,33364.219935655594
-9588,-9588,103,33685.7274210453
-9588,-9588,104,34005.48608636856
-9589,-9589,105,34325.39987254143
-9589,-9588,106,34645.04597234726
-9589,-9589,107,34963.82101416588
-9589,-9589,108,35282.97723174095
-9589,-9589,109,35602.22973656654
-9589,-9589,110,35921.153418302536
-9589,-9589,111,36239.78783726692
-9589,-9589,112,36558.60391187668
-9589,-9589,113,36877.49002099037
-9590,-9590,114,37195.95789361
-9590,-9590,115,37514.64842796326
-9591,-9591,116,37833.4461710453
-9591,-9591,117,38152.629986047745
-9591,-9591,118,38470.58231496811
-9591,-9591,119,38788.891691446304
-9591,-9591,120,39107.95778775215
-9591,-9591,121,39425.80511879921
-9591,-9591,122,39744.34457111359
-9591,-9591,123,40063.375742673874
-9591,-9591,124,40380.99573349953
-9591,-9591,125,40699.280130147934
-9591,-9591,126,41016.47647666931
-9591,-9591,127,41334.261479616165
-9591,-9591,128,41651.844207286835
-9591,-9591,129,41969.63126373291
-9591,-9591,130,42288.218556404114
-9591,-9591,131,42605.713075876236
-9591,-9591,132,42923.51779007912
-9591,-9591,133,43241.64885473251
-9592,-9592,134,43559.48160481453
-9592,-9592,135,43877.42491412163
-9592,-9592,136,44194.44208407402
-9592,-9592,137,44511.95454597473
-9592,-9592,138,44830.029389858246
-9592,-9592,139,45147.236725091934
-9592,-9592,140,45465.14997577667
-9592,-9592,141,45782.4538667202
-9592,-9592,142,46100.30280184746
-9592,-9592,143,46417.59187555313
-9592,-9592,144,46735.156039237976
-9592,-9592,145,47053.53318476677
-9592,-9592,146,47370.73079299927
-9592,-9592,147,47687.81610298157
-9592,-9592,148,48005.76493358612
-9592,-9592,149,48324.173391103745
-9592,-9592,150,48641.631232500076
-9592,-9592,151,48959.6489443779
-9592,-9592,152,49277.57767033577
-9592,-9592,153,49595.5298769474
-9592,-9592,154,49911.97402000427
-9592,-9592,155,50229.16841697693
-9592,-9592,156,50546.656661748886
-9592,-9592,157,50864.12086677551
-9592,-9592,158,51181.894150972366
-9592,-9592,159,51499.946274995804
-9592,-9592,160,51817.63290190697
-9592,-9592,161,52134.748584747314
-9592,-9592,162,52452.2826962471
-9592,-9592,163,52770.28786492348
-9592,-9592,164,53087.53872203827
-9592,-9592,165,53405.141597509384
-9592,-9592,166,53721.074234724045
-9592,-9592,167,54038.36394262314
-9592,-9592,168,54355.10735702515
-9592,-9592,169,54671.754090070724
-9592,-9592,170,54987.89268016815
-9592,-9592,171,55304.187609910965
-9592,-9592,172,55620.03571987152
-9592,-9592,173,55935.81599068642
-9592,-9592,174,56252.363535642624
-9592,-9592,175,56568.590193510056
-9592,-9592,176,56884.99852538109
-9592,-9592,177,57200.96080827713
-9592,-9592,178,57517.12745475769
-9592,-9592,179,57833.172822237015
-9592,-9592,180,58150.17058682442
-9592,-9592,181,58465.324021816254
-9592,-9592,182,58781.73958969116
-9592,-9592,183,59097.17057299614
-9592,-9592,184,59412.31922006607
-9592,-9592,185,59727.746426820755
-9592,-9592,186,60043.917677402496
-9592,-9592,187,60359.09497117996
-9592,-9592,188,60675.595448732376
-9592,-9592,189,60992.36139583588
-9592,-9592,190,61308.53386712074
-9592,-9592,191,61625.166694164276
-9592,-9592,192,61940.62027025223
-9592,-9592,193,62256.16002058983
-9592,-9592,194,62571.92073440552
-9592,-9592,195,62887.68761897087
-9592,-9592,196,63203.67809557915
-9592,-9592,197,63520.44311404228
-9592,-9592,198,63836.49692320824
-9592,-9592,199,64153.02661776543
-9592,-9592,200,64469.75179934502
-9592,-9592,201,64784.556101083755
-9592,-9592,202,65099.57557106018
-9592,-9592,203,65414.39534473419
-9592,-9592,204,65730.3668012619
-9592,-9592,205,66045.8420445919
-9592,-9592,206,66361.40607833862
-9592,-9592,207,66677.65388894081
-9592,-9592,208,66994.19420409203
-9592,-9592,209,67310.92873954773
-9592,-9592,210,67627.57396435738
-9592,-9592,211,67943.30472683907
-9592,-9592,212,68259.72800636292
-9592,-9592,213,68574.71477842331
-9592,-9592,214,68890.04606461525
-9592,-9592,215,69206.08942866325
-9592,-9592,216,69522.99126434326
-9592,-9592,217,69838.7947897911
-9592,-9592,218,70154.84409046173
-9592,-9592,219,70470.27956652641
-9592,-9592,220,70786.38466858864
-9592,-9592,221,71102.65812659264
-9592,-9592,222,71418.73240852356
-9592,-9592,223,71734.75348997116
-9592,-9592,224,72050.51561188698
-9592,-9592,225,72367.31082344055
-9592,-9592,226,72683.80484437943
-9592,-9592,227,72999.32125759125
-9592,-9592,228,73314.44391918182
-9592,-9592,229,73629.69291520119
-9592,-9592,230,73944.80389118195
-9592,-9592,231,74259.76752138138
-9592,-9592,232,74574.95107913017
-9592,-9592,233,74889.98056340218
-9592,-9592,234,75205.21346187592
-9592,-9592,235,75520.37179780006
-9592,-9592,236,75836.08921265602
-9592,-9592,237,76151.62387251854
-9592,-9592,238,76467.1667072773
-9592,-9592,239,76782.65861940384
-9592,-9592,240,77097.83589148521
-9592,-9592,241,77412.994338274
-9592,-9592,242,77729.46564650536
-9592,-9592,243,78045.22801423073
-9592,-9592,244,78361.08236217499
-9592,-9592,245,78675.93074011803
-9592,-9592,246,78990.87833595276
-9592,-9592,247,79305.8992099762
-9592,-9592,248,79620.5549325943
-9592,-9592,249,79936.64290308952
-9592,-9592,250,80252.32708382607
-9592,-9592,251,80567.55446743965
-9592,-9592,252,80883.67623376846
-9592,-9592,253,81199.00030136108
-9592,-9592,254,81514.62937188148
-9592,-9592,255,81829.65842413902
-9592,-9592,256,82145.40188407898
-9592,-9592,257,82461.23565077782
-9592,-9592,258,82776.31629157066
-9592,-9592,259,83090.48200249672
-9592,-9592,260,83405.7226793766
-9592,-9592,261,83720.86795043945
-9592,-9592,262,84035.91759252548
-9592,-9592,263,84351.17465376854
-9592,-9592,264,84665.7757794857
-9592,-9592,265,84980.7654800415
-9592,-9592,266,85296.513027668
-9592,-9592,267,85611.37953662872
-9592,-9592,268,85927.06451439857
-9592,-9592,269,86242.02679467201