
-18992,-18992,0,91.02780628204346
-19063,-19063,1,237.84877395629883
-19083,-19083,2,382.4541676044464
-19106,-19106,3,530.9377434253693
-19119,-19119,4,678.6508634090424
-19134,-19134,5,826.0815699100494
-19153,-19153,6,973.0092952251434
-19171,-19171,7,1119.6422908306122
-19181,-19181,8,1265.4020247459412
-19202,-19202,9,1410.4643914699554
-19202,-19200,10,1553.364869594574
-19211,-19211,11,1694.9287822246552
-19225,-19225,12,1834.5878529548645
-19225,-19225,13,1972.961080789566
-19234,-19234,14,2110.0585885047913
-19241,-19241,15,2243.6800961494446
-19243,-19243,16,2376.9020845890045
-19249,-19249,17,2509.2091176509857
-19252,-19252,18,2640.268769979477
-19256,-19256,19,2770.2828986644745
-19257,-19257,20,2899.875214099884
-19261,-19261,21,3029.2462854385376
-19261,-19260,22,3158.6126437187195
-19262,-19262,23,3288.3915135860443
-19264,-19264,24,3417.7943193912506
-19265,-19265,25,3547.736040353775
-19265,-19264,26,3677.48002910614
-19269,-19269,27,3806.9527304172516
-19269,-19268,28,3936.964998483658
-19269,-19268,29,4065.834704399109
-19270,-19270,30,4194.6572523117065
-19271,-19271,31,4323.486806869507
-19272,-19272,32,4452.182008504868
-19272,-19271,33,4580.342543125153
-19272,-19272,34,4709.708767652512
-19273,-19273,35,4838.562449932098
-19275,-19275,36,4967.935431003571
-19275,-19274,37,5097.105687856674
-19275,-19275,38,5226.760907173157
-19275,-19275,39,5356.828587293625
-19276,-19276,40,5486.3382868766785
-19276,-19276,41,5616.638192176819
-19276,-19276,42,5746.949741363525
-19276,-19276,43,5876.796957731247
-19277,-19277,44,6007.244474411011
-19278,-19278,45,6137.030721902847
-19278,-19277,46,6267.101563453674
-19278,-19278,47,6397.34913277626
-19278,-19278,48,6528.1802277565
-19279,-19279,49,6658.648393154144
-19279,-19278,50,6789.120073080063
-19279,-19278,51,6919.855220794678
-19279,-19278,52,7049.9689128398895
-19279,-19279,53,7180.759196996689
-19279,-19279,54,7312.527912855148
-19279,-19279,55,7442.946583032608
-19279,-19279,56,7573.53769826889
-19279,-19279,57,7704.219037294388
-19280,-19280,58,7834.723102807999
-19280,-19280,59,7965.642439842224
-19280,-19280,60,8096.623488903046
-19280,-19280,61,8227.587116241455
-19280,-19280,62,8358.358634710312
-19280,-19280,63,8489.357436180115
-19280,-19280,64,8620.096942901611
-19280,-19280,65,8751.32472705841
-19282,-19282,66,8882.285044908524
-19282,-19280,67,9013.050850629807
-19282,-19281,68,9143.903317689896
-19282,-19282,69,9274.716842889786
-19282,-19282,70,9405.429500579834
-19282,-19282,71,9536.538130760193
-19282,-19282,72,9667.858909130096
-19282,-19282,73,9799.080996751785
-19282,-19282,74,9929.906539201736
-19283,-19283,75,10061.556212425232
-19283,-19283,76,10193.23724246025
-19283,-19283,77,10324.879457235336
-19285,-19285,78,10456.6682138443
-19285,-19283,79,10588.183820962906
-19285,-19284,80,10719.710111141205
-19286,-19286,81,10851.425321102142
-19286,-19284,82,10982.626121282578
-19286,-19286,83,11113.847113847733
-19286,-19285,84,11245.06646847725
-19286,-19286,85,11376.110578298569
-19286,-19286,86,11506.991209506989
-19286,-19286,87,11637.586730718613
-19286,-19284,88,11768.484587192535
-19286,-19286,89,11899.697644233704
-19286,-19286,90,12030.709394454956
-19286,-19286,91,12161.581376314163
-19286,-19286,92,12292.480741024017
-19286,-19285,93,12423.31247806549
-19286,-19286,94,12554.306518793106
-19286,-19286,95,12685.304370164871
-19286,-19286,96,12816.03963470459
-19286,-19286,97,12947.014034509659
-19286,-19286,98,13077.748785972595
-19286,-19286,99,13208.735389471054
-19286,-19286,100,13339.402638912201
-19286,-19286,101,13470.12254524231
-19286,-19286,102,13600.822964429855
-19286,-19286,103,13731.618084907532
-19286,-19286,104,13862.529408454895
-19286,-19286,105,13993.346373319626
-19286,-19285,106,14123.773408412933
-19286,-19286,107,14253.995762348175
-19286,-19286,108,14384.461467981339
-19286,-19286,109,14515.347826004028
-19286,-19286,110,14645.87129497528
-19286,-19286,111,14776.552506923676
-19286,-19286,112,14906.845321655273
-19287,-19287,113,15037.502475500107
-19287,-19286,114,15167.87142586708
-19287,-19286,115,15298.661597251892
-19287,-19286,116,15429.48205780983
-19287,-19286,117,15560.212327480316
-19287,-19286,118,15691.084110021591
-19287,-19286,119,15821.620680332184
-19287,-19287,120,15952.3922996521
-19287,-19287,121,16083.419900655746
-19287,-19287,122,16213.879940509796
-19287,-19287,123,16344.468623638153
-19287,-19287,124,16474.96016740799
-19287,-19286,125,16605.45404791832
-19287,-19286,126,16735.50638270378
-19287,-19287,127,16865.973373174667
-19287,-19287,128,16996.51019191742
-19287,-19286,129,17126.720344543457
-19287,-19287,130,17257.23096203804
-19287,-19287,131,17387.533035755157
-19287,-19287,132,17517.9434401989
-19287,-19287,133,17648.80044054985
-19287,-19287,134,17779.703640699387
-19287,-19287,135,17910.470227479935
-19287,-19286,136,18041.456063508987
-19287,-19287,137,18172.181376695633
-19287,-19286,138,18302.953839302063
-19287,-19287,139,18433.523380041122
-19287,-19287,140,18564.32746577263
-19287,-19287,141,18695.126139879227
-19287,-19287,142,18825.46761417389
-19287,-19287,143,18956.041548013687
-19287,-19287,144,19086.55846428871
-19287,-19287,145,19216.88804244995
-19287,-19287,146,19347.318693876266
-19287,-19287,147,19477.52369236946
-19287,-19287,148,19607.76589655876
-19287,-19287,149,19738.028434515
-19287,-19287,150,19868.293160438538
-19287,-19287,151,19998.727609872818
-19287,-19287,152,20128.946427822113
-19287,-19287,153,20259.351149082184
-19287,-19287,154,20389.965915441513
-19287,-19287,155,20520.23047876358
-19287,-19287,156,20650.696082115173
-19287,-19287,157,20780.97525715828
-19287,-19287,158,20911.36224079132
-19287,-19287,159,21042.303164482117
-19287,-19287,160,21172.77844810486
-19287,-19287,161,21303.00971221924
-19287,-19287,162,21433.865330696106
-19287,-19287,163,21564.221730709076
-19287,-19287,164,21694.496944904327
-19287,-19287,165,21824.96909594536
-19287,-19287,166,21955.02692270279
-19287,-19287,167,22085.30256652832
-19287,-19287,168,22215.871432065964
-19287,-19287,169,22346.30231165886
-19287,-19287,170,22476.790016174316
-19287,-19287,171,22607.140921592712
-19287,-19287,172,22737.163421869278
-19288,-19288,173,22867.22265934944
-19288,-19287,174,22997.20228600502
-19288,-19287,175,23127.153821706772
-19288,-19287,176,23256.94122195244
-19288,-19287,177,23387.231432199478
-19288,-19287,178,23517.217515707016
-19288,-19288,179,23647.07575893402
-19288,-19288,180,23776.79724216461
-19288,-19288,181,23906.594197511673
-19288,-19288,182,24036.536207437515
-19288,-19287,183,24166.41147327423
-19288,-19287,184,24296.364448785782
-19288,-19287,185,24426.31388449669
-19288,-19288,186,24556.06415295601
-19288,-19287,187,24686.174515247345
-19288,-19287,188,24816.201392650604
-19288,-19287,189,24946.00433731079
-19288,-19287,190,25076.00205183029
-19288,-19288,191,25206.150565624237
-19288,-19288,192,25336.00402545929
-19288,-19288,193,25465.91695666313
-19288,-19287,194,25595.680167913437
-19288,-19288,195,25725.762514829636
-19288,-19288,196,25855.686636924744
-19288,-19287,197,25985.736932992935
-19288,-19288,198,26115.53657746315
-19288,-19288,199,26245.512156248093
-19288,-19288,200,26375.351170539856
-19288,-19287,201,26505.11137986183
-19288,-19288,202,26634.830597400665
-19288,-19287,203,26764.54768896103
-19288,-19287,204,26894.501844644547
-19288,-19288,205,27024.7505569458
-19288,-19288,206,27154.815873146057
-19288,-19288,207,27284.811225175858
-19288,-19288,208,27414.50784111023
-19288,-19288,209,27544.240864038467
-19288,-19288,210,27674.10089159012
-19288,-19288,211,27804.19341492653
-19288,-19288,212,27934.09646344185
-19288,-19288,213,28064.09236741066
-19288,-19288,214,28194.102445602417
-19288,-19288,215,28323.989301919937
-19288,-19288,216,28453.90967106819
-19288,-19288,217,28583.625603675842
-19288,-19288,218,28713.475833177567
-19289,-19289,219,28843.279772043228
-19289,-19288,220,28973.14356994629
-19289,-19288,221,29103.03970837593
-19289,-19289,222,29233.089938163757
-19289,-19288,223,29362.92866563797
-19289,-19288,224,29492.69366455078
-19289,-19288,225,29622.538538455963
-19289,-19288,226,29752.4724316597
-19289,-19288,227,29882.2370865345
-19289,-19288,228,30012.16211462021
-19289,-19288,229,30142.11443710327
-19289,-19288,230,30271.657592773438
-19289,-19288,231,30401.640753030777
-19289,-19288,232,30531.137516975403
-19289,-19289,233,30660.697018384933
-19289,-19289,234,30790.18265080452
-19289,-19288,235,30919.8450050354
-19289,-19288,236,31049.468483924866
-19289,-19288,237,31179.05876302719
-19289,-19289,238,31308.544533252716
-19289,-19288,239,31438.227735996246
-19289,-19288,240,31567.773151874542
-19289,-19289,241,31697.49693799019
-19289,-19288,242,31827.29647731781
-19289,-19289,243,31956.962542057037
-19289,-19288,244,32086.411826133728
-19289,-19289,245,32215.9889690876
-19289,-19289,246,32346.052852153778
-19289,-19289,247,32475.912078142166
-19289,-19289,248,32605.773112297058
-19289,-19289,249,32735.510984420776
-19290,-19290,250,32866.0399684906
-19290,-19289,251,32995.601150751114
-19290,-19289,252,33125.027314424515
-19290,-19289,253,33254.48909521103
-19290,-19290,254,33383.96564936638
-19290,-19289,255,33513.643298625946
-19290,-19290,256,33643.13459229469
-19290,-19289,257,33772.55169010162
-19290,-19289,258,33902.36685299873
-19290,-19290,259,34032.31496858597
-19290,-19289,260,34161.71849346161
-19290,-19289,261,34291.21341109276
-19290,-19290,262,34420.66724419594
-19290,-19290,263,34550.324395656586
-19291,-19291,264,34679.807607889175
-19291,-19290,265,34809.45869898796
-19291,-19289,266,34939.0269818306
-19291,-19290,267,35068.701349020004
-19291,-19290,268,35198.10323524475
-19291,-19290,269,35327.79804491997
-19291,-19291,270,35457.57583332062
-19291,-19290,271,35587.029738903046
-19291,-19290,272,35716.245349645615
-19291,-19290,273,35845.4571056366
-19291,-19290,274,35974.5552046299
-19291,-19290,275,36103.797632455826
-19291,-19290,276,36233.005194187164
-19291,-19290,277,36362.08676934242
-19291,-19290,278,36491.40519404411
-19291,-19291,279,36620.92735719681
-19291,-19290,280,36750.21009969711
-19291,-19291,281,36879.73152208328
-19291,-19290,282,37009.08608961105
-19291,-19291,283,37138.423209905624
-19291,-19290,284,37268.074191093445
-19291,-19290,285,37397.4854824543
-19291,-19290,286,37526.86692237854
-19291,-19291,287,37656.20039486885
-19291,-19291,288,37785.365992069244
-19291,-19291,289,37914.670718193054
-19291,-19291,290,38044.140491485596
-19291,-19291,291,38173.18160367012
-19291,-19291,292,38302.60566139221
-19291,-19291,293,38431.735553979874
-19291,-19291,294,38560.809337854385
-19291,-19290,295,38690.17789745331
-19291,-19290,296,38819.30327820778
-19291,-19290,297,38948.491869449615
-19291,-19291,298,39077.56394696236
-19291,-19291,299,39206.91162061691
-19291,-19291,300,39335.900502204895
-19291,-19291,301,39465.61991047859
-19291,-19291,302,39594.757885694504
-19291,-19290,303,39723.814021110535
-19291,-19291,304,39852.90853714943
-19291,-19291,305,39982.001161813736
-19291,-19291,306,40111.45213675499
-19291,-19291,307,40240.687977552414
-19291,-19291,308,40369.987396001816
-19291,-19291,309,40499.19660806656
-19291,-19291,310,40628.21972846985
-19291,-19290,311,40757.432393074036
-19291,-19290,312,40886.478249549866
-19291,-19291,313,41015.34153485298
-19291,-19291,314,41144.50200796127
-19291,-19290,315,41273.40662956238
-19291,-19290,316,41402.10953903198
-19291,-19291,317,41531.191440820694
-19291,-19291,318,41660.04262161255
-19291,-19291,319,41789.02053356171
-19291,-19291,320,41918.04987645149
-19291,-19291,321,42047.08193182945
-19291,-19291,322,42175.92021203041
-19291,-19290,323,42305.02854704857
-19291,-19291,324,42434.29824542999
-19291,-19291,325,42563.68960380554
-19291,-19291,326,42692.75814533234
-19291,-19291,327,42822.13439106941
-19291,-19291,328,42951.12941479683
-19291,-19291,329,43080.03537321091
-19291,-19291,330,43209.23562979698
-19291,-19291,331,43338.15047836304
-19291,-19291,332,43466.96422505379
-19291,-19291,333,43596.161989212036
-19291,-19291,334,43724.99680876732
-19291,-19291,335,43853.87801480293
-19291,-19291,336,43983.1131541729
-19291,-19291,337,44112.32910132408
-19291,-19291,338,44241.53852581978
-19291,-19291,339,44370.58711838722
-19291,-19291,340,44499.587342977524
-19291,-19291,341,44628.980699300766
-19291,-19291,342,44758.01518392563
-19291,-19291,343,44887.032509326935
-19291,-19291,344,45015.897891283035
-19291,-19291,345,45144.88584780693
-19291,-19291,346,45273.70946407318
-19291,-19291,347,45403.01751589775
-19291,-19291,348,45532.2567794323
-19291,-19291,349,45660.891345739365
-19291,-19291,350,45790.291788101196
-19291,-19291,351,45919.534333229065
-19291,-19291,352,46048.77722072601
-19291,-19291,353,46177.719015836716
-19291,-19291,354,46306.574013233185
-19291,-19291,355,46435.469900369644
-19291,-19291,356,46564.652237176895
-19291,-19291,357,46694.16498875618
-19291,-19291,358,46823.66911697388
-19291,-19291,359,46952.84929442406
-19291,-19291,360,47081.79769253731
-19291,-19291,361,47210.98054432869
-19291,-19291,362,47340.03559875488
-19291,-19291,363,47469.282355070114
-19291,-19291,364,47598.29017353058
-19291,-19291,365,47727.18088245392
-19291,-19291,366,47856.32803750038
-19291,-19291,367,47985.67315340042
-19291,-19291,368,48115.16918754578
-19291,-19291,369,48244.400638103485
-19291,-19291,370,48373.44080376625
-19291,-19290,371,48502.47009015083
-19291,-19291,372,48631.87723374367
-19291,-19291,373,48760.87872171402
-19291,-19291,374,48890.33541703224
-19291,-19291,375,49019.630244493484
-19291,-19291,376,49149.007904052734
-19291,-19291,377,49278.28429508209
-19291,-19291,378,49407.59548974037
-19291,-19291,379,49536.723469257355
-19291,-19291,380,49665.99856328964
-19291,-19291,381,49795.16623187065
-19291,-19291,382,49924.522362947464
-19291,-19291,383,50053.91091275215
-19291,-19291,384,50182.96915411949
-19291,-19291,385,50311.92800927162
-19291,-19291,386,50440.811180114746
-19291,-19291,387,50570.00305747986
-19291,-19291,388,50699.03053689003
-19291,-19291,389,50827.96823000908
-19291,-19291,390,50956.93867278099
-19291,-19291,391,51085.88135051727
-19291,-19291,392,51215.03542089462
-19291,-19291,393,51344.21298122406
-19291,-19291,394,51473.28641176224
-19291,-19291,395,51602.25385475159
-19291,-19291,396,51731.448981285095
-19291,-19291,397,51860.62642145157
-19291,-19291,398,51989.898295640945
-19291,-19291,399,52119.13528442383
-19291,-19291,400,52248.23463153839
-19291,-19291,401,52377.42341184616
-19291,-19291,402,52506.46883678436
-19291,-19291,403,52635.38220977783
-19291,-19291,404,52764.46002101898
-19291,-19291,405,52893.71749043465
-19291,-19291,406,53022.802928209305
-19291,-19291,407,53152.19962692261
-19291,-19291,408,53281.06046319008
-19291,-19291,409,53409.851685762405
-19291,-19291,410,53538.87690639496
-19291,-19291,411,53667.68410682678
-19291,-19291,412,53796.9434196949
-19291,-19291,413,53926.250071525574
-19291,-19291,414,54055.34602546692
-19291,-19291,415,54184.49248409271
-19291,-19291,416,54313.55517864227
-19291,-19291,417,54442.40180635452
-19291,-19291,418,54571.081352472305
-19291,-19291,419,54699.88265776634
-19291,-19291,420,54828.71498131752
-19291,-19291,421,54957.38448691368
-19291,-19291,422,55086.36182355881
-19291,-19291,423,55215.29693984985
-19291,-19291,424,55344.32343387604
-19291,-19291,425,55473.308389663696
-19291,-19291,426,55602.224484443665
-19291,-19291,427,55730.85036945343
-19291,-19291,428,55859.674521923065
-19291,-19291,429,55988.376744270325
-19291,-19291,430,56117.170065164566
-19291,-19291,431,56245.781656980515
-19291,-19291,432,56374.467669487
-19291,-19291,433,56503.18031859398
-19291,-19291,434,56631.85952734947
-19291,-19291,435,56760.25274896622
-19291,-19291,436,56888.80654644966
-19291,-19291,437,57017.29136300087
-19291,-19291,438,57146.007132291794
-19291,-19291,439,57274.59383773804
-19291,-19291,440,57403.09540987015
-19291,-19291,441,57531.849066734314
-19291,-19291,442,57660.69303274155
-19291,-19291,443,57789.59019088745
-19291,-19291,444,57918.40302824974
-19291,-19291,445,58047.18163061142
-19291,-19291,446,58175.69427585602
-19291,-19291,447,58304.35044550896
-19291,-19291,448,58433.11390566826
-19291,-19291,449,58561.8932864666
-19291,-19291,450,58690.46705722809
-19291,-19291,451,58819.212616443634
-19291,-19291,452,58947.92230677605
-19291,-19291,453,59076.29316520691
-19291,-19291,454,59204.69592046738
-19291,-19291,455,59333.20275378227
-19291,-19291,456,59461.89052152634
-19291,-19291,457,59590.48166561127
-19291,-19291,458,59719.2799847126
-19291,-19291,459,59847.7388753891
-19291,-19291,460,59976.57491874695
-19291,-19291,461,60105.08750247955
-19291,-19291,462,60233.745780944824
-19291,-19291,463,60362.38997220993
-19291,-19291,464,60491.14646434784
-19291,-19291,465,60619.73471546173
-19291,-19291,466,60748.30243182182
-19291,-19291,467,60876.69997191429
-19291,-19291,468,61004.93951201439
-19291,-19291,469,61133.35056614876
-19291,-19291,470,61261.68103671074
-19291,-19291,471,61389.93103122711
-19291,-19291,472,61518.252185583115
-19291,-19291,473,61646.57572674751
-19291,-19291,474,61774.95433998108
-19291,-19291,475,61903.33652424812
-19291,-19291,476,62031.786046266556
-19291,-19291,477,62160.049162864685
-19291,-19291,478,62288.30573487282
-19291,-19291,479,62416.897144556046
-19291,-19291,480,62545.16190671921
-19291,-19291,481,62673.591146707535
-19291,-19291,482,62802.1166536808
-19291,-19291,483,62930.33645486832
-19291,-19291,484,63058.78806018829
-19291,-19291,485,63187.047055244446
-19291,-19291,486,63315.48671746254
-19291,-19291,487,63443.73979091644
-19291,-19291,488,63571.90691280365
-19291,-19291,489,63700.22747182846
-19291,-19291,490,63828.51162600517
-19291,-19291,491,63956.68748617172
-19291,-19291,492,64085.11846137047
-19291,-19291,493,64213.43641448021
-19291,-19291,494,64341.67347288132
-19291,-19291,495,64469.93464040756
-19291,-19291,496,64598.093519449234
-19291,-19291,497,64726.464941978455
-19291,-19291,498,64854.85985851288
-19291,-19291,499,64983.050560712814
-19292,-19292,500,65111.384959459305
-19292,-19291,501,65239.60747170448
-19292,-19291,502,65367.68906188011
-19292,-19291,503,65496.00758600235
-19292,-19291,504,65624.35073900223
-19292,-19291,505,65752.89314746857
-19292,-19291,506,65881.25924611092
-19292,-19291,507,66009.8020093441
-19292,-19291,508,66138.2453930378
-19292,-19291,509,66266.59448122978
-19292,-19291,510,66394.74638223648
-19292,-19291,511,66522.94280290604
-19292,-19291,512,66651.00937509537
-19292,-19291,513,66778.9721839428
-19292,-19291,514,66907.0304389
-19292,-19291,515,67035.10951781273
-19292,-19292,516,67163.39342164993
-19292,-19292,517,67291.36877512932
-19292,-19291,518,67419.32882356644
-19292,-19292,519,67547.49413251877
-19292,-19292,520,67675.72736620903
-19293,-19293,521,67803.97101044655
-19293,-19293,522,67932.23371195793
-19293,-19292,523,68060.44390583038
-19293,-19292,524,68188.50596046448
-19293,-19292,525,68316.93020176888
-19293,-19291,526,68445.01034879684
-19293,-19292,527,68573.2955789566
-19293,-19292,528,68701.7914853096
-19293,-19293,529,68829.9147863388
-19293,-19291,530,68958.20638084412
-19293,-19292,531,69086.30450701714
-19293,-19292,532,69214.38031101227
-19293,-19293,533,69342.6335978508
-19293,-19293,534,69470.70982551575
-19293,-19292,535,69598.81168580055
-19293,-19292,536,69727.09924578667
-19293,-19293,537,69855.34896969795
-19293,-19292,538,69983.65542697906
-19293,-19293,539,70112.02923727036
-19293,-19293,540,70240.01818704605
-19293,-19292,541,70368.42270827293
-19293,-19292,542,70496.72852230072
-19293,-19292,543,70625.1724216938
-19293,-19292,544,70753.30037379265
-19293,-19293,545,70881.38801527023
-19293,-19293,546,71009.92393922806
-19293,-19293,547,71138.0482981205
-19293,-19293,548,71266.1284353733
-19293,-19293,549,71394.30955410004
-19293,-19292,550,71522.25388431549
-19293,-19293,551,71650.43007683754
-19293,-19293,552,71778.67619013786
-19293,-19293,553,71906.89804649353
-19293,-19293,554,72034.91000342369
-19293,-19293,555,72163.0909166336
-19293,-19292,556,72291.19039607048
-19293,-19293,557,72419.24419665337
-19293,-19293,558,72547.14710259438
-19293,-19293,559,72675.11952757835
-19293,-19293,560,72803.72643446922
-19293,-19293,561,72932.19915413857
-19293,-19293,562,73060.52944636345
-19293,-19293,563,73188.83838200569
-19293,-19293,564,73317.0096859932
-19293,-19293,565,73445.19410562515
-19293,-19293,566,73573.35965704918
-19293,-19293,567,73701.42877364159
-19293,-19293,568,73829.34807705879
-19293,-19293,569,73957.65639305115
-19293,-19293,570,74085.7500705719
-19293,-19293,571,74213.69708132744
-19293,-19292,572,74341.79941415787
-19293,-19293,573,74470.05813145638
-19293,-19293,574,74598.3083794117
-19293,-19293,575,74726.74620056152
-19293,-19293,576,74854.93116569519
-19293,-19293,577,74983.18705010414
-19293,-19293,578,75111.36418485641
-19293,-19293,579,75239.61912035942
-19293,-19293,580,75367.68203639984
-19293,-19293,581,75495.93692398071
-19293,-19293,582,75623.97237610817
-19293,-19293,583,75751.9425599575
-19293,-19293,584,75880.01554059982
-19293,-19293,585,76007.86317968369
-19293,-19293,586,76135.9543838501
-19293,-19293,587,76264.08287787437
-19293,-19293,588,76391.99983644485
-19293,-19293,589,76520.16850709915
-19293,-19293,590,76647.53877854347
-19293,-19293,591,76775.41871929169
-19293,-19293,592,76903.5941491127
-19293,-19293,593,77031.41860699654
-19293,-19293,594,77159.25502848625
-19293,-19293,595,77287.63805413246
-19293,-19293,596,77415.68801236153
-19293,-19293,597,77543.68919062614
-19293,-19293,598,77671.88755393028
-19293,-19293,599,77799.69106912613
-19293,-19293,600,77927.4225282669
-19293,-19293,601,78055.29540395737
-19293,-19293,602,78183.11194372177
-19293,-19293,603,78310.88731980324
-19293,-19293,604,78438.75233078003
-19293,-19293,605,78566.43381381035
-19293,-19293,606,78694.54946660995
-19293,-19293,607,78822.48393321037
-19293,-19293,608,78950.34705805779
-19293,-19293,609,79078.26627397537
-19293,-19293,610,79206.19837784767
-19293,-19293,611,79334.31820058823
-19293,-19293,612,79462.34963297844
-19293,-19293,613,79590.29993867874
-19293,-19293,614,79718.16201543808
-19293,-19293,615,79846.23138475418
-19293,-19293,616,79974.29962420464
-19293,-19293,617,80102.23923301697
-19293,-19293,618,80230.20145964622
-19293,-19293,619,80358.0493862629
-19293,-19293,620,80485.91501092911
-19293,-19293,621,80613.67179751396
-19293,-19293,622,80741.59993052483
-19293,-19293,623,80869.514503479
-19293,-19293,624,80997.43413448334
-19293,-19293,625,81125.19297409058
-19293,-19293,626,81252.86710548401
-19293,-19293,627,81380.94664478302
-19293,-19293,628,81508.7911260128
-19293,-19293,629,81636.69394946098
-19293,-19293,630,81764.37002444267
-19293,-19293,631,81892.12653446198
-19293,-19293,632,82020.04917383194
-19293,-19293,633,82148.01221346855
-19293,-19293,634,82275.77647542953
-19293,-19293,635,82403.65331244469
-19293,-19293,636,82531.61276984215
-19293,-19293,637,82659.34080696106
-19293,-19293,638,82787.30835580826
-19293,-19293,639,82915.12594437599
-19293,-19293,640,83043.2378051281
-19293,-19293,641,83171.15033531189
-19293,-19293,642,83299.09909558296
-19293,-19293,643,83427.11956238747
-19293,-19293,644,83554.83288860321
-19293,-19293,645,83682.68885827065
-19293,-19293,646,83810.5894985199
-19293,-19293,647,83938.29269552231
-19293,-19293,648,84066.28711390495
-19293,-19293,649,84194.0315322876
-19293,-19293,650,84321.46274256706
-19293,-19293,651,84449.06287050247
-19293,-19293,652,84576.56200408936
-19293,-19293,653,84704.39747738838
-19293,-19293,654,84832.29728770256
-19293,-19293,655,84959.72111463547
-19293,-19293,656,85087.38709235191
-19293,-19293,657,85214.9144206047
-19293,-19293,658,85342.58501076698
-19293,-19293,659,85470.10782003403
-19293,-19293,660,85597.67589044571
-19293,-19293,661,85725.16680431366
-19293,-19293,662,85852.6922712326
-19293,-19293,663,85980.08179330826
-19293,-19293,664,86107.77617764473
-19293,-19293,665,86235.54545283318