
-5682,-5682,0,322.82007813453674
-5725,-5725,1,684.753809928894
-5739,-5739,2,1044.3706843852997
-5752,-5752,3,1406.326248884201
-5754,-5754,4,1767.0729162693024
-5764,-5764,5,2126.348039627075
-5766,-5766,6,2483.8130342960358
-5766,-5766,7,2841.1641125679016
-5773,-5773,8,3196.822083234787
-5773,-5773,9,3551.23313498497
-5777,-5777,10,3904.61252450943
-5778,-5778,11,4256.796547412872
-5780,-5780,12,4608.648860454559
-5784,-5784,13,4959.5223689079285
-5784,-5784,14,5309.842571258545
-5785,-5785,15,5659.160932779312
-5785,-5785,16,6008.635892391205
-5785,-5785,17,6357.560147285461
-5786,-5786,18,6706.819572925568
-5786,-5786,19,7055.052813768387
-5786,-5786,20,7403.311028957367
-5787,-5787,21,7751.325564146042
-5788,-5788,22,8099.386413812637
-5788,-5788,23,8446.832582473755
-5788,-5788,24,8794.394268989563
-5791,-5791,25,9141.93011212349
-5791,-5791,26,9488.666206121445
-5791,-5791,27,9835.611868619919
-5791,-5791,28,10182.012028694153
-5791,-5791,29,10528.161812067032
-5791,-5791,30,10874.953767299652
-5791,-5791,31,11220.798785924911
-5791,-5791,32,11566.860797166824
-5791,-5791,33,11912.913363456726
-5791,-5791,34,12258.384317874908
-5791,-5791,35,12604.14702129364
-5792,-5792,36,12949.820397377014
-5792,-5792,37,13294.941192388535
-5792,-5792,38,13640.69250202179
-5792,-5792,39,13985.697036266327
-5792,-5792,40,14330.429127454758
-5792,-5792,41,14675.47033405304
-5792,-5792,42,15020.330534696579
-5792,-5792,43,15365.696697950363
-5792,-5792,44,15710.57605600357
-5792,-5792,45,16055.625323295593
-5792,-5792,46,16400.734468221664
-5792,-5792,47,16746.352580070496
-5792,-5792,48,17091.45764899254
-5792,-5792,49,17436.535468816757
-5792,-5792,50,17781.42281603813
-5792,-5792,51,18126.83148264885
-5792,-5792,52,18472.025053977966
-5792,-5792,53,18817.26358294487
-5792,-5792,54,19162.830201148987
-5793,-5793,55,19507.79768013954
-5793,-5793,56,19853.09919643402
-5793,-5792,57,20198.213030576706
-5793,-5793,58,20543.211832284927
-5793,-5793,59,20888.29707622528
-5793,-5793,60,21233.673243761063
-5793,-5793,61,21579.06584596634
-5793,-5793,62,21923.796766281128
-5793,-5793,63,22268.776075601578
-5793,-5793,64,22613.75438117981
-5793,-5793,65,22958.814296245575
-5793,-5793,66,23303.71764755249
-5793,-5793,67,23649.216690778732
-5793,-5793,68,23994.77274107933
-5793,-5793,69,24339.37078642845
-5793,-5793,70,24684.848645448685
-5793,-5793,71,25029.543701410294
-5793,-5793,72,25375.036586999893
-5793,-5793,73,25720.220940828323
-5793,-5793,74,26065.840943336487
-5793,-5793,75,26411.26048517227
-5793,-5793,76,26756.616033792496
-5793,-5793,77,27101.76629424095
-5793,-5793,78,27446.690658330917
-5793,-5793,79,27792.089119195938
-5793,-5793,80,28137.306641101837
-5793,-5793,81,28483.175019979477
-5793,-5793,82,28828.210577964783
-5793,-5793,83,29173.450855255127
-5793,-5793,84,29518.69943714142
-5793,-5793,85,29864.185591220856
-5793,-5793,86,30209.173998355865
-5793,-5793,87,30554.698399305344
-5793,-5793,88,30900.027918100357
-5794,-5794,89,31245.15940093994
-5794,-5794,90,31590.223886966705
-5794,-5794,91,31935.57635116577
-5794,-5794,92,32280.508233308792
-5794,-5794,93,32626.32392692566
-5794,-5794,94,32971.267121076584
-5794,-5794,95,33316.68202376366
-5794,-5794,96,33661.98332071304
-5794,-5794,97,34007.91273164749
-5794,-5794,98,34353.66355800629
-5794,-5794,99,34699.009212732315
-5794,-5794,100,35044.43003940582
-5794,-5794,101,35390.109134435654
-5794,-5794,102,35735.30119895935
-5794,-5794,103,36080.87532067299
-5794,-5794,104,36426.41986632347
-5794,-5794,105,36771.74381041527
-5794,-5794,106,37116.797639369965
-5794,-5794,107,37461.71719837189
-5794,-5794,108,37806.92528796196
-5794,-5794,109,38151.496550798416
-5794,-5794,110,38496.42302918434
-5794,-5794,111,38841.44192028046
-5794,-5794,112,39186.149513721466
-5794,-5794,113,39530.84048771858
-5794,-5794,114,39875.8974647522
-5794,-5794,115,40221.15272641182
-5794,-5794,116,40566.16227889061
-5794,-5794,117,40910.906435251236
-5794,-5794,118,41255.74108147621
-5794,-5794,119,41601.23807001114
-5794,-5794,120,41945.85469150543
-5795,-5795,121,42290.76902842522
-5795,-5795,122,42635.62862586975
-5795,-5795,123,42980.37619280815
-5795,-5795,124,43325.33410048485
-5795,-5795,125,43670.249901771545
-5795,-5795,126,44015.30083966255
-5795,-5795,127,44360.22428750992
-5795,-5795,128,44705.17327642441
-5795,-5795,129,45050.135120630264
-5795,-5795,130,45395.202389001846
-5795,-5795,131,45739.73726320267
-5795,-5795,132,46084.28729581833
-5795,-5795,133,46429.15824317932
-5795,-5795,134,46774.00443482399
-5795,-5795,135,47118.61415410042
-5795,-5795,136,47463.26801300049
-5795,-5795,137,47808.26824808121
-5795,-5795,138,48152.77521944046
-5795,-5795,139,48497.4841132164
-5795,-5795,140,48841.79709124565
-5795,-5795,141,49186.8064186573
-5795,-5795,142,49531.21133184433
-5795,-5795,143,49875.6045191288
-5795,-5795,144,50220.49018239975
-5795,-5795,145,50565.10064816475
-5795,-5795,146,50909.31693816185
-5795,-5795,147,51253.70230174065
-5795,-5795,148,51597.529223680496
-5795,-5795,149,51941.80868220329
-5795,-5795,150,52285.79106116295
-5795,-5795,151,52629.32864046097
-5795,-5795,152,52974.31340909004
-5795,-5795,153,53319.367124557495
-5795,-5795,154,53663.58998274803
-5795,-5795,155,54008.61506128311
-5795,-5795,156,54353.02468276024
-5795,-5795,157,54698.084310770035
-5795,-5795,158,55042.500730752945
-5795,-5795,159,55386.78472518921
-5795,-5795,160,55730.89417004585
-5795,-5795,161,56075.344182014465
-5795,-5795,162,56420.04871964455
-5795,-5795,163,56764.844172000885
-5795,-5795,164,57109.48789715767
-5795,-5795,165,57454.12138724327
-5795,-5795,166,57798.48444509506
-5795,-5795,167,58142.94898939133
-5795,-5795,168,58487.20055246353
-5795,-5795,169,58831.21358251572
-5795,-5795,170,59175.18338036537
-5795,-5795,171,59519.4409866333
-5795,-5795,172,59863.419454574585
-5795,-5795,173,60207.749663591385
-5796,-5796,174,60552.10142946243
-5796,-5796,175,60896.51967740059
-5796,-5796,176,61240.729459285736
-5796,-5796,177,61584.98834609985
-5796,-5796,178,61928.697261571884
-5796,-5796,179,62273.15658569336
-5796,-5796,180,62617.76131772995
-5796,-5796,181,62961.751750946045
-5796,-5796,182,63306.164843559265
-5796,-5796,183,63650.73238182068
-5796,-5796,184,63995.1764318943
-5796,-5796,185,64339.86025285721
-5796,-5796,186,64683.98271536827
-5796,-5796,187,65027.99169445038
-5796,-5796,188,65371.71937203407
-5796,-5796,189,65715.8035337925
-5796,-5796,190,66060.45742082596
-5796,-5796,191,66404.81326508522
-5796,-5796,192,66749.45314574242
-5796,-5796,193,67093.33670687675
-5796,-5796,194,67437.49247455597
-5796,-5796,195,67781.48721432686
-5796,-5796,196,68125.53229808807
-5796,-5796,197,68469.8060734272
-5796,-5796,198,68813.04902601242
-5796,-5796,199,69156.61967277527
-5796,-5796,200,69501.05426692963
-5796,-5796,201,69845.77874112129
-5796,-5796,202,70189.88565897942
-5796,-5796,203,70533.78323125839
-5796,-5796,204,70877.7136478424
-5796,-5796,205,71221.34754943848
-5796,-5796,206,71565.76298618317
-5796,-5796,207,71910.17790102959
-5796,-5796,208,72254.63243103027
-5796,-5796,209,72599.048984766
-5796,-5796,210,72943.73829102516
-5796,-5796,211,73287.53340697289
-5796,-5796,212,73631.94908237457
-5796,-5796,213,73976.30503249168
-5796,-5796,214,74320.64014387131
-5796,-5796,215,74665.01645684242
-5796,-5796,216,75009.3592414856
-5796,-5796,217,75353.56355929375
-5796,-5796,218,75697.71174907684
-5796,-5796,219,76041.71564602852
-5796,-5796,220,76385.78586935997
-5796,-5796,221,76730.10949730873
-5796,-5796,222,77074.45300745964
-5796,-5796,223,77418.19597101212
-5796,-5796,224,77762.47943329811
-5796,-5796,225,78107.12726306915
-5796,-5796,226,78451.57602000237
-5796,-5796,227,78795.63586425781
-5796,-5796,228,79139.82114434242
-5796,-5796,229,79484.17166924477
-5796,-5796,230,79828.57719922066
-5796,-5796,231,80172.94977617264
-5796,-5796,232,80517.55826711655
-5796,-5796,233,80862.01077747345
-5796,-5796,234,81206.44357180595
-5796,-5796,235,81550.53855729103
-5796,-5796,236,81895.07621240616
-5796,-5796,237,82239.36547660828
-5796,-5796,238,82583.33012652397
-5796,-5796,239,82927.61255431175
-5796,-5796,240,83271.85816645622
-5796,-5796,241,83615.9421737194
-5796,-5796,242,83960.29875850677
-5796,-5796,243,84304.94475054741
-5796,-5796,244,84649.22969889641
-5796,-5796,245,84992.86368131638
-5796,-5796,246,85336.27467989922
-5796,-5796,247,85679.9323618412
-5796,-5796,248,86023.49001836777