
-9460,-9460,0,265.8019676208496
-9514,-9514,1,720.6273293495178
-9532,-9532,2,1176.2431252002716
-9543,-9543,3,1635.7519073486328
-9556,-9556,4,2095.2712416648865
-9560,-9560,5,2554.4493215084076
-9570,-9570,6,3012.7268748283386
-9575,-9575,7,3469.667938709259
-9578,-9578,8,3924.261150121689
-9582,-9582,9,4375.706968784332
-9583,-9583,10,4822.531026124954
-9586,-9586,11,5264.98782491684
-9587,-9587,12,5703.269635915756
-9587,-9587,13,6139.542453765869
-9589,-9589,14,6572.987070560455
-9590,-9590,15,7002.081037759781
-9591,-9591,16,7426.794789075851
-9591,-9591,17,7851.4270141124725
-9591,-9591,18,8273.202658891678
-9591,-9591,19,8690.922152280807
-9592,-9592,20,9106.807173728943
-9592,-9592,21,9526.23206615448
-9592,-9592,22,9942.552548646927
-9592,-9592,23,10356.343816041946
-9592,-9592,24,10769.623713254929
-9592,-9592,25,11181.38399219513
-9592,-9592,26,11592.039547204971
-9593,-9593,27,12001.685228586197
-9593,-9593,28,12411.770161390305
-9593,-9592,29,12821.762367010117
-9593,-9593,30,13229.866508483887
-9593,-9593,31,13641.942743778229
-9593,-9593,32,14051.077526807785
-9593,-9593,33,14459.005410194397
-9593,-9593,34,14869.485458374023
-9593,-9593,35,15274.635619878769
-9593,-9593,36,15682.200483083725
-9593,-9593,37,16089.435698747635
-9593,-9593,38,16497.4348154068
-9593,-9593,39,16905.59521985054
-9593,-9593,40,17312.913077116013
-9593,-9593,41,17721.237938404083
-9593,-9593,42,18132.06481719017
-9593,-9593,43,18538.540561437607
-9593,-9593,44,18950.166612148285
-9593,-9593,45,19360.64650464058
-9593,-9593,46,19771.626284599304
-9593,-9593,47,20183.910774230957
-9593,-9593,48,20596.085354804993
-9593,-9593,49,21008.52375268936
-9593,-9593,50,21422.145261526108
-9593,-9593,51,21835.252513170242
-9593,-9593,52,22249.58727002144
-9593,-9593,53,22664.339635133743
-9593,-9593,54,23079.837458133698
-9593,-9593,55,23494.31249856949
-9593,-9593,56,23911.34020280838
-9593,-9593,57,24328.781645298004
-9593,-9593,58,24744.47397661209
-9593,-9593,59,25161.723345518112
-9593,-9593,60,25576.66883301735
-9593,-9593,61,25992.765634298325
-9593,-9593,62,26407.2716422081
-9593,-9593,63,26823.29755783081
-9593,-9593,64,27240.549521684647
-9593,-9593,65,27655.778763771057
-9593,-9593,66,28071.29315495491
-9593,-9593,67,28486.969443559647
-9593,-9593,68,28904.181384563446
-9593,-9593,69,29320.092448472977
-9593,-9593,70,29734.85319328308
-9593,-9593,71,30149.77334856987
-9593,-9593,72,30566.422895669937
-9593,-9593,73,30980.971509695053
-9593,-9593,74,31397.46579837799
-9593,-9593,75,31812.776378393173
-9593,-9593,76,32222.961470603943
-9593,-9593,77,32639.969511270523
-9593,-9593,78,33053.438181877136
-9593,-9593,79,33467.29891681671
-9593,-9593,80,33880.47526669502
-9593,-9593,81,34291.33562374115
-9593,-9593,82,34702.69280099869
-9593,-9593,83,35115.42854976654
-9593,-9593,84,35527.65001940727
-9593,-9593,85,35937.561647892
-9594,-9594,86,36348.551040649414
-9594,-9594,87,36759.36690354347
-9594,-9594,88,37168.78188872337
-9594,-9594,89,37579.24680900574
-9594,-9594,90,37988.272953271866
-9594,-9594,91,38399.493500471115
-9594,-9594,92,38810.74823093414
-9594,-9594,93,39221.364753723145
-9594,-9594,94,39631.86270022392
-9594,-9594,95,40041.572680711746
-9594,-9594,96,40450.17296791077
-9594,-9594,97,40863.37518763542
-9594,-9594,98,41273.30768823624
-9594,-9594,99,41685.107135772705
-9594,-9594,100,42096.291944503784
-9594,-9594,101,42510.52883601189
-9594,-9594,102,42924.5355348587
-9594,-9594,103,43338.43094539642
-9594,-9594,104,43749.51625061035
-9594,-9594,105,44161.39836239815
-9594,-9594,106,44570.19539666176
-9594,-9594,107,44982.86161279678
-9594,-9594,108,45396.523293972015
-9594,-9594,109,45808.81927227974
-9594,-9594,110,46219.00414919853
-9594,-9594,111,46628.805856227875
-9594,-9594,112,47040.36364412308
-9594,-9594,113,47453.95907878876
-9594,-9594,114,47865.620014190674
-9594,-9594,115,48279.38469362259
-9594,-9594,116,48692.73817443848
-9594,-9594,117,49108.19329714775
-9594,-9594,118,49521.29345822334
-9594,-9594,119,49936.19852590561
-9594,-9594,120,50355.69261956215
-9594,-9594,121,50769.82111740112
-9594,-9594,122,51184.7150952816
-9594,-9594,123,51598.781379938126
-9594,-9594,124,52011.809124946594
-9594,-9594,125,52426.56318902969
-9594,-9594,126,52842.791039943695
-9594,-9594,127,53257.79716420174
-9594,-9594,128,53670.78159689903
-9594,-9594,129,54081.248175382614
-9594,-9594,130,54497.400577545166
-9594,-9594,131,54912.812606334686
-9594,-9594,132,55327.916296720505
-9594,-9594,133,55740.970279216766
-9594,-9594,134,56154.00651359558
-9594,-9594,135,56567.70997047424
-9594,-9594,136,56981.98761868477
-9594,-9594,137,57398.61788249016
-9594,-9594,138,57813.605466365814
-9594,-9594,139,58229.526795864105
-9594,-9594,140,58646.77635002136
-9594,-9594,141,59064.146790504456
-9594,-9594,142,59480.51164603233
-9594,-9594,143,59895.51144909859
-9594,-9594,144,60311.99403047562
-9594,-9594,145,60728.831265449524
-9594,-9594,146,61145.440330028534
-9594,-9594,147,61564.760149002075
-9594,-9594,148,61983.84699296951
-9594,-9594,149,62402.75016593933
-9594,-9594,150,62820.51958703995
-9594,-9594,151,63234.88797163963
-9594,-9594,152,63651.4937684536
-9594,-9594,153,64067.844386577606
-9594,-9594,154,64483.49768733978
-9594,-9594,155,64900.69806933403
-9594,-9594,156,65316.46299815178
-9594,-9594,157,65731.93408894539
-9594,-9594,158,66147.82318878174
-9594,-9594,159,66558.55857729912
-9594,-9594,160,66973.77267694473
-9594,-9594,161,67386.17926597595
-9594,-9594,162,67797.24381780624
-9594,-9594,163,68203.90308403969
-9594,-9594,164,68608.90808200836
-9594,-9594,165,69016.26716327667
-9594,-9594,166,69412.78613448143
-9594,-9594,167,69807.063341856
-9594,-9594,168,70202.91054153442
-9594,-9594,169,70597.99336242676
-9594,-9594,170,70995.28152108192
-9594,-9594,171,71389.51724863052
-9594,-9594,172,71783.9728243351
-9594,-9594,173,72179.13449263573
-9594,-9594,174,72582.08406829834
-9594,-9594,175,72989.01089715958
-9594,-9594,176,73397.65996026993
-9594,-9594,177,73806.09928703308
-9594,-9594,178,74208.7213101387
-9594,-9594,179,74609.82592368126
-9594,-9594,180,75005.91015458107
-9594,-9594,181,75398.95641493797
-9594,-9594,182,75794.36978030205
-9594,-9594,183,76190.33442234993
-9594,-9594,184,76590.44841361046
-9594,-9594,185,76993.85797023773
-9594,-9594,186,77387.62883114815
-9594,-9594,187,77784.44979810715
-9594,-9594,188,78181.95137548447
-9594,-9594,189,78572.84450888634
-9594,-9594,190,78962.79126238823
-9594,-9594,191,79353.88855266571
-9594,-9594,192,79752.74812626839
-9594,-9594,193,80139.8793656826
-9594,-9594,194,80535.52404499054
-9594,-9594,195,80932.73025107384
-9594,-9594,196,81325.10652208328
-9594,-9594,197,81718.1652162075
-9594,-9594,198,82114.37052416801
-9594,-9594,199,82511.85393738747
-9594,-9594,200,82918.46398925781
-9594,-9594,201,83326.26805472374
-9594,-9594,202,83734.89499354362
-9594,-9594,203,84141.77610468864
-9594,-9594,204,84541.1561627388
-9594,-9594,205,84938.42620539665
-9594,-9594,206,85331.84570479393
-9594,-9594,207,85724.05559015274
-9594,-9594,208,86112.5746691227