
-8174,-8174,0,123.41055369377136
-8176,-8176,1,267.75805401802063
-8176,-8176,2,411.9266812801361
-8176,-8176,3,559.242653131485
-8176,-8176,4,706.1651570796967
-8176,-8176,5,852.4763941764832
-8176,-8176,6,998.9002137184143
-8176,-8176,7,1145.8882966041565
-8176,-8176,8,1292.6508929729462
-8176,-8176,9,1439.3512089252472
-8176,-8176,10,1586.0968914031982
-8179,-8179,11,1732.8989753723145
-8179,-8179,12,1879.5479743480682
-8179,-8179,13,2026.16202044487
-8179,-8179,14,2173.089611053467
-8179,-8179,15,2319.8420300483704
-8179,-8179,16,2466.7419424057007
-8179,-8179,17,2613.4196815490723
-8179,-8179,18,2760.067876815796
-8179,-8179,19,2906.882477283478
-8179,-8179,20,3053.5619688034058
-8179,-8179,21,3200.286383867264
-8179,-8179,22,3347.0849797725677
-8179,-8179,23,3493.7366664409637
-8180,-8180,24,3640.3750751018524
-8180,-8179,25,3787.107990026474
-8180,-8179,26,3933.6939976215363
-8189,-8189,27,4080.2592701911926
-8189,-8189,28,4226.701981544495
-8189,-8189,29,4373.195964574814
-8189,-8189,30,4519.620263814926
-8189,-8189,31,4666.205678462982
-8189,-8189,32,4812.6259553432465
-8189,-8189,33,4958.269768953323
-8189,-8189,34,5104.0354907512665
-8189,-8189,35,5250.536973237991
-8189,-8189,36,5397.159420013428
-8189,-8189,37,5543.632044315338
-8189,-8189,38,5690.007983207703
-8189,-8189,39,5836.437875032425
-8191,-8191,40,5982.942024230957
-8191,-8191,41,6129.461391210556
-8191,-8191,42,6275.813215255737
-8191,-8191,43,6422.085167646408
-8191,-8191,44,6568.302334785461
-8191,-8191,45,6714.671986818314
-8191,-8191,46,6860.980516433716
-8191,-8191,47,7007.499813079834
-8191,-8191,48,7153.856956720352
-8191,-8191,49,7300.295966625214
-8191,-8191,50,7446.923861503601
-8191,-8191,51,7593.121124505997
-8191,-8191,52,7739.536314487457
-8191,-8191,53,7885.171144247055
-8191,-8191,54,8030.711174964905
-8192,-8192,55,8176.905860900879
-8192,-8192,56,8323.29485297203
-8192,-8192,57,8469.68981385231
-8192,-8192,58,8615.974796295166
-8192,-8192,59,8762.488893985748
-8192,-8192,60,8908.695497274399
-8192,-8192,61,9054.492562055588
-8192,-8192,62,9200.318295001984
-8192,-8192,63,9346.65022444725
-8193,-8193,64,9492.964661359787
-8193,-8193,65,9639.453376054764
-8193,-8193,66,9785.870904922485
-8196,-8196,67,9931.691672325134
-8196,-8196,68,10077.355950593948
-8196,-8196,69,10223.770563840866
-8196,-8196,70,10369.966075658798
-8196,-8196,71,10516.338850021362
-8196,-8196,72,10662.62307047844
-8196,-8196,73,10808.90747141838
-8196,-8196,74,10955.128264188766
-8196,-8196,75,11101.59106683731
-8196,-8196,76,11247.845957756042
-8196,-8196,77,11394.258339166641
-8196,-8196,78,11540.412045240402
-8196,-8196,79,11686.819290876389
-8200,-8200,80,11833.085752725601
-8200,-8200,81,11979.359674215317
-8200,-8200,82,12125.621250629425
-8200,-8200,83,12271.825642108917
-8200,-8200,84,12417.999851703644
-8200,-8200,85,12564.465962648392
-8200,-8200,86,12710.85198521614
-8200,-8200,87,12857.005623102188
-8200,-8200,88,13003.238392829895
-8200,-8200,89,13149.567832708359
-8200,-8200,90,13295.812353134155
-8200,-8200,91,13442.202751874924
-8200,-8200,92,13588.36874961853
-8200,-8200,93,13734.731971263885
-8200,-8200,94,13880.759403944016
-8200,-8200,95,14027.083034992218
-8200,-8200,96,14173.24597287178
-8200,-8200,97,14319.538661718369
-8204,-8204,98,14465.697264671326
-8204,-8204,99,14612.132869958878
-8204,-8204,100,14758.39134311676
-8204,-8204,101,14904.717473745346
-8204,-8204,102,15050.948095083237
-8204,-8204,103,15197.14870595932
-8204,-8204,104,15343.365003108978
-8204,-8204,105,15489.875122070312
-8204,-8204,106,15636.101473808289
-8204,-8204,107,15782.28364109993
-8204,-8204,108,15928.785127162933
-8204,-8204,109,16075.20361161232
-8204,-8204,110,16221.406836986542
-8204,-8204,111,16367.56929063797
-8204,-8204,112,16513.90964436531
-8204,-8204,113,16660.04493021965
-8204,-8204,114,16806.139368772507
-8204,-8204,115,16952.214441537857
-8204,-8204,116,17098.377442359924
-8204,-8204,117,17244.616861581802
-8206,-8206,118,17390.713344573975
-8206,-8206,119,17537.0273001194
-8206,-8206,120,17683.14495897293
-8206,-8206,121,17829.579845905304
-8206,-8206,122,17975.690111398697
-8206,-8206,123,18121.921173095703
-8206,-8206,124,18268.121886730194
-8206,-8206,125,18414.40128350258
-8206,-8206,126,18560.61594748497
-8206,-8206,127,18706.8701236248
-8206,-8206,128,18853.206373929977
-8206,-8206,129,18999.327826738358
-8206,-8206,130,19145.38656616211
-8208,-8208,131,19291.52286338806
-8208,-8208,132,19437.860562562943
-8208,-8208,133,19583.980471372604
-8208,-8208,134,19730.03377532959
-8208,-8208,135,19876.206727027893
-8208,-8208,136,20022.314385414124
-8208,-8208,137,20167.734888076782
-8208,-8208,138,20313.064685821533
-8208,-8208,139,20459.07697558403
-8208,-8208,140,20605.079240083694
-8208,-8208,141,20751.367691516876
-8208,-8208,142,20897.389288187027
-8208,-8208,143,21043.627887248993
-8208,-8208,144,21189.769634246826
-8208,-8208,145,21335.970583200455
-8208,-8208,146,21482.06410598755
-8208,-8208,147,21628.401991844177
-8208,-8208,148,21774.494691371918
-8208,-8208,149,21919.937807798386
-8208,-8208,150,22065.25718832016
-8208,-8208,151,22210.546264886856
-8212,-8212,152,22356.064083576202
-8212,-8212,153,22502.07647252083
-8212,-8212,154,22648.316574811935
-8212,-8212,155,22794.425001621246
-8212,-8212,156,22940.453923225403
-8212,-8212,157,23086.442235708237
-8212,-8212,158,23231.708711862564
-8212,-8212,159,23377.26488137245
-8212,-8212,160,23523.61610198021
-8212,-8212,161,23669.692496061325
-8212,-8212,162,23815.267909526825
-8212,-8212,163,23961.472044467926
-8212,-8212,164,24107.570390701294
-8212,-8212,165,24253.617792129517
-8212,-8212,166,24399.71337723732
-8212,-8212,167,24546.020684957504
-8212,-8212,168,24692.03099179268
-8213,-8213,169,24838.078548192978
-8213,-8212,170,24984.040410995483
-8213,-8212,171,25130.20944595337
-8213,-8212,172,25276.430208444595
-8213,-8212,173,25422.62405180931
-8213,-8212,174,25568.600422143936
-8213,-8212,175,25714.667919397354
-8213,-8212,176,25860.697883605957
-8213,-8212,177,26006.764003038406
-8213,-8212,178,26152.67470884323
-8213,-8212,179,26298.75669360161
-8213,-8212,180,26444.82960176468
-8213,-8212,181,26590.776267290115
-8213,-8213,182,26736.90266609192
-8213,-8212,183,26882.856858491898
-8213,-8212,184,27028.947378635406
-8213,-8212,185,27174.935410261154
-8213,-8213,186,27321.036345243454
-8213,-8213,187,27467.105233192444
-8213,-8213,188,27613.09101986885
-8213,-8212,189,27758.971747636795
-8213,-8212,190,27905.08815717697
-8213,-8212,191,28051.0604865551
-8213,-8212,192,28197.077117919922
-8213,-8212,193,28343.13870716095
-8213,-8213,194,28489.10658812523
-8213,-8212,195,28635.13930439949
-8213,-8213,196,28781.180306196213
-8213,-8212,197,28927.163143634796
-8222,-8222,198,29073.47289276123
-8222,-8222,199,29219.452598571777
-8222,-8222,200,29365.625816583633
-8222,-8222,201,29511.528212070465
-8222,-8222,202,29657.60969376564
-8222,-8222,203,29803.424322366714
-8222,-8222,204,29949.312693834305
-8222,-8222,205,30095.291211605072
-8222,-8222,206,30241.229444503784
-8222,-8222,207,30387.344564676285
-8222,-8222,208,30533.183359146118
-8222,-8222,209,30679.06977033615
-8222,-8222,210,30824.970346450806
-8222,-8222,211,30971.078408956528
-8222,-8222,212,31116.84380340576
-8222,-8222,213,31262.722884893417
-8222,-8222,214,31408.647576093674
-8223,-8223,215,31554.766238689423
-8223,-8222,216,31700.868653535843
-8223,-8222,217,31846.983698368073
-8223,-8222,218,31992.8277258873
-8223,-8222,219,32137.951135635376
-8223,-8222,220,32283.35189795494
-8223,-8222,221,32429.201627492905
-8223,-8222,222,32575.14644432068
-8223,-8222,223,32720.910632133484
-8223,-8222,224,32866.743258953094
-8223,-8222,225,33012.53162264824
-8223,-8222,226,33158.48173737526
-8223,-8222,227,33304.32239198685
-8223,-8222,228,33449.58004260063
-8223,-8222,229,33595.07586336136
-8223,-8222,230,33741.03062367439
-8223,-8223,231,33886.92832875252
-8223,-8222,232,34031.95607423782
-8223,-8222,233,34177.356092453
-8223,-8222,234,34323.34426498413
-8223,-8222,235,34469.18587613106
-8223,-8222,236,34615.118211984634
-8223,-8222,237,34761.06357693672
-8223,-8223,238,34906.82080602646
-8223,-8223,239,35052.458040475845
-8223,-8223,240,35198.47435307503
-8223,-8222,241,35344.2197432518
-8223,-8222,242,35489.84843873978
-8223,-8223,243,35635.76567554474
-8223,-8222,244,35780.94899773598
-8223,-8222,245,35926.278089523315
-8223,-8223,246,36071.95928287506
-8223,-8223,247,36217.58302736282
-8223,-8222,248,36363.22658491135
-8223,-8223,249,36508.85198664665
-8223,-8222,250,36654.66006064415
-8223,-8222,251,36800.34816503525
-8223,-8222,252,36945.484318971634
-8223,-8222,253,37091.30311512947
-8223,-8222,254,37236.597475767136
-8223,-8222,255,37382.38734507561
-8223,-8222,256,37528.27264547348
-8223,-8222,257,37673.94988203049
-8223,-8222,258,37819.54116010666
-8223,-8222,259,37965.10975980759
-8223,-8222,260,38110.9535882473
-8223,-8222,261,38256.61062812805
-8223,-8222,262,38402.44929814339
-8223,-8222,263,38548.237112760544
-8223,-8222,264,38693.31568145752
-8223,-8222,265,38838.94993805885
-8223,-8222,266,38984.72249698639
-8223,-8223,267,39130.386959314346
-8223,-8223,268,39276.097715616226
-8223,-8222,269,39421.704283714294
-8223,-8222,270,39567.28611660004
-8223,-8222,271,39713.39656352997
-8223,-8223,272,39859.25258946419
-8223,-8222,273,40004.919686079025
-8223,-8222,274,40150.76139187813
-8223,-8223,275,40296.51816511154
-8223,-8222,276,40442.40387558937
-8223,-8222,277,40588.03691124916
-8223,-8222,278,40733.75066232681
-8223,-8222,279,40879.28326535225
-8223,-8222,280,41025.17016005516
-8223,-8222,281,41170.912279844284
-8223,-8222,282,41316.55375647545
-8223,-8222,283,41461.90063524246
-8223,-8223,284,41607.602674245834
-8223,-8222,285,41753.16044831276
-8223,-8223,286,41898.95011615753
-8223,-8223,287,42044.564348459244
-8223,-8223,288,42190.35838317871
-8223,-8222,289,42335.942643642426
-8223,-8222,290,42481.0141415596
-8223,-8222,291,42625.86394262314
-8223,-8222,292,42771.50586390495
-8223,-8223,293,42917.03727841377
-8223,-8222,294,43062.61915063858
-8223,-8222,295,43208.31047940254
-8223,-8222,296,43353.9362885952
-8223,-8222,297,43499.59694623947
-8223,-8222,298,43645.253231287
-8223,-8223,299,43790.87461686134
-8223,-8222,300,43936.670308828354
-8223,-8222,301,44082.120971918106
-8223,-8222,302,44227.802927970886
-8223,-8222,303,44373.403878211975
-8223,-8222,304,44518.83299088478
-8223,-8222,305,44664.47108912468
-8223,-8222,306,44810.21568155289
-8223,-8222,307,44955.56381368637
-8223,-8222,308,45101.07593894005
-8223,-8222,309,45246.49466586113
-8223,-8222,310,45392.08380150795
-8223,-8223,311,45537.704639434814
-8223,-8223,312,45683.496352910995
-8223,-8222,313,45828.85570549965
-8223,-8222,314,45974.40877866745
-8223,-8222,315,46119.89932131767
-8223,-8222,316,46265.48996758461
-8223,-8222,317,46410.95336294174
-8223,-8222,318,46556.411663770676
-8223,-8222,319,46701.921864032745
-8223,-8222,320,46847.66926550865
-8223,-8222,321,46993.24622273445
-8223,-8223,322,47138.90261745453
-8223,-8222,323,47284.27469921112
-8223,-8222,324,47429.659138441086
-8223,-8222,325,47575.11508369446
-8223,-8222,326,47720.57799720764
-8223,-8222,327,47866.20937991142
-8223,-8222,328,48011.078478097916
-8223,-8223,329,48155.78396010399
-8223,-8222,330,48301.13130021095
-8223,-8222,331,48446.5236158371
-8223,-8223,332,48592.02425479889
-8223,-8223,333,48737.50031900406
-8223,-8223,334,48882.92088198662
-8223,-8222,335,49028.440574884415
-8223,-8222,336,49173.82689809799
-8223,-8222,337,49319.29054760933
-8223,-8222,338,49464.93949365616
-8223,-8223,339,49610.55140924454
-8223,-8222,340,49756.20653939247
-8223,-8222,341,49901.989532232285
-8223,-8222,342,50047.50798892975
-8223,-8222,343,50193.157497406006
-8223,-8222,344,50338.67443037033
-8223,-8223,345,50483.52676773071
-8223,-8222,346,50628.533277988434
-8223,-8222,347,50774.02483129501
-8223,-8223,348,50919.3720164299
-8223,-8222,349,51064.348628520966
-8223,-8222,350,51209.96519255638
-8223,-8222,351,51355.384071826935
-8223,-8222,352,51500.74303865433
-8223,-8222,353,51646.494023799896
-8223,-8222,354,51792.05407714844
-8223,-8223,355,51937.70332336426
-8223,-8222,356,52083.33500409126
-8223,-8222,357,52228.61675310135
-8223,-8222,358,52374.05084180832
-8223,-8222,359,52519.30148911476
-8223,-8222,360,52664.69005155563
-8223,-8222,361,52810.13530802727
-8223,-8222,362,52955.510073423386
-8223,-8223,363,53101.05581450462
-8223,-8222,364,53246.629732608795
-8223,-8222,365,53392.012890815735
-8223,-8222,366,53537.555322408676
-8223,-8222,367,53682.907814741135
-8223,-8222,368,53828.41794395447
-8223,-8222,369,53973.66886615753
-8223,-8222,370,54119.06371879578
-8223,-8223,371,54264.775557518005
-8223,-8222,372,54410.43319773674
-8223,-8222,373,54555.92942047119
-8223,-8223,374,54701.328139305115
-8223,-8223,375,54846.92891025543
-8223,-8222,376,54992.39353251457
-8223,-8222,377,55137.04728055
-8223,-8222,378,55282.11114478111
-8223,-8222,379,55427.52502155304
-8223,-8222,380,55572.84791493416
-8223,-8222,381,55717.79241490364
-8223,-8223,382,55863.11696958542
-8223,-8222,383,56008.40444993973
-8223,-8222,384,56153.62118148804
-8223,-8223,385,56299.15957713127
-8223,-8223,386,56444.3827559948
-8223,-8222,387,56589.867990493774
-8223,-8222,388,56735.125276088715
-8223,-8222,389,56880.34830713272
-8223,-8223,390,57025.867732048035
-8223,-8222,391,57171.32670927048
-8223,-8222,392,57316.70080399513
-8223,-8222,393,57462.06177401543
-8223,-8223,394,57607.725897312164
-8223,-8222,395,57753.00163912773
-8223,-8222,396,57898.41689491272
-8223,-8222,397,58043.6483373642
-8223,-8222,398,58189.013103961945
-8223,-8222,399,58334.332995414734
-8223,-8222,400,58479.59442663193
-8223,-8222,401,58624.83414530754
-8223,-8222,402,58770.084275484085
-8223,-8222,403,58915.38443684578
-8223,-8222,404,59060.65757775307
-8223,-8222,405,59205.97105669975
-8223,-8222,406,59351.4706428051
-8223,-8222,407,59496.81438112259
-8223,-8222,408,59642.13174247742
-8223,-8222,409,59787.65415287018
-8223,-8222,410,59932.91191768646
-8223,-8222,411,60078.40406823158
-8223,-8222,412,60223.47257614136
-8223,-8222,413,60368.8069961071
-8223,-8222,414,60514.06919169426
-8223,-8222,415,60659.47693276405
-8223,-8222,416,60804.8700094223
-8223,-8222,417,60950.30385184288
-8223,-8222,418,61095.717494010925
-8223,-8222,419,61240.90915799141
-8223,-8222,420,61386.307720184326
-8223,-8222,421,61531.72348690033
-8223,-8222,422,61677.04299855232
-8223,-8222,423,61822.173600673676
-8223,-8222,424,61967.56303310394
-8223,-8222,425,62112.69321870804
-8223,-8222,426,62258.05658388138
-8223,-8222,427,62403.32711291313
-8223,-8223,428,62548.747045993805
-8223,-8222,429,62694.11756443977
-8223,-8222,430,62839.354541778564
-8223,-8222,431,62984.721088171005
-8223,-8223,432,63129.890340805054
-8223,-8222,433,63275.163986206055
-8223,-8222,434,63420.537311553955
-8223,-8222,435,63565.704981565475
-8223,-8223,436,63710.96510910988
-8223,-8222,437,63855.90735936165
-8223,-8222,438,64001.241293907166
-8223,-8222,439,64146.48042869568
-8223,-8222,440,64291.90088200569
-8223,-8222,441,64436.972028017044
-8223,-8222,442,64582.4047293663
-8223,-8222,443,64727.62795639038
-8223,-8222,444,64872.32161998749
-8223,-8223,445,65016.77277517319
-8223,-8222,446,65162.112528800964
-8223,-8222,447,65307.47371840477
-8223,-8222,448,65451.92359948158
-8223,-8222,449,65596.69556164742
-8223,-8222,450,65741.98234438896
-8223,-8222,451,65887.28846430779
-8223,-8222,452,66032.4299235344
-8223,-8222,453,66177.81793808937
-8223,-8223,454,66322.98073506355
-8223,-8222,455,66468.32794857025
-8223,-8222,456,66613.63640809059
-8223,-8222,457,66758.7209854126
-8223,-8222,458,66903.73225903511
-8223,-8222,459,67048.69954371452
-8223,-8223,460,67194.00491690636
-8223,-8222,461,67339.42409420013
-8223,-8222,462,67484.54581570625
-8223,-8223,463,67629.87769961357
-8223,-8223,464,67775.20374941826
-8223,-8222,465,67920.28865623474
-8223,-8222,466,68065.57644224167
-8223,-8222,467,68210.80696797371
-8223,-8222,468,68356.02544808388
-8223,-8222,469,68501.04420089722
-8223,-8222,470,68646.45824813843
-8223,-8222,471,68791.70085263252
-8223,-8222,472,68937.03202462196
-8223,-8222,473,69082.36838626862
-8223,-8222,474,69227.88131141663
-8223,-8222,475,69372.98813772202
-8223,-8222,476,69518.11134147644
-8223,-8222,477,69663.27867555618
-8223,-8222,478,69808.3378841877
-8223,-8222,479,69953.64128565788
-8223,-8222,480,70098.85814976692
-8223,-8222,481,70244.07463431358
-8223,-8222,482,70389.58589625359
-8223,-8222,483,70534.74204826355
-8223,-8222,484,70679.91674900055
-8223,-8222,485,70824.97233629227
-8223,-8223,486,70970.36131620407
-8223,-8222,487,71115.59326124191
-8223,-8223,488,71260.99907588959
-8223,-8222,489,71406.10288333893
-8223,-8222,490,71551.33313369751
-8223,-8222,491,71696.47358226776
-8223,-8223,492,71841.67569589615
-8223,-8222,493,71986.84017825127