
-9464,-9464,0,265.17188596725464
-9494,-9494,1,550.1283943653107
-9526,-9526,2,839.769371509552
-9532,-9532,3,1135.542813539505
-9537,-9537,4,1432.6709611415863
-9557,-9557,5,1731.5054790973663
-9557,-9556,6,2030.7210075855255
-9567,-9567,7,2330.5313019752502
-9570,-9570,8,2630.256096124649
-9575,-9575,9,2929.3411452770233
-9578,-9578,10,3227.2966997623444
-9579,-9579,11,3524.1199040412903
-9581,-9581,12,3819.6737143993378
-9584,-9584,13,4113.830232381821
-9586,-9586,14,4407.240084409714
-9587,-9587,15,4699.620693922043
-9587,-9586,16,4988.552057266235
-9587,-9587,17,5277.403598546982
-9587,-9587,18,5564.857561588287
-9588,-9588,19,5850.650084733963
-9589,-9589,20,6137.509157180786
-9589,-9589,21,6422.29111623764
-9591,-9591,22,6706.572132349014
-9591,-9591,23,6990.480187654495
-9592,-9592,24,7273.467541694641
-9592,-9592,25,7556.244511842728
-9593,-9593,26,7839.151141643524
-9593,-9593,27,8121.16361784935
-9593,-9593,28,8403.060283899307
-9593,-9593,29,8685.280979633331
-9593,-9593,30,8966.55199599266
-9593,-9593,31,9247.74855017662
-9593,-9593,32,9528.82421541214
-9593,-9593,33,9811.015609741211
-9593,-9593,34,10092.714837789536
-9593,-9593,35,10374.099282979965
-9593,-9593,36,10656.297518253326
-9593,-9593,37,10938.460089921951
-9593,-9593,38,11220.03353714943
-9593,-9593,39,11501.69441819191
-9593,-9593,40,11782.995195627213
-9593,-9593,41,12064.563447475433
-9593,-9593,42,12346.213506698608
-9593,-9593,43,12626.8141746521
-9593,-9593,44,12907.492589712143
-9593,-9593,45,13187.001613378525
-9593,-9593,46,13467.760051250458
-9593,-9593,47,13748.5066614151
-9593,-9593,48,14030.119030714035
-9593,-9593,49,14311.232425928116
-9593,-9593,50,14594.254286050797
-9593,-9593,51,14877.44222998619
-9593,-9593,52,15161.198914289474
-9593,-9593,53,15443.853023767471
-9593,-9593,54,15724.413608074188
-9593,-9593,55,16004.164602994919
-9593,-9593,56,16283.50165605545
-9593,-9593,57,16563.253658294678
-9593,-9593,58,16842.99577474594
-9593,-9593,59,17122.835505962372
-9593,-9593,60,17403.132845401764
-9593,-9593,61,17685.657073497772
-9593,-9593,62,17968.04121851921
-9593,-9593,63,18250.062032699585
-9593,-9593,64,18532.979654073715
-9593,-9593,65,18813.85277032852
-9593,-9593,66,19094.723457574844
-9593,-9593,67,19373.93715763092
-9593,-9593,68,19653.981810092926
-9593,-9593,69,19932.92832303047
-9593,-9593,70,20213.08494591713
-9593,-9593,71,20493.139107465744
-9593,-9593,72,20773.651058912277
-9593,-9593,73,21054.424078464508
-9593,-9593,74,21334.84382200241
-9593,-9593,75,21615.902038812637
-9593,-9593,76,21896.910228967667
-9593,-9593,77,22177.499488830566
-9593,-9593,78,22457.36248421669
-9593,-9593,79,22737.329884052277
-9593,-9593,80,23017.81984949112
-9593,-9593,81,23297.326790094376
-9593,-9593,82,23578.019861459732
-9593,-9593,83,23858.088186264038
-9593,-9593,84,24137.887768507004
-9593,-9593,85,24417.529606103897
-9593,-9593,86,24698.162073612213
-9593,-9593,87,24978.973850488663
-9593,-9593,88,25259.166047096252
-9593,-9593,89,25538.64579963684
-9593,-9593,90,25818.525154829025
-9593,-9593,91,26099.48812675476
-9593,-9593,92,26381.91220998764
-9593,-9593,93,26662.908213853836
-9593,-9593,94,26942.3010532856
-9593,-9593,95,27221.818609952927
-9593,-9593,96,27502.308219194412
-9593,-9593,97,27782.59220123291
-9593,-9593,98,28060.880197286606
-9593,-9593,99,28339.17107629776
-9593,-9593,100,28619.698162555695
-9593,-9593,101,28901.571952342987
-9593,-9593,102,29183.390861034393
-9593,-9593,103,29464.64217400551
-9593,-9593,104,29745.28202533722
-9593,-9593,105,30026.214820623398
-9593,-9593,106,30307.805019140244
-9593,-9593,107,30585.98931121826
-9593,-9593,108,30863.548119068146
-9593,-9593,109,31140.986887216568
-9593,-9593,110,31419.148597240448
-9593,-9593,111,31696.50293660164
-9593,-9593,112,31974.057760477066
-9593,-9593,113,32252.71866130829
-9593,-9593,114,32531.82899403572
-9593,-9593,115,32810.44446015358
-9593,-9593,116,33088.333676576614
-9593,-9593,117,33366.239850997925
-9593,-9593,118,33645.44551420212
-9593,-9593,119,33926.16323304176
-9593,-9593,120,34206.98259449005
-9593,-9593,121,34484.95865058899
-9593,-9593,122,34762.254288196564
-9593,-9593,123,35040.73160076141
-9593,-9593,124,35319.60740375519
-9593,-9593,125,35598.46023654938
-9593,-9593,126,35875.658351421356
-9593,-9593,127,36153.158896923065
-9593,-9593,128,36430.33228850365
-9593,-9593,129,36707.889684677124
-9593,-9593,130,36985.59826755524
-9593,-9593,131,37264.749571084976
-9593,-9593,132,37546.26914024353
-9593,-9593,133,37827.061121463776
-9593,-9593,134,38107.02673435211
-9593,-9593,135,38384.432188510895
-9593,-9593,136,38663.19947719574
-9593,-9593,137,38943.23617863655
-9593,-9593,138,39222.49548482895
-9593,-9593,139,39503.02508354187
-9593,-9593,140,39781.55402588844
-9593,-9593,141,40061.441715717316
-9593,-9593,142,40340.21288871765
-9593,-9593,143,40618.291053295135
-9593,-9593,144,40896.59800171852
-9593,-9593,145,41175.07289814949
-9593,-9593,146,41453.401792526245
-9593,-9593,147,41731.730498313904
-9593,-9593,148,42009.90843820572
-9593,-9593,149,42287.73717164993
-9593,-9593,150,42566.29097509384
-9593,-9593,151,42844.768017053604
-9593,-9593,152,43123.84859442711
-9593,-9593,153,43404.33585333824
-9593,-9593,154,43686.16345047951
-9593,-9593,155,43968.13613271713
-9593,-9593,156,44250.59631896019
-9593,-9593,157,44531.13793325424
-9593,-9593,158,44810.611100673676
-9593,-9593,159,45089.72920060158
-9593,-9593,160,45368.54692745209
-9593,-9593,161,45647.18511605263
-9593,-9593,162,45925.75431084633
-9593,-9593,163,46204.51129555702
-9593,-9593,164,46484.04968929291
-9593,-9593,165,46763.84621334076
-9593,-9593,166,47043.73533368111
-9593,-9593,167,47324.85458993912
-9593,-9593,168,47603.15629410744
-9593,-9593,169,47881.276223659515
-9593,-9593,170,48159.65771532059
-9593,-9593,171,48437.96121907234
-9593,-9593,172,48716.11965298653
-9593,-9593,173,48994.316939115524
-9593,-9593,174,49272.271963357925
-9593,-9593,175,49550.17623901367
-9593,-9593,176,49827.91738677025
-9593,-9593,177,50106.95133519173
-9593,-9593,178,50386.695653915405
-9593,-9593,179,50667.784989356995
-9593,-9593,180,50948.330316782
-9593,-9593,181,51225.98914241791
-9593,-9593,182,51503.31476163864
-9593,-9593,183,51780.95712351799
-9593,-9593,184,52058.15332245827
-9593,-9593,185,52336.48122358322
-9593,-9593,186,52613.61415910721
-9593,-9593,187,52891.111827373505
-9593,-9593,188,53168.68832755089
-9593,-9593,189,53445.8754029274
-9593,-9593,190,53722.935797691345
-9593,-9593,191,54000.845244169235
-9593,-9593,192,54279.01105618477
-9593,-9593,193,54558.00250959396
-9593,-9593,194,54836.891964912415
-9593,-9593,195,55116.375985860825
-9593,-9593,196,55393.56904959679
-9593,-9593,197,55670.95587539673
-9593,-9593,198,55948.5063354969
-9593,-9593,199,56225.90119600296
-9593,-9593,200,56503.28578996658
-9593,-9593,201,56780.784024477005
-9593,-9593,202,57058.0041308403
-9593,-9593,203,57335.11659646034
-9593,-9593,204,57612.767817258835
-9593,-9593,205,57890.0871052742
-9593,-9593,206,58167.4592628479
-9593,-9593,207,58444.96917104721
-9593,-9593,208,58722.18961119652
-9593,-9593,209,58999.65088510513
-9593,-9593,210,59277.7412109375
-9593,-9593,211,59555.72657895088
-9593,-9593,212,59833.24060177803
-9593,-9593,213,60110.882900714874
-9593,-9593,214,60388.32624101639
-9593,-9593,215,60666.3185813427
-9593,-9593,216,60944.541491508484
-9593,-9593,217,61222.81789159775
-9593,-9593,218,61500.74782013893
-9593,-9593,219,61778.73460030556
-9593,-9593,220,62056.55853223801
-9593,-9593,221,62334.62561869621
-9593,-9593,222,62612.6533203125
-9593,-9593,223,62890.28905749321
-9593,-9593,224,63167.481308698654
-9593,-9593,225,63445.1750292778
-9593,-9593,226,63722.76165890694
-9593,-9593,227,64000.34775829315
-9593,-9593,228,64277.73449611664
-9593,-9593,229,64557.074035167694
-9593,-9593,230,64834.25704073906
-9593,-9593,231,65111.73194241524
-9593,-9593,232,65389.08094739914
-9593,-9593,233,65666.43348550797
-9593,-9593,234,65943.43581986427
-9593,-9593,235,66221.04550409317
-9593,-9593,236,66497.80657052994
-9593,-9593,237,66775.54541683197
-9593,-9593,238,67052.70629143715
-9593,-9593,239,67329.6923763752
-9593,-9593,240,67606.99517893791
-9593,-9593,241,67884.24149036407
-9593,-9593,242,68161.19982218742
-9593,-9593,243,68438.35821461678
-9593,-9593,244,68715.59860396385
-9593,-9593,245,68995.32030558586
-9593,-9593,246,69274.96664118767
-9593,-9593,247,69552.30564427376
-9593,-9593,248,69829.68307304382
-9593,-9593,249,70107.15401911736
-9593,-9593,250,70384.49603748322
-9593,-9593,251,70661.42341375351
-9593,-9593,252,70938.4243285656
-9593,-9593,253,71215.62377476692
-9593,-9593,254,71492.84897708893
-9593,-9593,255,71769.83881187439
-9593,-9593,256,72046.58857584
-9593,-9593,257,72323.36133146286
-9593,-9593,258,72602.78042316437
-9593,-9593,259,72879.21084594727
-9593,-9593,260,73155.81758069992
-9593,-9593,261,73432.43036365509
-9593,-9593,262,73708.89563941956
-9593,-9593,263,73985.29487228394
-9593,-9593,264,74261.86798524857
-9593,-9593,265,74538.20976638794
-9593,-9593,266,74814.8853237629
-9593,-9593,267,75091.27653121948
-9593,-9593,268,75368.02824449539
-9593,-9593,269,75644.5221631527
-9593,-9593,270,75921.7675318718
-9593,-9593,271,76197.82817864418
-9593,-9593,272,76474.16759109497
-9593,-9593,273,76750.89737057686
-9593,-9593,274,77027.33416724205
-9593,-9593,275,77303.71730065346
-9593,-9593,276,77579.84699392319
-9593,-9593,277,77856.3745162487
-9593,-9593,278,78132.96910023689
-9593,-9593,279,78409.78482198715
-9593,-9593,280,78686.0894844532
-9593,-9593,281,78962.54341197014
-9593,-9593,282,79239.75387215614
-9593,-9593,283,79516.71301603317
-9593,-9593,284,79793.24929022789
-9593,-9593,285,80070.17543101311
-9593,-9593,286,80346.8231754303
-9593,-9593,287,80623.9710392952
-9593,-9593,288,80901.10100626945
-9593,-9593,289,81177.93869996071
-9593,-9593,290,81455.11211442947
-9593,-9593,291,81732.22955036163
-9593,-9593,292,82009.90300559998
-9593,-9593,293,82287.20288205147
-9593,-9593,294,82564.60165143013
-9593,-9593,295,82842.03114628792
-9593,-9593,296,83119.53117537498
-9593,-9593,297,83397.37978410721
-9593,-9593,298,83674.98115634918
-9593,-9593,299,83952.55395889282
-9593,-9593,300,84230.15689754486
-9593,-9593,301,84507.8753182888
-9593,-9593,302,84785.39846491814
-9593,-9593,303,85063.02827000618
-9593,-9593,304,85340.52112960815
-9593,-9593,305,85617.85808634758
-9593,-9593,306,85895.39154744148
-9593,-9593,307,86172.80521440506