
-9465,-9465,0,265.6148703098297
-9497,-9497,1,551.1221642494202
-9515,-9515,2,841.0579648017883
-9538,-9538,3,1137.1660649776459
-9541,-9541,4,1435.142013311386
-9548,-9548,5,1734.1768572330475
-9560,-9560,6,2034.503668308258
-9565,-9565,7,2334.864087820053
-9568,-9568,8,2634.701843738556
-9574,-9574,9,2934.1919078826904
-9574,-9574,10,3232.8017344474792
-9581,-9581,11,3530.2426569461823
-9581,-9581,12,3826.7347581386566
-9584,-9584,13,4122.188991069794
-9585,-9585,14,4416.725960969925
-9585,-9585,15,4709.358285188675
-9586,-9586,16,4999.585267066956
-9589,-9589,17,5288.96607708931
-9590,-9590,18,5577.053134202957
-9591,-9591,19,5862.786648035049
-9592,-9592,20,6148.014111995697
-9592,-9592,21,6431.068074941635
-9592,-9592,22,6714.615176200867
-9592,-9592,23,6998.189070940018
-9592,-9592,24,7281.320355892181
-9592,-9592,25,7563.63467001915
-9592,-9592,26,7847.193492412567
-9592,-9592,27,8128.963316440582
-9592,-9592,28,8410.66587638855
-9592,-9592,29,8691.413509368896
-9592,-9592,30,8974.522401571274
-9592,-9592,31,9257.478952646255
-9593,-9593,32,9539.308082342148
-9593,-9593,33,9820.786078691483
-9593,-9593,34,10102.54078745842
-9593,-9593,35,10383.028269529343
-9593,-9593,36,10662.74642443657
-9593,-9593,37,10941.880196809769
-9593,-9593,38,11221.853766441345
-9593,-9593,39,11502.507484912872
-9593,-9593,40,11785.264659643173
-9593,-9593,41,12062.828956127167
-9593,-9593,42,12341.297765493393
-9593,-9593,43,12618.924367427826
-9593,-9593,44,12896.365649700165
-9593,-9593,45,13172.784049987793
-9593,-9593,46,13450.806949853897
-9593,-9593,47,13729.062476873398
-9593,-9593,48,14006.926846504211
-9593,-9593,49,14284.191247701645
-9593,-9593,50,14562.562715768814
-9593,-9593,51,14838.956328392029
-9593,-9593,52,15114.89938879013
-9593,-9593,53,15392.681918382645
-9593,-9593,54,15668.778238534927
-9593,-9593,55,15946.131850242615
-9593,-9593,56,16221.922576665878
-9593,-9593,57,16497.96866583824
-9593,-9593,58,16777.752727746964
-9593,-9593,59,17053.729821443558
-9593,-9593,60,17329.838452100754
-9593,-9593,61,17605.548542261124
-9593,-9593,62,17881.674026489258
-9593,-9593,63,18159.740121603012
-9593,-9593,64,18435.471879959106
-9593,-9593,65,18711.317187309265
-9593,-9593,66,18988.130975723267
-9593,-9593,67,19264.7613093853
-9593,-9593,68,19540.324484586716
-9593,-9593,69,19817.773623228073
-9593,-9593,70,20093.827864408493
-9593,-9593,71,20369.571554899216
-9593,-9593,72,20645.79073548317
-9593,-9593,73,20919.63500738144
-9593,-9593,74,21193.58073091507
-9593,-9593,75,21467.212975025177
-9593,-9593,76,21740.800133943558
-9593,-9593,77,22014.569283246994
-9593,-9593,78,22288.183720588684
-9593,-9593,79,22561.998072862625
-9593,-9593,80,22835.461292028427
-9593,-9593,81,23109.332383155823
-9593,-9593,82,23382.548406362534
-9593,-9593,83,23655.821966409683
-9593,-9593,84,23929.145414829254
-9593,-9593,85,24202.450679540634
-9593,-9593,86,24475.854768037796
-9593,-9593,87,24749.187536478043
-9593,-9593,88,25022.466508865356
-9593,-9593,89,25295.913113594055
-9593,-9593,90,25569.27218389511
-9593,-9593,91,25842.68662428856
-9593,-9593,92,26116.09391260147
-9593,-9593,93,26389.48913168907
-9593,-9593,94,26662.809101104736
-9593,-9593,95,26936.276408195496
-9593,-9593,96,27209.62120103836
-9593,-9593,97,27483.054174661636
-9593,-9593,98,27756.306304693222
-9593,-9593,99,28029.772255420685
-9593,-9593,100,28303.17905855179
-9593,-9593,101,28576.631617307663
-9593,-9593,102,28849.99603843689
-9593,-9593,103,29123.24534535408
-9593,-9593,104,29396.49970126152
-9593,-9593,105,29669.816215753555
-9593,-9593,106,29943.125430345535
-9593,-9593,107,30216.391189336777
-9593,-9593,108,30489.704578876495
-9593,-9593,109,30762.908686876297
-9593,-9593,110,31036.18229007721
-9593,-9593,111,31309.6082136631
-9593,-9593,112,31582.89579486847
-9593,-9593,113,31856.258348703384
-9593,-9593,114,32129.4959628582
-9593,-9593,115,32402.749139785767
-9593,-9593,116,32676.01525902748
-9593,-9593,117,32949.26951956749
-9593,-9593,118,33222.527707099915
-9593,-9593,119,33495.75911784172
-9593,-9593,120,33769.0278673172
-9593,-9593,121,34042.29759860039
-9593,-9593,122,34315.56788730621
-9593,-9593,123,34588.8985786438
-9593,-9593,124,34862.1662569046
-9593,-9593,125,35135.36054825783
-9593,-9593,126,35408.67951416969
-9593,-9593,127,35681.94342470169
-9593,-9593,128,35955.210943460464
-9593,-9593,129,36228.44180417061
-9593,-9593,130,36501.74988245964
-9593,-9593,131,36775.05105185509
-9593,-9593,132,37048.258687496185
-9593,-9593,133,37321.38705825806
-9593,-9593,134,37594.652509212494
-9593,-9593,135,37867.89647102356
-9593,-9593,136,38141.16564440727
-9593,-9593,137,38414.375282526016
-9593,-9593,138,38687.59289598465
-9593,-9593,139,38960.75928092003
-9593,-9593,140,39233.92405962944
-9593,-9593,141,39507.068274736404
-9593,-9593,142,39780.17798733711
-9593,-9593,143,40053.48004126549
-9593,-9593,144,40326.69213652611
-9593,-9593,145,40599.88117527962
-9593,-9593,146,40873.15421509743
-9593,-9593,147,41146.29239487648
-9593,-9593,148,41419.44208073616
-9593,-9593,149,41692.6469335556
-9593,-9593,150,41965.83573150635
-9593,-9593,151,42238.92815899849
-9593,-9593,152,42512.08228778839
-9593,-9593,153,42785.32871389389
-9593,-9593,154,43058.532121658325
-9593,-9593,155,43331.754084825516
-9593,-9593,156,43604.9278151989
-9593,-9593,157,43878.35198378563
-9593,-9593,158,44151.6737511158
-9593,-9593,159,44425.30147743225
-9593,-9593,160,44698.63717484474
-9593,-9593,161,44972.33904337883
-9593,-9593,162,45245.76151752472
-9593,-9593,163,45519.3887553215
-9593,-9593,164,45793.320375204086
-9593,-9593,165,46066.87975072861
-9593,-9593,166,46340.35434770584
-9593,-9593,167,46613.967500925064
-9593,-9593,168,46887.452582359314
-9593,-9593,169,47161.44539809227
-9593,-9593,170,47435.70078873634
-9593,-9593,171,47709.40255045891
-9593,-9593,172,47983.24317741394
-9593,-9593,173,48257.04553246498
-9593,-9593,174,48530.49474930763
-9593,-9593,175,48803.85600352287
-9593,-9593,176,49077.282363176346
-9593,-9593,177,49351.164227724075
-9593,-9593,178,49625.019541502
-9593,-9593,179,49899.071528196335
-9593,-9593,180,50173.05604124069
-9593,-9593,181,50447.019026994705
-9593,-9593,182,50721.257236242294
-9593,-9593,183,50995.213222026825
-9593,-9593,184,51269.15878224373
-9593,-9593,185,51543.23915743828
-9593,-9593,186,51817.26376128197
-9593,-9593,187,52091.22524690628
-9593,-9593,188,52365.22293114662
-9593,-9593,189,52639.33920049667
-9593,-9593,190,52913.43509244919
-9593,-9593,191,53187.795490026474
-9593,-9593,192,53462.25514984131
-9593,-9593,193,53736.60782504082
-9593,-9593,194,54010.95610332489
-9593,-9593,195,54285.205549001694
-9593,-9593,196,54559.40123176575
-9593,-9593,197,54833.77417731285
-9593,-9593,198,55108.194640398026
-9593,-9593,199,55382.81173467636
-9593,-9593,200,55657.18663406372
-9593,-9593,201,55931.440896987915
-9593,-9593,202,56205.78735208511
-9593,-9593,203,56480.10526514053
-9593,-9593,204,56754.33397269249
-9593,-9593,205,57028.237486600876
-9593,-9593,206,57302.22632908821
-9593,-9593,207,57576.280625104904
-9593,-9593,208,57850.1218752861
-9593,-9593,209,58124.02424478531
-9593,-9593,210,58397.872737407684
-9593,-9593,211,58671.87016224861
-9593,-9593,212,58945.87360429764
-9593,-9593,213,59219.86672258377
-9593,-9593,214,59493.765036821365
-9593,-9593,215,59767.64235854149
-9593,-9593,216,60041.51535153389
-9593,-9593,217,60315.56129837036
-9593,-9593,218,60589.475362062454
-9593,-9593,219,60863.424352645874
-9593,-9593,220,61137.528832912445
-9593,-9593,221,61411.61313176155
-9593,-9593,222,61686.16222023964
-9593,-9593,223,61960.00453042984
-9593,-9593,224,62234.317460775375
-9593,-9593,225,62508.3223862648
-9593,-9593,226,62782.746817827225
-9593,-9593,227,63057.148978471756
-9593,-9593,228,63331.667417764664
-9593,-9593,229,63605.93528628349
-9593,-9593,230,63880.274295568466
-9593,-9593,231,64154.90408015251
-9593,-9593,232,64429.406641960144
-9593,-9593,233,64703.74496388435
-9593,-9593,234,64978.20888018608
-9593,-9593,235,65252.73558163643
-9593,-9593,236,65527.187109708786
-9593,-9593,237,65801.69190478325
-9593,-9593,238,66076.20587134361
-9593,-9593,239,66350.87809610367
-9593,-9593,240,66625.32355809212
-9593,-9593,241,66899.71797990799
-9593,-9593,242,67174.21471238136
-9593,-9593,243,67448.8109588623
-9593,-9593,244,67723.31027388573
-9593,-9593,245,67997.80743718147
-9593,-9593,246,68272.3913257122
-9593,-9593,247,68547.10866332054
-9593,-9593,248,68821.72644424438
-9593,-9593,249,69096.26795578003
-9593,-9593,250,69370.74000549316
-9593,-9593,251,69645.36302566528
-9593,-9593,252,69919.61096405983
-9593,-9593,253,70194.13147854805
-9593,-9593,254,70468.18070578575
-9593,-9593,255,70742.15678429604
-9593,-9593,256,71016.26667881012
-9593,-9593,257,71290.36124515533
-9593,-9593,258,71564.4951608181
-9593,-9593,259,71838.70062112808
-9593,-9593,260,72112.70891785622
-9593,-9593,261,72387.1497182846
-9593,-9593,262,72661.44709849358
-9593,-9593,263,72935.50215172768
-9593,-9593,264,73209.55254507065
-9593,-9593,265,73483.49036741257
-9593,-9593,266,73758.01685857773
-9593,-9593,267,74032.58928990364
-9593,-9593,268,74307.11412668228
-9593,-9593,269,74581.51510357857
-9593,-9593,270,74855.7781033516
-9593,-9593,271,75130.12726259232
-9593,-9593,272,75404.55602502823
-9593,-9593,273,75678.9040851593
-9593,-9593,274,75953.64674949646
-9593,-9593,275,76228.09696269035
-9593,-9593,276,76502.03975129128
-9593,-9593,277,76776.10990428925
-9593,-9593,278,77050.34002065659
-9593,-9593,279,77324.32863903046
-9593,-9593,280,77598.43805575371
-9593,-9593,281,77872.95403456688
-9593,-9593,282,78147.37145733833
-9593,-9593,283,78421.37018322945
-9593,-9593,284,78695.9052491188
-9593,-9593,285,78970.42284154892
-9593,-9593,286,79244.93796896935
-9593,-9593,287,79519.31340909004
-9593,-9593,288,79793.4449994564
-9593,-9593,289,80067.9078783989
-9593,-9593,290,80342.53030323982
-9593,-9593,291,80617.1378273964
-9593,-9593,292,80891.83022713661
-9593,-9593,293,81166.31081986427
-9593,-9593,294,81440.54671049118
-9593,-9593,295,81715.23514175415
-9593,-9593,296,81989.31654596329
-9593,-9593,297,82263.9152803421
-9593,-9593,298,82538.64626955986
-9593,-9593,299,82813.28821706772
-9593,-9593,300,83087.63825559616
-9593,-9593,301,83362.36975383759
-9593,-9593,302,83636.54625201225
-9593,-9593,303,83911.15819835663
-9593,-9593,304,84185.66208028793
-9593,-9593,305,84460.16971254349
-9593,-9593,306,84734.23402810097
-9593,-9593,307,85008.81698346138
-9593,-9593,308,85282.99096012115
-9593,-9593,309,85557.92857646942
-9593,-9593,310,85832.2396941185
-9593,-9593,311,86107.03475213051