
-5686,-5686,0,323.24955320358276
-5716,-5716,1,656.3761539459229
-5739,-5739,2,989.2504825592041
-5745,-5745,3,1325.0548856258392
-5753,-5753,4,1660.388239145279
-5764,-5764,5,1994.955270767212
-5764,-5763,6,2328.841150999069
-5770,-5770,7,2662.0944209098816
-5773,-5773,8,2993.9357120990753
-5773,-5771,9,3324.9208188056946
-5779,-5779,10,3654.3942363262177
-5779,-5775,11,3980.6148703098297
-5780,-5780,12,4301.840396642685
-5783,-5783,13,4618.662211179733
-5786,-5786,14,4932.014080047607
-5786,-5786,15,5243.995513916016
-5786,-5786,16,5553.941047906876
-5787,-5787,17,5864.402841091156
-5788,-5788,18,6175.400611400604
-5788,-5788,19,6487.572622060776
-5789,-5789,20,6799.776104211807
-5789,-5789,21,7111.437119245529
-5789,-5789,22,7423.893505811691
-5790,-5790,23,7736.136452674866
-5790,-5787,24,8048.672442913055
-5790,-5789,25,8361.381258249283
-5790,-5788,26,8674.348272800446
-5790,-5789,27,8987.698320388794
-5790,-5789,28,9301.290227890015
-5790,-5789,29,9614.233380794525
-5790,-5790,30,9927.300343513489
-5791,-5791,31,10241.07590174675
-5791,-5790,32,10555.194031238556
-5791,-5790,33,10868.809565544128
-5791,-5789,34,11181.885731458664
-5791,-5791,35,11496.284992694855
-5791,-5790,36,11810.805836677551
-5791,-5789,37,12125.055267810822
-5791,-5791,38,12438.79903101921
-5791,-5789,39,12753.238924980164
-5791,-5790,40,13067.619985342026
-5791,-5791,41,13381.523443698883
-5791,-5790,42,13695.941802501678
-5791,-5790,43,14009.697432994843
-5791,-5791,44,14324.214484453201
-5791,-5790,45,14638.033512115479
-5791,-5791,46,14952.222963094711
-5791,-5791,47,15266.049573659897
-5791,-5790,48,15580.452490091324
-5791,-5790,49,15894.132044792175
-5791,-5790,50,16208.299150466919
-5791,-5790,51,16522.376000881195
-5791,-5791,52,16836.400322437286
-5792,-5792,53,17150.332006692886
-5792,-5791,54,17464.17723250389
-5792,-5791,55,17777.781214237213
-5792,-5792,56,18091.141775131226
-5794,-5794,57,18404.471595287323
-5794,-5792,58,18717.441170454025
-5794,-5791,59,19030.659367084503
-5794,-5792,60,19344.04883170128
-5794,-5792,61,19657.515196800232
-5794,-5791,62,19971.109794139862
-5794,-5792,63,20284.745418071747
-5794,-5792,64,20598.124883413315
-5794,-5793,65,20911.263122797012
-5794,-5792,66,21225.042155742645
-5794,-5793,67,21539.61810040474
-5794,-5792,68,21852.777564287186
-5794,-5793,69,22166.43901205063
-5794,-5792,70,22480.708226442337
-5794,-5792,71,22794.873361825943
-5794,-5792,72,23108.608718156815
-5794,-5793,73,23422.62191104889
-5794,-5792,74,23736.950420618057
-5794,-5792,75,24051.300981760025
-5794,-5793,76,24365.628573656082
-5794,-5792,77,24680.146616458893
-5794,-5793,78,24994.081877470016
-5794,-5793,79,25307.73231458664
-5794,-5793,80,25621.839923858643
-5794,-5792,81,25935.49873495102
-5794,-5792,82,26249.329328775406
-5794,-5793,83,26563.51408958435
-5794,-5792,84,26877.792818069458
-5794,-5793,85,27191.684539318085
-5794,-5792,86,27506.043617010117
-5794,-5793,87,27820.07784461975
-5794,-5793,88,28134.042734384537
-5794,-5793,89,28448.51540517807
-5794,-5792,90,28762.585975170135
-5794,-5793,91,29076.759912252426
-5794,-5792,92,29391.26380777359
-5794,-5793,93,29705.668936252594
-5794,-5794,94,30019.64924311638
-5794,-5793,95,30334.060362815857
-5794,-5793,96,30648.6913022995
-5794,-5794,97,30963.245369672775
-5794,-5794,98,31277.469286441803
-5794,-5793,99,31591.634967803955
-5794,-5793,100,31906.124025821686
-5794,-5794,101,32220.740211963654
-5794,-5793,102,32535.033202409744
-5794,-5793,103,32849.91651511192
-5794,-5794,104,33164.79024910927
-5794,-5794,105,33479.42622375488
-5794,-5793,106,33793.56898713112
-5794,-5793,107,34107.89959692955
-5794,-5794,108,34422.33422112465
-5794,-5793,109,34736.977382183075
-5794,-5794,110,35051.49988293648
-5794,-5794,111,35365.99759554863
-5794,-5794,112,35680.74350786209
-5794,-5794,113,35995.40815138817
-5794,-5794,114,36310.18310022354
-5794,-5793,115,36624.93608403206
-5794,-5794,116,36939.553272247314
-5794,-5793,117,37254.14970731735
-5794,-5794,118,37568.900854587555
-5794,-5793,119,37883.460408210754
-5794,-5793,120,38198.11134648323
-5794,-5793,121,38512.77554178238
-5795,-5795,122,38827.090616226196
-5795,-5793,123,39141.90536856651
-5795,-5794,124,39456.72270965576
-5795,-5794,125,39771.428713321686
-5795,-5794,126,40085.562442064285
-5795,-5794,127,40399.750935316086
-5795,-5794,128,40713.95308685303
-5795,-5794,129,41028.99249911308
-5795,-5794,130,41343.91151404381
-5795,-5794,131,41658.21367383003
-5795,-5793,132,41972.78480243683
-5795,-5794,133,42287.846714019775
-5795,-5794,134,42602.621185302734
-5795,-5794,135,42917.60243964195
-5795,-5793,136,43232.52829384804
-5795,-5794,137,43547.464859485626
-5795,-5794,138,43862.88058400154
-5795,-5794,139,44177.99272608757
-5795,-5793,140,44493.27835941315
-5795,-5794,141,44808.39681005478
-5795,-5794,142,45123.380583286285
-5795,-5795,143,45438.797218322754
-5795,-5794,144,45754.02868437767
-5795,-5794,145,46069.00559878349
-5795,-5795,146,46384.11224937439
-5795,-5794,147,46699.3513174057
-5795,-5794,148,47014.573140859604
-5795,-5794,149,47329.5638115406
-5795,-5795,150,47644.33541107178
-5795,-5794,151,47958.862619161606
-5795,-5793,152,48273.58624410629
-5795,-5794,153,48588.529490709305
-5795,-5794,154,48903.670113801956
-5795,-5794,155,49218.88008356094
-5795,-5794,156,49533.87989592552
-5795,-5794,157,49848.76211190224
-5795,-5794,158,50163.4763879776
-5795,-5794,159,50478.553386211395
-5795,-5794,160,50793.536365032196
-5795,-5794,161,51108.604397296906
-5795,-5793,162,51423.96545815468
-5795,-5794,163,51739.4308860302
-5795,-5794,164,52054.76530241966
-5795,-5793,165,52370.21558046341
-5795,-5794,166,52685.221049785614
-5795,-5794,167,53000.39233803749
-5795,-5794,168,53315.69290423393
-5795,-5794,169,53630.97420287132
-5795,-5794,170,53946.196967601776
-5795,-5794,171,54261.37327837944
-5795,-5794,172,54576.51704573631
-5795,-5794,173,54891.30246067047
-5795,-5794,174,55206.66535401344
-5795,-5794,175,55521.89327263832
-5795,-5795,176,55837.467681884766
-5795,-5794,177,56152.50040102005
-5795,-5794,178,56467.912855148315
-5795,-5795,179,56783.32712960243
-5795,-5794,180,57098.42501735687
-5795,-5794,181,57413.145231962204
-5795,-5794,182,57728.235266685486
-5795,-5794,183,58042.175199747086
-5795,-5794,184,58356.646971702576
-5795,-5795,185,58671.56514239311
-5795,-5795,186,58986.782854795456
-5795,-5793,187,59301.020775556564
-5795,-5794,188,59615.60019135475
-5795,-5794,189,59930.748465538025
-5795,-5794,190,60245.883340358734
-5795,-5794,191,60561.10015773773
-5795,-5794,192,60876.42609548569
-5795,-5794,193,61192.093977451324
-5795,-5794,194,61507.561322927475
-5795,-5794,195,61822.56016397476
-5795,-5794,196,62136.93133473396
-5795,-5794,197,62452.0432806015
-5795,-5794,198,62767.27139925957
-5795,-5794,199,63082.40816903114
-5795,-5795,200,63397.13434100151
-5795,-5795,201,63712.72516608238
-5795,-5795,202,64027.81028342247
-5796,-5796,203,64343.04405474663
-5796,-5795,204,64658.23632359505
-5796,-5794,205,64972.806802749634
-5796,-5795,206,65287.9980199337
-5796,-5794,207,65603.21725487709
-5796,-5794,208,65918.39312696457
-5796,-5794,209,66233.40030837059
-5796,-5794,210,66549.03793048859
-5796,-5794,211,66864.22274255753
-5796,-5795,212,67179.32909941673
-5796,-5794,213,67494.47022104263
-5796,-5795,214,67809.72539782524
-5796,-5795,215,68125.30103969574
-5796,-5795,216,68441.15507817268
-5796,-5795,217,68756.45240354538
-5796,-5794,218,69071.96530985832
-5796,-5794,219,69387.17049884796
-5796,-5794,220,69702.23636388779
-5796,-5794,221,70017.37068986893
-5796,-5794,222,70332.3343937397
-5796,-5794,223,70647.8953666687
-5796,-5795,224,70963.17190289497
-5796,-5794,225,71278.4074780941
-5796,-5794,226,71593.45582556725
-5796,-5794,227,71908.60912299156
-5796,-5794,228,72224.01024389267
-5796,-5794,229,72539.34618020058
-5796,-5794,230,72854.52392077446
-5796,-5795,231,73170.33590507507
-5796,-5795,232,73485.88803458214
-5796,-5795,233,73801.41939496994
-5796,-5795,234,74116.97933077812
-5796,-5795,235,74432.8903002739
-5796,-5795,236,74748.30861783028
-5796,-5794,237,75064.01326274872
-5796,-5794,238,75379.51086616516
-5796,-5795,239,75695.0606701374
-5796,-5794,240,76010.55251145363
-5796,-5794,241,76325.88608288765
-5796,-5795,242,76641.3234410286
-5796,-5794,243,76955.76221561432
-5796,-5794,244,77270.49849963188
-5796,-5794,245,77585.92397046089
-5796,-5796,246,77901.56442523003
-5796,-5794,247,78216.89679956436
-5796,-5794,248,78532.61161494255
-5796,-5795,249,78848.09957456589
-5796,-5795,250,79163.56535935402
-5796,-5794,251,79479.02496004105
-5796,-5795,252,79794.78391766548
-5796,-5795,253,80110.33999419212
-5796,-5795,254,80426.01828956604
-5796,-5794,255,80741.89128899574
-5796,-5795,256,81057.74068689346
-5796,-5795,257,81373.11158823967
-5796,-5795,258,81688.53358244896
-5796,-5794,259,82004.18089914322
-5796,-5794,260,82320.08158946037
-5796,-5795,261,82635.63899922371
-5796,-5794,262,82951.41099381447
-5796,-5794,263,83267.5409591198
-5796,-5795,264,83583.16793060303
-5796,-5795,265,83898.92385721207
-5796,-5794,266,84214.66319918633
-5796,-5794,267,84530.34425711632
-5796,-5795,268,84845.91771888733
-5796,-5795,269,85161.15788292885
-5796,-5794,270,85476.64450573921
-5796,-5794,271,85792.80074214935
-5796,-5795,272,86108.4355032444