
-18991,-18991,0,91.00811219215393
-19055,-19055,1,208.96386456489563
-19083,-19083,2,324.4453704357147
-19096,-19096,3,443.4446506500244
-19117,-19117,4,561.3360176086426
-19130,-19130,5,679.0321192741394
-19145,-19145,6,796.0649864673615
-19153,-19153,7,912.5475807189941
-19167,-19167,8,1028.3929362297058
-19175,-19175,9,1143.433114528656
-19182,-19182,10,1257.758472919464
-19183,-19183,11,1371.372981786728
-19191,-19191,12,1483.9029231071472
-19196,-19196,13,1595.7409117221832
-19200,-19200,14,1707.4760332107544
-19204,-19204,15,1818.6837475299835
-19207,-19207,16,1930.0564637184143
-19208,-19208,17,2040.9874954223633
-19213,-19213,18,2152.3630747795105
-19214,-19214,19,2263.414346933365
-19219,-19219,20,2374.330741405487
-19224,-19224,21,2485.236981153488
-19226,-19226,22,2596.713947534561
-19228,-19228,23,2707.713318824768
-19231,-19231,24,2818.7679216861725
-19234,-19234,25,2929.651068210602
-19235,-19235,26,3041.0330064296722
-19238,-19238,27,3152.423555135727
-19241,-19241,28,3263.9305613040924
-19241,-19241,29,3376.207055568695
-19242,-19242,30,3488.0207829475403
-19242,-19242,31,3599.8153908252716
-19244,-19244,32,3712.0989406108856
-19244,-19244,33,3824.237356185913
-19244,-19244,34,3936.477307319641
-19244,-19244,35,4048.7110075950623
-19244,-19244,36,4160.58883023262
-19244,-19244,37,4272.690313339233
-19244,-19244,38,4384.453459739685
-19244,-19244,39,4496.23276758194
-19244,-19244,40,4608.323406457901
-19244,-19244,41,4720.308099746704
-19244,-19244,42,4831.889793395996
-19245,-19245,43,4943.6720271110535
-19245,-19245,44,5055.497405052185
-19245,-19245,45,5167.258850574493
-19245,-19245,46,5279.1325941085815
-19246,-19246,47,5391.025738477707
-19246,-19246,48,5503.163626909256
-19246,-19246,49,5615.256952047348
-19246,-19246,50,5727.487186670303
-19246,-19246,51,5839.820433139801
-19247,-19247,52,5951.936760187149
-19247,-19247,53,6064.177335262299
-19248,-19248,54,6176.3369154930115
-19248,-19248,55,6288.723315954208
-19249,-19249,56,6401.180789470673
-19250,-19250,57,6513.474966049194
-19250,-19250,58,6626.161421537399
-19250,-19250,59,6738.373625040054
-19250,-19250,60,6850.647416591644
-19250,-19250,61,6963.466960191727
-19250,-19250,62,7076.270702838898
-19250,-19250,63,7188.518381595612
-19251,-19251,64,7301.253696203232
-19251,-19251,65,7413.929400682449
-19251,-19251,66,7527.028120279312
-19251,-19251,67,7639.542598247528
-19251,-19251,68,7752.08477139473
-19251,-19251,69,7865.037709474564
-19251,-19251,70,7977.988883018494
-19251,-19251,71,8091.363039493561
-19251,-19251,72,8204.517416238785
-19251,-19251,73,8317.580547571182
-19252,-19252,74,8430.739863157272
-19252,-19252,75,8544.027717590332
-19252,-19252,76,8656.94955253601
-19252,-19252,77,8770.03969502449
-19252,-19252,78,8883.235634088516
-19252,-19252,79,8996.401678562164
-19252,-19252,80,9109.57274055481
-19252,-19252,81,9222.718351125717
-19252,-19252,82,9335.966453790665
-19252,-19252,83,9449.171412944794
-19253,-19253,84,9562.609558820724
-19253,-19253,85,9675.87575507164
-19253,-19253,86,9789.612442016602
-19253,-19253,87,9903.242327451706
-19254,-19254,88,10016.710953474045
-19255,-19255,89,10130.145515918732
-19255,-19255,90,10243.854457616806
-19255,-19255,91,10357.277683258057
-19256,-19256,92,10470.756437063217
-19256,-19256,93,10584.183229923248
-19257,-19257,94,10697.796650409698
-19257,-19257,95,10811.08948469162
-19257,-19257,96,10924.68761587143
-19257,-19257,97,11038.230988740921
-19257,-19257,98,11151.702703475952
-19257,-19257,99,11265.105390548706
-19257,-19257,100,11378.64339852333
-19257,-19257,101,11492.291805744171
-19257,-19257,102,11605.829536437988
-19257,-19257,103,11719.275264978409
-19257,-19257,104,11832.855414390564
-19257,-19257,105,11946.231503248215
-19257,-19257,106,12059.983167648315
-19257,-19257,107,12173.70231795311
-19257,-19257,108,12287.42078924179
-19258,-19258,109,12401.06495833397
-19258,-19258,110,12514.952831745148
-19258,-19258,111,12628.530456066132
-19258,-19258,112,12742.336118221283
-19258,-19258,113,12856.196623563766
-19258,-19258,114,12970.099128246307
-19258,-19258,115,13083.82848739624
-19258,-19258,116,13197.558938503265
-19258,-19258,117,13311.261736631393
-19258,-19258,118,13425.234388828278
-19258,-19258,119,13538.921644210815
-19258,-19258,120,13652.81224489212
-19258,-19258,121,13766.403309345245
-19258,-19258,122,13880.149012804031
-19260,-19260,123,13993.712968587875
-19260,-19260,124,14107.222200632095
-19260,-19260,125,14221.034948348999
-19260,-19260,126,14334.646476507187
-19260,-19260,127,14448.55999326706
-19260,-19260,128,14562.091480493546
-19260,-19260,129,14675.541679143906
-19260,-19260,130,14789.36704325676
-19260,-19260,131,14903.243205547333
-19260,-19260,132,15016.975660085678
-19260,-19260,133,15130.837753295898
-19260,-19260,134,15244.823893785477
-19260,-19260,135,15358.665165185928
-19260,-19260,136,15472.603566884995
-19260,-19260,137,15586.437239646912
-19260,-19260,138,15700.121615409851
-19260,-19260,139,15814.203896284103
-19261,-19261,140,15927.947079896927
-19261,-19261,141,16041.669982910156
-19261,-19261,142,16155.642869472504
-19261,-19261,143,16269.279506921768
-19261,-19261,144,16383.109861135483
-19261,-19261,145,16496.904394865036
-19261,-19261,146,16610.62986278534
-19261,-19261,147,16724.35909676552
-19261,-19261,148,16838.068239927292
-19261,-19261,149,16951.79870247841
-19261,-19261,150,17065.83358693123
-19261,-19261,151,17179.526807308197
-19261,-19261,152,17293.15445137024
-19261,-19261,153,17406.63733935356
-19261,-19261,154,17520.71823143959
-19261,-19261,155,17634.2870657444
-19261,-19261,156,17747.93557548523
-19261,-19261,157,17861.693328142166
-19261,-19261,158,17975.37629055977
-19261,-19261,159,18088.96270442009
-19261,-19261,160,18202.611585855484
-19261,-19261,161,18316.527245283127
-19261,-19261,162,18430.339276075363
-19261,-19261,163,18544.19033408165
-19261,-19261,164,18658.030299186707
-19261,-19261,165,18771.77437710762
-19263,-19263,166,18885.60493183136
-19263,-19263,167,18999.180899381638
-19263,-19263,168,19112.874440908432
-19263,-19263,169,19226.547075033188
-19263,-19263,170,19340.13906264305
-19264,-19264,171,19453.971487522125
-19264,-19264,172,19567.832297086716
-19264,-19264,173,19681.648407936096
-19264,-19264,174,19795.560064792633
-19264,-19264,175,19909.03807401657
-19264,-19264,176,20023.055997610092
-19264,-19264,177,20136.827133655548
-19264,-19264,178,20250.542721033096
-19264,-19264,179,20364.346776008606
-19264,-19264,180,20478.010305404663
-19264,-19264,181,20591.824141025543
-19264,-19264,182,20705.604206562042
-19264,-19264,183,20819.501770973206
-19264,-19264,184,20933.08092212677
-19264,-19264,185,21046.963466644287
-19264,-19264,186,21161.00487446785
-19264,-19264,187,21275.003123521805
-19264,-19264,188,21388.96567749977
-19264,-19264,189,21502.767865657806
-19264,-19264,190,21616.56216955185
-19264,-19264,191,21730.35917544365
-19264,-19264,192,21844.076043128967
-19264,-19264,193,21957.727698802948
-19264,-19264,194,22071.408210992813
-19264,-19264,195,22185.071806192398
-19264,-19264,196,22298.77637887001
-19264,-19264,197,22412.567980766296
-19264,-19264,198,22526.41992163658
-19264,-19264,199,22640.367394685745
-19264,-19264,200,22754.443118572235
-19265,-19265,201,22868.246345758438
-19265,-19264,202,22982.00527691841
-19265,-19265,203,23096.083436489105
-19265,-19265,204,23209.75498366356
-19265,-19265,205,23323.480955839157
-19265,-19265,206,23437.37274312973
-19265,-19265,207,23551.02663230896
-19265,-19265,208,23664.7429523468
-19265,-19265,209,23778.39045715332
-19265,-19265,210,23892.26832818985
-19265,-19265,211,24005.963006019592
-19265,-19265,212,24119.5657351017
-19265,-19265,213,24233.56208539009
-19265,-19265,214,24347.59109210968
-19265,-19265,215,24461.48874926567
-19265,-19265,216,24575.237816810608
-19265,-19265,217,24689.080626487732
-19265,-19265,218,24803.3078854084
-19265,-19265,219,24917.15095925331
-19265,-19265,220,25031.073354244232
-19265,-19265,221,25145.0328874588
-19265,-19265,222,25259.1362221241
-19265,-19265,223,25373.12380504608
-19265,-19265,224,25487.13117957115
-19265,-19265,225,25600.87249469757
-19265,-19265,226,25714.652970552444
-19265,-19265,227,25828.457024097443
-19265,-19265,228,25942.32195043564
-19265,-19265,229,26056.319999217987
-19265,-19265,230,26170.287883281708
-19265,-19265,231,26284.225281000137
-19265,-19265,232,26398.204569101334
-19265,-19265,233,26512.32135462761
-19265,-19265,234,26626.350049734116
-19265,-19265,235,26740.749497652054
-19265,-19265,236,26854.700463056564
-19266,-19266,237,26968.764316797256
-19266,-19266,238,27082.849631786346
-19266,-19266,239,27196.89739203453
-19266,-19266,240,27311.06407904625
-19266,-19266,241,27425.42109632492
-19266,-19266,242,27539.664406061172
-19266,-19266,243,27653.79881978035
-19266,-19266,244,27767.854351758957
-19266,-19266,245,27881.763345956802
-19266,-19266,246,27995.94317293167
-19266,-19266,247,28110.081213474274
-19266,-19266,248,28224.290613412857
-19266,-19266,249,28338.32166647911
-19266,-19266,250,28452.432473897934
-19266,-19266,251,28566.424032449722
-19266,-19266,252,28680.573367595673
-19266,-19266,253,28794.657197237015
-19266,-19266,254,28908.895289182663
-19266,-19266,255,29023.05987238884
-19266,-19266,256,29137.000536441803
-19266,-19266,257,29251.627066612244
-19266,-19266,258,29365.922246456146
-19266,-19266,259,29479.85419178009
-19266,-19266,260,29593.890909910202
-19266,-19266,261,29708.02831506729
-19266,-19266,262,29822.473239421844
-19266,-19266,263,29936.500074625015
-19266,-19266,264,30050.57070207596
-19266,-19266,265,30164.8527636528
-19266,-19266,266,30279.134762763977
-19266,-19266,267,30393.264266967773
-19266,-19266,268,30507.340576410294
-19266,-19266,269,30621.406482458115
-19266,-19266,270,30735.62211585045
-19266,-19266,271,30850.059173822403
-19266,-19266,272,30964.284363508224
-19266,-19266,273,31078.400426626205
-19266,-19266,274,31193.091835975647
-19266,-19266,275,31307.26487350464
-19266,-19266,276,31421.415057182312
-19266,-19266,277,31535.84610939026
-19266,-19266,278,31650.2741355896
-19266,-19266,279,31764.8417699337
-19266,-19266,280,31879.246434926987
-19266,-19266,281,31993.407578468323
-19266,-19266,282,32107.68007993698
-19266,-19266,283,32221.75402212143
-19266,-19266,284,32336.415300130844
-19266,-19266,285,32450.78037214279
-19266,-19266,286,32564.982662677765
-19266,-19266,287,32679.09299325943
-19266,-19266,288,32793.61853837967
-19266,-19266,289,32908.112844228745
-19266,-19266,290,33022.612203359604
-19266,-19266,291,33136.930686712265
-19266,-19266,292,33251.28830122948
-19266,-19266,293,33365.517711400986
-19266,-19266,294,33480.16352176666
-19266,-19266,295,33594.74173426628
-19266,-19266,296,33709.26760697365
-19266,-19266,297,33823.441831588745
-19266,-19266,298,33937.86702132225
-19266,-19266,299,34052.10167956352
-19266,-19266,300,34166.375750780106
-19266,-19266,301,34280.7405667305
-19266,-19266,302,34395.17218255997
-19266,-19266,303,34509.72657752037
-19266,-19266,304,34624.260638237
-19266,-19266,305,34738.66221952438
-19266,-19266,306,34853.41847515106
-19266,-19266,307,34967.93522596359
-19266,-19266,308,35082.34426856041
-19266,-19266,309,35196.91831612587
-19266,-19266,310,35311.66044974327
-19266,-19266,311,35426.17855548859
-19266,-19266,312,35540.533272981644
-19266,-19266,313,35654.760910749435
-19266,-19266,314,35769.273836135864
-19266,-19266,315,35883.544736623764
-19266,-19266,316,35997.83854484558
-19266,-19266,317,36112.12764596939
-19266,-19266,318,36226.72947502136
-19266,-19266,319,36341.05692076683
-19266,-19266,320,36455.52476334572
-19266,-19266,321,36570.01843714714
-19266,-19266,322,36684.56616282463
-19266,-19266,323,36799.139815568924
-19266,-19266,324,36913.84790849686
-19266,-19266,325,37028.29533982277
-19266,-19266,326,37142.65903425217
-19266,-19266,327,37256.926357507706
-19266,-19266,328,37371.24672436714
-19266,-19266,329,37485.669313669205
-19266,-19266,330,37600.00905036926
-19266,-19266,331,37714.28793120384
-19266,-19266,332,37828.82199716568
-19266,-19266,333,37943.1306142807
-19266,-19266,334,38057.76419854164
-19266,-19266,335,38172.344801425934
-19266,-19266,336,38287.18326044083
-19266,-19266,337,38401.424546957016
-19266,-19266,338,38516.1051504612
-19266,-19266,339,38630.60374927521
-19266,-19266,340,38744.923919677734
-19266,-19266,341,38859.36424636841
-19266,-19266,342,38973.78343462944
-19266,-19266,343,39088.29481649399
-19266,-19266,344,39202.56531000137
-19266,-19266,345,39317.027329683304
-19266,-19266,346,39431.64016151428
-19266,-19266,347,39546.523213386536
-19266,-19266,348,39660.819749593735
-19266,-19266,349,39775.244020700455
-19266,-19266,350,39889.66997218132
-19266,-19266,351,40004.19827055931
-19266,-19266,352,40118.57405138016
-19266,-19266,353,40232.98822641373
-19266,-19266,354,40347.59556055069
-19266,-19266,355,40461.72806763649
-19266,-19266,356,40576.27387356758
-19266,-19266,357,40690.897916555405
-19266,-19266,358,40805.81480550766
-19266,-19266,359,40920.41412115097
-19266,-19266,360,41035.08290672302
-19266,-19266,361,41149.40482378006
-19266,-19266,362,41264.11560726166
-19266,-19266,363,41378.627286195755
-19266,-19266,364,41493.108137607574
-19266,-19266,365,41607.435364723206
-19266,-19266,366,41721.76352882385
-19266,-19266,367,41836.146470308304
-19266,-19266,368,41950.53007006645
-19266,-19266,369,42065.183467149734
-19266,-19266,370,42179.711557388306
-19266,-19266,371,42294.13331222534
-19266,-19266,372,42408.68357014656
-19266,-19266,373,42523.26587677002
-19266,-19266,374,42637.977467775345
-19266,-19266,375,42752.46080851555
-19266,-19266,376,42867.12649226189
-19266,-19266,377,42981.89998316765
-19266,-19266,378,43096.841613292694
-19266,-19266,379,43211.48500037193
-19266,-19266,380,43326.24025678635
-19266,-19266,381,43441.21431899071
-19266,-19266,382,43555.95544052124
-19266,-19266,383,43670.708179712296
-19266,-19266,384,43785.57900476456
-19266,-19266,385,43900.49248313904
-19266,-19266,386,44015.19939804077
-19266,-19266,387,44129.84746694565
-19266,-19266,388,44244.48791694641
-19266,-19266,389,44359.30052113533
-19266,-19266,390,44474.11103916168
-19266,-19266,391,44588.780089855194
-19266,-19266,392,44703.52700853348
-19266,-19266,393,44817.969116687775
-19266,-19266,394,44932.74597907066
-19266,-19266,395,45047.20145726204
-19266,-19266,396,45161.8411359787
-19266,-19266,397,45276.35766625404
-19266,-19266,398,45390.98222112656
-19266,-19266,399,45505.427970170975
-19266,-19266,400,45619.942907094955
-19266,-19266,401,45734.54560637474
-19266,-19266,402,45849.10406398773
-19266,-19266,403,45963.68495678902
-19266,-19266,404,46078.02630472183
-19266,-19266,405,46192.5303606987
-19266,-19266,406,46307.08206772804
-19266,-19266,407,46421.71689963341
-19266,-19266,408,46536.20455121994
-19266,-19266,409,46650.605102300644
-19266,-19266,410,46765.36652779579
-19266,-19266,411,46879.73530101776
-19266,-19266,412,46994.341051101685
-19266,-19266,413,47109.221450805664
-19266,-19266,414,47224.08135819435
-19266,-19266,415,47338.60973787308
-19266,-19266,416,47453.49967837334
-19266,-19266,417,47568.03373360634
-19266,-19266,418,47682.92369055748
-19266,-19266,419,47797.326085329056
-19266,-19266,420,47911.985445261
-19266,-19266,421,48026.48110961914
-19266,-19266,422,48141.032510757446
-19266,-19266,423,48255.68625974655
-19266,-19266,424,48370.240818977356
-19266,-19266,425,48485.0290081501
-19266,-19266,426,48599.83224821091
-19266,-19266,427,48714.59926652908
-19266,-19266,428,48829.35263514519
-19266,-19266,429,48943.92215299606
-19266,-19266,430,49058.54664325714
-19266,-19266,431,49173.20321106911
-19266,-19266,432,49287.76739525795
-19266,-19266,433,49402.476060152054
-19266,-19266,434,49517.0694360733
-19266,-19266,435,49632.10119318962
-19266,-19266,436,49746.689841508865
-19266,-19266,437,49861.34247136116
-19266,-19266,438,49975.97063946724
-19266,-19266,439,50090.69666671753
-19266,-19266,440,50205.68764257431
-19266,-19266,441,50320.33919811249
-19266,-19266,442,50435.03062272072
-19266,-19266,443,50550.091725587845
-19266,-19266,444,50664.626918792725
-19266,-19266,445,50779.369896411896
-19266,-19266,446,50894.44648194313
-19266,-19266,447,51009.1342022419
-19266,-19266,448,51124.010665893555
-19266,-19266,449,51238.72442507744
-19266,-19266,450,51353.842673778534
-19266,-19266,451,51468.68030357361
-19266,-19266,452,51583.55970263481
-19266,-19266,453,51698.496666669846
-19266,-19266,454,51813.41482758522
-19266,-19266,455,51928.34581542015
-19266,-19266,456,52043.31771397591
-19266,-19266,457,52158.13631224632
-19266,-19266,458,52273.07514023781
-19266,-19266,459,52387.748545885086
-19266,-19266,460,52502.84696269035
-19266,-19266,461,52617.54919672012
-19266,-19266,462,52732.314522981644
-19266,-19266,463,52847.25932383537
-19266,-19266,464,52961.93896603584
-19266,-19266,465,53076.51707649231
-19266,-19266,466,53191.23972201347
-19266,-19266,467,53305.88546204567
-19266,-19266,468,53420.5549967289
-19266,-19266,469,53535.31602740288
-19266,-19266,470,53650.100177288055
-19266,-19266,471,53765.030682086945
-19266,-19266,472,53879.75321650505
-19266,-19266,473,53994.55861401558
-19266,-19266,474,54109.31381225586
-19266,-19266,475,54224.07720184326
-19266,-19266,476,54338.87654042244
-19266,-19266,477,54453.722830057144
-19266,-19266,478,54568.73634791374
-19266,-19266,479,54683.50750422478
-19266,-19266,480,54798.06803107262
-19266,-19266,481,54912.96331501007
-19266,-19266,482,55028.22009849548
-19266,-19266,483,55143.03507184982
-19266,-19266,484,55257.98290371895
-19266,-19266,485,55372.90101265907
-19266,-19266,486,55488.00073957443
-19266,-19266,487,55602.73121380806
-19266,-19266,488,55717.41391015053
-19266,-19266,489,55832.4433722496
-19266,-19266,490,55947.41113948822
-19266,-19266,491,56062.258682489395
-19266,-19266,492,56177.00348162651
-19266,-19266,493,56292.0293841362
-19266,-19266,494,56406.841497182846
-19266,-19266,495,56521.611419677734
-19266,-19266,496,56636.19149875641
-19266,-19266,497,56750.89739489555
-19266,-19266,498,56865.82153391838
-19266,-19266,499,56980.5753903389
-19266,-19266,500,57095.39791059494
-19266,-19266,501,57209.98593664169
-19266,-19266,502,57325.21237707138
-19266,-19266,503,57439.87168765068
-19266,-19266,504,57554.6519548893
-19266,-19266,505,57669.64742445946
-19266,-19266,506,57784.570261240005
-19266,-19266,507,57899.64135813713
-19266,-19266,508,58014.436295986176
-19266,-19266,509,58129.2054502964
-19266,-19266,510,58244.06811332703
-19266,-19266,511,58359.058365345
-19266,-19266,512,58473.96365571022
-19266,-19266,513,58588.61923766136
-19266,-19266,514,58703.38123130798
-19266,-19266,515,58818.26869249344
-19266,-19266,516,58932.955412864685
-19266,-19266,517,59047.73309159279
-19266,-19266,518,59162.43683052063
-19266,-19266,519,59277.317531347275
-19266,-19266,520,59392.1897084713
-19267,-19267,521,59506.997301101685
-19267,-19266,522,59621.776220321655
-19267,-19267,523,59736.53252577782
-19267,-19267,524,59851.26050233841
-19267,-19267,525,59965.9110789299
-19267,-19267,526,60080.854045152664
-19267,-19267,527,60195.50549221039
-19267,-19267,528,60310.2459833622
-19267,-19267,529,60425.00620698929
-19267,-19267,530,60539.89581108093
-19267,-19267,531,60654.680435180664
-19267,-19267,532,60769.50465130806
-19267,-19267,533,60884.38942813873
-19267,-19267,534,60999.31188797951
-19267,-19267,535,61113.933962106705
-19267,-19267,536,61228.76994919777
-19267,-19267,537,61343.62029623985
-19267,-19267,538,61458.51967597008
-19267,-19267,539,61573.37152862549
-19267,-19267,540,61688.15647101402
-19267,-19267,541,61802.87316441536
-19267,-19267,542,61917.739157915115
-19267,-19267,543,62032.506523132324
-19267,-19267,544,62147.28406047821
-19267,-19267,545,62262.26684617996
-19267,-19267,546,62377.383031606674
-19267,-19267,547,62492.29261612892
-19267,-19267,548,62607.308205366135
-19267,-19267,549,62722.343498945236
-19267,-19267,550,62837.35932326317
-19267,-19267,551,62952.22542643547
-19267,-19267,552,63067.14484024048
-19267,-19267,553,63182.08220553398
-19267,-19267,554,63297.21170544624
-19267,-19267,555,63412.13150334358
-19267,-19267,556,63527.10964012146
-19267,-19267,557,63642.017050504684
-19267,-19267,558,63757.35220742226
-19267,-19267,559,63872.38154578209
-19267,-19267,560,63987.02813434601
-19267,-19267,561,64101.71819233894
-19267,-19267,562,64216.84948682785
-19267,-19267,563,64331.874479055405
-19267,-19267,564,64446.68838310242
-19267,-19267,565,64561.597358465195
-19267,-19267,566,64676.72854542732
-19267,-19267,567,64791.78593182564
-19267,-19267,568,64906.78592276573
-19267,-19267,569,65021.680805683136
-19267,-19267,570,65137.11705541611
-19267,-19267,571,65251.771948337555
-19267,-19267,572,65366.69886183739
-19267,-19267,573,65481.88252568245
-19267,-19267,574,65597.02300643921
-19267,-19267,575,65711.89018344879
-19267,-19267,576,65826.73930358887
-19267,-19267,577,65941.46464395523
-19267,-19267,578,66056.56034636497
-19267,-19267,579,66171.57965922356
-19267,-19267,580,66286.36621522903
-19267,-19267,581,66401.498524189
-19267,-19267,582,66516.55063438416
-19267,-19267,583,66631.9019010067
-19267,-19267,584,66746.90760350227
-19267,-19267,585,66861.7773270607
-19267,-19267,586,66976.91930150986
-19267,-19267,587,67092.06487321854
-19267,-19267,588,67207.0781788826
-19267,-19267,589,67322.00081562996
-19267,-19267,590,67437.08427286148
-19267,-19267,591,67551.87306904793
-19267,-19267,592,67666.79853773117
-19267,-19267,593,67781.60166358948
-19267,-19267,594,67896.5837521553
-19267,-19267,595,68011.4498705864
-19267,-19267,596,68126.61365532875
-19267,-19267,597,68241.59196639061
-19267,-19267,598,68356.91364431381
-19267,-19267,599,68472.12642550468
-19267,-19267,600,68586.93818163872
-19267,-19267,601,68701.94529652596
-19267,-19267,602,68817.22632217407
-19267,-19267,603,68932.15148830414
-19267,-19267,604,69047.40737295151
-19267,-19267,605,69162.21938681602
-19267,-19267,606,69277.3540596962
-19267,-19267,607,69392.42669177055
-19267,-19267,608,69507.49985194206
-19267,-19267,609,69622.73113512993
-19267,-19267,610,69737.91603779793
-19267,-19267,611,69852.95015859604
-19267,-19267,612,69968.1241300106
-19267,-19267,613,70083.25872731209
-19267,-19267,614,70198.15894985199
-19267,-19267,615,70313.20588111877
-19267,-19267,616,70428.21211409569
-19267,-19267,617,70543.18567633629
-19267,-19267,618,70658.14121961594
-19267,-19267,619,70773.020226717
-19267,-19267,620,70888.053378582
-19267,-19267,621,71003.04972887039
-19267,-19267,622,71118.40496373177
-19267,-19267,623,71233.6515944004
-19267,-19267,624,71348.73550748825
-19267,-19267,625,71463.84941983223
-19267,-19267,626,71578.81533646584
-19267,-19267,627,71693.93723487854
-19267,-19267,628,71808.88591432571
-19267,-19267,629,71923.86574602127
-19267,-19267,630,72039.11749315262
-19267,-19267,631,72154.0690407753
-19267,-19267,632,72269.09089684486
-19267,-19267,633,72384.09649252892
-19267,-19267,634,72499.26463580132
-19267,-19267,635,72614.45745277405
-19267,-19267,636,72729.34845209122
-19267,-19267,637,72844.4142844677
-19267,-19267,638,72959.45580291748
-19267,-19267,639,73074.44209694862
-19267,-19267,640,73189.44954538345
-19267,-19267,641,73304.48038482666
-19267,-19267,642,73419.66805815697
-19267,-19267,643,73534.9057791233
-19267,-19267,644,73649.99249696732
-19267,-19267,645,73765.2526011467
-19267,-19267,646,73880.47658896446
-19267,-19267,647,73995.50449991226
-19267,-19267,648,74110.57184290886
-19267,-19267,649,74225.65214776993
-19267,-19267,650,74340.69812965393
-19267,-19267,651,74455.61145949364
-19267,-19267,652,74570.62617564201
-19267,-19267,653,74685.79388594627
-19267,-19267,654,74801.2761824131
-19267,-19267,655,74916.34209084511
-19267,-19267,656,75031.37380957603
-19267,-19267,657,75146.27060937881
-19267,-19267,658,75261.35580587387
-19267,-19267,659,75376.57645130157
-19267,-19267,660,75491.76120662689
-19267,-19267,661,75606.74224042892
-19267,-19267,662,75722.14345026016
-19267,-19267,663,75837.27512264252
-19267,-19267,664,75952.81471633911
-19267,-19267,665,76068.01352620125
-19267,-19267,666,76183.15621757507
-19267,-19267,667,76298.30182337761
-19267,-19267,668,76413.34526252747
-19267,-19267,669,76528.4654507637
-19267,-19267,670,76643.64753508568
-19267,-19267,671,76758.85912370682
-19267,-19267,672,76874.28308606148
-19267,-19267,673,76989.35739135742
-19267,-19267,674,77104.88601970673
-19267,-19267,675,77220.14810752869
-19267,-19267,676,77335.45158910751
-19267,-19267,677,77450.58662438393
-19267,-19267,678,77565.85052776337
-19267,-19267,679,77680.98960661888
-19267,-19267,680,77796.13602018356
-19267,-19267,681,77911.25620746613
-19267,-19267,682,78026.83685469627
-19267,-19267,683,78142.12758874893
-19267,-19267,684,78257.09582901001
-19267,-19267,685,78372.55931401253
-19267,-19267,686,78487.85776925087
-19267,-19267,687,78603.03269028664
-19267,-19267,688,78718.00239539146
-19267,-19267,689,78833.15429735184
-19267,-19267,690,78948.16643023491
-19267,-19267,691,79063.12494516373
-19267,-19267,692,79178.4910299778
-19267,-19267,693,79293.88438773155
-19267,-19267,694,79408.96186304092
-19267,-19267,695,79524.07851719856
-19267,-19267,696,79639.14049887657
-19267,-19267,697,79754.11938405037
-19267,-19267,698,79869.20804405212
-19267,-19267,699,79984.45193624496
-19267,-19267,700,80099.84170150757
-19267,-19267,701,80214.85219883919
-19267,-19267,702,80330.13365483284
-19267,-19267,703,80445.62410235405
-19267,-19267,704,80560.61579489708
-19267,-19267,705,80675.70119571686
-19267,-19267,706,80791.18242430687
-19267,-19267,707,80906.41598033905
-19267,-19267,708,81021.70699381828
-19267,-19267,709,81137.0491912365
-19267,-19267,710,81252.59602427483
-19267,-19267,711,81367.90761852264
-19267,-19267,712,81483.19142889977
-19267,-19267,713,81598.69738769531
-19267,-19267,714,81713.87891817093
-19267,-19267,715,81829.21768450737
-19267,-19267,716,81944.68729162216
-19267,-19267,717,82059.88688635826
-19267,-19267,718,82175.34154105186
-19267,-19267,719,82290.9491789341
-19267,-19267,720,82406.2362754345
-19267,-19267,721,82521.52492523193
-19267,-19267,722,82636.98500657082
-19267,-19267,723,82752.19540119171
-19267,-19267,724,82867.39542460442
-19267,-19267,725,82982.88749241829
-19267,-19267,726,83098.06366586685
-19267,-19267,727,83213.57907915115
-19267,-19267,728,83328.98573994637
-19267,-19267,729,83444.24978256226
-19267,-19267,730,83559.65793251991
-19267,-19267,731,83674.86871862411
-19267,-19267,732,83790.0302400589
-19267,-19267,733,83905.28635573387
-19267,-19267,734,84021.06648731232
-19267,-19267,735,84136.42112994194
-19267,-19267,736,84252.00706076622
-19267,-19267,737,84367.40175127983
-19267,-19267,738,84482.83608102798
-19267,-19267,739,84598.64285635948
-19267,-19267,740,84714.19447946548
-19267,-19267,741,84829.52572441101
-19267,-19267,742,84945.07178068161
-19267,-19267,743,85060.68822073936
-19267,-19267,744,85176.00591039658
-19267,-19267,745,85291.35452747345
-19267,-19267,746,85406.83478784561
-19267,-19267,747,85522.20108652115
-19267,-19267,748,85637.41675949097
-19267,-19267,749,85752.95024895668
-19267,-19267,750,85868.34082818031
-19267,-19267,751,85983.6416208744
-19267,-19267,752,86098.81663012505
-19267,-19267,753,86214.4178712368
-19267,-19267,754,86329.77739143372