
-8174,-8174,0,123.38705968856812
-8176,-8176,1,267.75626039505005
-8176,-8176,2,411.9439709186554
-8176,-8176,3,559.3066253662109
-8176,-8176,4,706.2029020786285
-8176,-8176,5,852.6020901203156
-8176,-8176,6,999.5685367584229
-8176,-8176,7,1146.488515138626
-8176,-8176,8,1293.336047410965
-8176,-8176,9,1440.4526255130768
-8176,-8176,10,1587.3206079006195
-8179,-8179,11,1734.0588903427124
-8179,-8179,12,1880.868395805359
-8179,-8179,13,2027.6246495246887
-8179,-8179,14,2174.389748096466
-8179,-8179,15,2321.2591297626495
-8179,-8179,16,2468.068596124649
-8179,-8179,17,2614.7282848358154
-8179,-8179,18,2761.413237810135
-8179,-8179,19,2908.2243945598602
-8179,-8179,20,3054.9543373584747
-8179,-8179,21,3201.676116704941
-8179,-8179,22,3348.3772094249725
-8179,-8179,23,3494.9958086013794
-8180,-8180,24,3641.609441757202
-8180,-8179,25,3788.2255399227142
-8180,-8179,26,3934.9434962272644
-8189,-8189,27,4081.5585701465607
-8189,-8189,28,4228.057138681412
-8189,-8189,29,4374.523386478424
-8189,-8189,30,4520.972727298737
-8189,-8189,31,4667.56578874588
-8189,-8189,32,4814.063327789307
-8189,-8189,33,4960.663282394409
-8189,-8189,34,5107.282991409302
-8189,-8189,35,5253.8260452747345
-8189,-8189,36,5400.27844285965
-8189,-8189,37,5546.071264505386
-8189,-8189,38,5691.714630126953
-8189,-8189,39,5838.076151609421
-8191,-8191,40,5984.572628498077
-8191,-8191,41,6131.227872133255
-8191,-8191,42,6277.701547861099
-8191,-8191,43,6423.999412059784
-8191,-8191,44,6569.6818335056305
-8191,-8191,45,6715.418174266815
-8191,-8191,46,6861.690577507019
-8191,-8191,47,7008.285239696503
-8191,-8191,48,7154.62565612793
-8191,-8191,49,7301.24361038208
-8191,-8191,50,7447.97021317482
-8191,-8191,51,7594.184638261795
-8191,-8191,52,7740.792911291122
-8191,-8191,53,7887.1130957603455
-8191,-8191,54,8033.418884277344
-8192,-8192,55,8179.5905854702
-8192,-8192,56,8326.029284477234
-8192,-8192,57,8472.541365146637
-8192,-8192,58,8619.02880692482
-8192,-8192,59,8764.85619711876
-8192,-8192,60,8911.22329878807
-8192,-8192,61,9057.715033769608
-8192,-8192,62,9204.219102859497
-8192,-8192,63,9350.609422922134
-8193,-8193,64,9496.994437217712
-8193,-8193,65,9643.573276996613
-8193,-8193,66,9789.965790987015
-8196,-8196,67,9936.463270425797
-8196,-8196,68,10082.813455104828
-8196,-8196,69,10229.064799070358
-8196,-8196,70,10374.731326341629
-8196,-8196,71,10520.482228755951
-8196,-8196,72,10666.188855409622
-8196,-8196,73,10812.426308631897
-8196,-8196,74,10958.725237607956
-8196,-8196,75,11104.662321567535
-8196,-8196,76,11250.922364473343
-8196,-8196,77,11397.265238523483
-8196,-8196,78,11543.393363237381
-8196,-8196,79,11689.276187896729
-8200,-8200,80,11835.572368860245
-8200,-8200,81,11981.833690404892
-8200,-8200,82,12127.38487625122
-8200,-8200,83,12273.605649709702
-8200,-8200,84,12419.673325061798
-8200,-8200,85,12566.00126862526
-8200,-8200,86,12712.32409787178
-8200,-8200,87,12858.59124493599
-8200,-8200,88,13004.774272918701
-8200,-8200,89,13150.974269151688
-8200,-8200,90,13297.377892971039
-8200,-8200,91,13443.707133769989
-8200,-8200,92,13590.006165981293
-8200,-8200,93,13736.28618144989
-8200,-8200,94,13882.511699676514
-8200,-8200,95,14028.878248691559
-8200,-8200,96,14174.45395207405
-8200,-8200,97,14320.306452512741
-8204,-8204,98,14465.834297657013
-8204,-8204,99,14612.295507192612
-8204,-8204,100,14758.607529640198
-8204,-8204,101,14904.084842205048
-8204,-8204,102,15050.239925861359
-8204,-8204,103,15196.477796077728
-8204,-8204,104,15342.760933637619
-8204,-8204,105,15489.25260591507
-8204,-8204,106,15634.838649749756
-8204,-8204,107,15780.505201816559
-8204,-8204,108,15926.912115097046
-8204,-8204,109,16073.330463886261
-8204,-8204,110,16219.613496303558
-8204,-8204,111,16365.8930914402
-8204,-8204,112,16512.324002981186
-8204,-8204,113,16658.614312410355
-8204,-8204,114,16804.72056078911
-8204,-8204,115,16950.78880739212
-8204,-8204,116,17096.93322610855
-8204,-8204,117,17243.154051065445
-8206,-8206,118,17389.23601770401
-8206,-8206,119,17535.660194396973
-8206,-8206,120,17681.251346349716
-8206,-8206,121,17826.87927222252
-8206,-8206,122,17973.040204048157
-8206,-8206,123,18119.20023870468
-8206,-8206,124,18265.4793279171
-8206,-8206,125,18411.708767414093
-8206,-8206,126,18557.485214471817
-8206,-8206,127,18703.811936855316
-8206,-8206,128,18850.1940805912
-8206,-8206,129,18996.413173675537
-8206,-8206,130,19142.680088996887
-8208,-8208,131,19288.824735879898
-8208,-8208,132,19435.06330537796
-8208,-8208,133,19581.161323785782
-8208,-8208,134,19727.199233531952
-8208,-8208,135,19873.306460380554
-8208,-8208,136,20019.31983757019
-8208,-8208,137,20165.46458697319
-8208,-8208,138,20311.491456985474
-8208,-8208,139,20456.73261809349
-8208,-8208,140,20602.31257557869
-8208,-8208,141,20748.48696064949
-8208,-8208,142,20894.547127723694
-8208,-8208,143,21040.904008626938
-8208,-8208,144,21187.108320474625
-8208,-8208,145,21332.367127656937
-8208,-8208,146,21478.39164876938
-8208,-8208,147,21624.16015625
-8208,-8208,148,21770.178576231003
-8208,-8208,149,21916.386158704758
-8208,-8208,150,22061.7338886261
-8208,-8208,151,22206.941947460175
-8212,-8212,152,22353.270699501038
-8212,-8212,153,22499.333582878113
-8212,-8212,154,22645.55729651451
-8212,-8212,155,22791.677812814713
-8212,-8212,156,22937.82329392433
-8212,-8212,157,23083.843801498413
-8212,-8212,158,23229.893112659454
-8212,-8212,159,23375.99037384987
-8212,-8212,160,23522.299016714096
-8212,-8212,161,23668.508439540863
-8212,-8212,162,23814.587871789932
-8212,-8212,163,23960.999463796616
-8212,-8212,164,24106.956445217133
-8212,-8212,165,24253.05243253708
-8212,-8212,166,24399.292823314667
-8212,-8212,167,24545.503326654434
-8212,-8212,168,24691.73032975197
-8213,-8213,169,24837.85820388794
-8213,-8212,170,24983.969752311707
-8213,-8212,171,25130.07399201393
-8213,-8212,172,25276.27015042305
-8213,-8212,173,25422.378477334976
-8213,-8212,174,25568.37658548355
-8213,-8212,175,25714.48812699318
-8213,-8212,176,25860.690414190292
-8213,-8212,177,26006.869247198105
-8213,-8212,178,26152.87379693985
-8213,-8212,179,26298.402015209198
-8213,-8212,180,26444.62508559227
-8213,-8212,181,26590.71022415161
-8213,-8213,182,26736.271713256836
-8213,-8212,183,26882.416785001755
-8213,-8212,184,27028.73854827881
-8213,-8212,185,27174.745284318924
-8213,-8213,186,27320.770825624466
-8213,-8213,187,27466.928080797195
-8213,-8213,188,27613.048618793488
-8213,-8212,189,27759.035307884216
-8213,-8212,190,27905.10006093979
-8213,-8212,191,28051.212156295776
-8213,-8212,192,28197.39520049095
-8213,-8212,193,28343.46562719345
-8213,-8213,194,28489.590579271317
-8213,-8212,195,28635.756436109543
-8213,-8213,196,28781.923654794693
-8213,-8212,197,28927.96235370636
-8222,-8222,198,29074.120336055756
-8222,-8222,199,29220.12475347519
-8222,-8222,200,29366.287498235703
-8222,-8222,201,29512.25393795967
-8222,-8222,202,29658.389602422714
-8222,-8222,203,29803.58873462677
-8222,-8222,204,29948.74153161049
-8222,-8222,205,30094.755504131317
-8222,-8222,206,30240.736744880676
-8222,-8222,207,30386.810606241226
-8222,-8222,208,30532.88680911064
-8222,-8222,209,30678.889442443848
-8222,-8222,210,30824.994492053986
-8222,-8222,211,30971.281872034073
-8222,-8222,212,31116.437646389008
-8222,-8222,213,31261.722444295883
-8222,-8222,214,31407.62788128853
-8223,-8223,215,31553.828155517578
-8223,-8222,216,31699.96532177925
-8223,-8222,217,31846.13125181198
-8223,-8222,218,31992.160513162613
-8223,-8222,219,32137.260657310486
-8223,-8222,220,32283.232236862183
-8223,-8222,221,32428.72398853302
-8223,-8222,222,32574.831512451172
-8223,-8222,223,32720.976284980774
-8223,-8222,224,32866.4810757637
-8223,-8222,225,33012.457963228226
-8223,-8222,226,33158.491909742355
-8223,-8222,227,33304.40030503273
-8223,-8222,228,33450.47249484062
-8223,-8222,229,33596.7451736927
-8223,-8222,230,33742.79863667488
-8223,-8223,231,33888.7414085865
-8223,-8222,232,34034.655083179474
-8223,-8222,233,34180.74993515015
-8223,-8222,234,34326.75821685791
-8223,-8222,235,34472.67033481598
-8223,-8222,236,34618.62014460564
-8223,-8222,237,34764.590485572815
-8223,-8223,238,34910.45665168762
-8223,-8223,239,35056.512291669846
-8223,-8223,240,35202.446783065796
-8223,-8222,241,35348.417882204056
-8223,-8222,242,35494.2318649292
-8223,-8223,243,35639.556609869
-8223,-8222,244,35785.42022204399
-8223,-8222,245,35931.531812906265
-8223,-8223,246,36077.33321762085
-8223,-8223,247,36223.08283662796
-8223,-8222,248,36368.966096162796
-8223,-8223,249,36514.81047844887
-8223,-8222,250,36660.69040298462
-8223,-8222,251,36806.58640050888
-8223,-8222,252,36952.440257549286
-8223,-8222,253,37098.245218515396
-8223,-8222,254,37244.115954875946
-8223,-8222,255,37390.0716509819
-8223,-8222,256,37536.13214755058
-8223,-8222,257,37681.737953424454
-8223,-8222,258,37827.60129880905
-8223,-8222,259,37973.34150195122
-8223,-8222,260,38118.45401644707
-8223,-8222,261,38264.27714419365
-8223,-8222,262,38410.171744823456
-8223,-8222,263,38555.52474594116
-8223,-8222,264,38701.293038606644
-8223,-8222,265,38847.006987571716
-8223,-8222,266,38992.653928756714
-8223,-8223,267,39138.399329423904
-8223,-8223,268,39284.19694852829
-8223,-8222,269,39430.189039468765
-8223,-8222,270,39575.82752990723
-8223,-8222,271,39721.916170835495
-8223,-8223,272,39867.81914424896
-8223,-8222,273,40013.71141719818
-8223,-8222,274,40159.55764865875
-8223,-8223,275,40305.477809906006
-8223,-8222,276,40451.33238220215
-8223,-8222,277,40597.18873882294
-8223,-8222,278,40743.07033205032
-8223,-8222,279,40888.658814907074
-8223,-8222,280,41034.65077471733
-8223,-8222,281,41180.64085650444
-8223,-8222,282,41326.26218175888
-8223,-8222,283,41471.90713644028
-8223,-8223,284,41616.83050727844
-8223,-8222,285,41762.48858308792
-8223,-8223,286,41908.2550008297
-8223,-8223,287,42053.99535036087
-8223,-8223,288,42199.66822338104
-8223,-8222,289,42345.19480967522
-8223,-8222,290,42490.93356895447
-8223,-8222,291,42636.38744997978
-8223,-8222,292,42781.24693465233
-8223,-8223,293,42926.10868573189
-8223,-8222,294,43070.970638751984
-8223,-8222,295,43216.73630142212
-8223,-8222,296,43362.2936937809
-8223,-8222,297,43507.94331026077
-8223,-8222,298,43652.92430186272
-8223,-8223,299,43798.49191021919
-8223,-8222,300,43944.16389679909
-8223,-8222,301,44089.062279224396
-8223,-8222,302,44234.70266485214
-8223,-8222,303,44379.73524618149
-8223,-8222,304,44525.1554684639
-8223,-8222,305,44670.838908195496
-8223,-8222,306,44816.55871939659
-8223,-8222,307,44962.1552259922
-8223,-8222,308,45107.77806806564
-8223,-8222,309,45253.33248400688
-8223,-8222,310,45398.34652471542
-8223,-8223,311,45544.08072257042
-8223,-8223,312,45689.89732527733
-8223,-8222,313,45835.429458618164
-8223,-8222,314,45981.055790662766
-8223,-8222,315,46126.62644076347
-8223,-8222,316,46272.41319966316
-8223,-8222,317,46418.08315515518
-8223,-8222,318,46563.593903541565
-8223,-8222,319,46708.5013821125
-8223,-8222,320,46853.628981113434
-8223,-8222,321,46998.50188994408
-8223,-8223,322,47143.63533616066
-8223,-8222,323,47288.35552573204
-8223,-8222,324,47433.304084062576
-8223,-8222,325,47578.953964948654
-8223,-8222,326,47724.40809941292
-8223,-8222,327,47869.34432196617
-8223,-8222,328,48014.47831606865
-8223,-8223,329,48159.274564027786
-8223,-8222,330,48304.63316607475
-8223,-8222,331,48450.17537641525
-8223,-8223,332,48595.553884744644
-8223,-8223,333,48740.94097280502
-8223,-8223,334,48886.30914735794
-8223,-8222,335,49031.893359422684
-8223,-8222,336,49177.43254995346
-8223,-8222,337,49322.958045482635
-8223,-8222,338,49468.56998729706
-8223,-8223,339,49614.1813390255
-8223,-8222,340,49759.88170361519
-8223,-8222,341,49905.58122301102
-8223,-8222,342,50051.25352191925
-8223,-8222,343,50196.82548570633
-8223,-8222,344,50342.34195065498
-8223,-8223,345,50487.813977479935
-8223,-8222,346,50633.38530230522
-8223,-8222,347,50778.95915436745
-8223,-8223,348,50924.38675546646
-8223,-8222,349,51070.02576828003
-8223,-8222,350,51215.613537311554
-8223,-8222,351,51361.165175676346
-8223,-8222,352,51506.75759625435
-8223,-8222,353,51652.41762948036
-8223,-8222,354,51798.08231425285
-8223,-8223,355,51943.81481838226
-8223,-8222,356,52089.44735074043
-8223,-8222,357,52234.07706809044
-8223,-8222,358,52379.55121445656
-8223,-8222,359,52524.88689613342
-8223,-8222,360,52669.775999069214
-8223,-8222,361,52815.24222230911
-8223,-8222,362,52960.58054280281
-8223,-8223,363,53106.04614043236
-8223,-8222,364,53251.568088293076
-8223,-8222,365,53396.89163994789
-8223,-8222,366,53542.31150007248
-8223,-8222,367,53687.63184094429
-8223,-8222,368,53833.087305784225
-8223,-8222,369,53978.3677315712
-8223,-8222,370,54123.68802571297
-8223,-8223,371,54269.26613688469
-8223,-8222,372,54414.959305763245
-8223,-8222,373,54560.293998003006
-8223,-8223,374,54705.70619869232
-8223,-8223,375,54850.730098724365
-8223,-8222,376,54996.160908699036
-8223,-8222,377,55141.615283966064
-8223,-8222,378,55286.323622465134
-8223,-8222,379,55430.8972055912
-8223,-8222,380,55576.19613933563
-8223,-8222,381,55721.625851631165
-8223,-8223,382,55866.97775912285
-8223,-8222,383,56012.40627002716
-8223,-8222,384,56157.609013319016
-8223,-8223,385,56302.46927332878
-8223,-8223,386,56447.68517255783
-8223,-8222,387,56593.169123888016
-8223,-8222,388,56738.54136347771
-8223,-8222,389,56883.721021175385
-8223,-8223,390,57029.167062044144
-8223,-8222,391,57174.69420361519
-8223,-8222,392,57319.20028781891
-8223,-8222,393,57464.22758436203
-8223,-8223,394,57609.85545921326
-8223,-8222,395,57754.4390335083
-8223,-8222,396,57899.785269737244
-8223,-8222,397,58044.337852716446
-8223,-8222,398,58189.65206551552
-8223,-8222,399,58335.02428507805
-8223,-8222,400,58480.42375612259
-8223,-8222,401,58625.13550257683
-8223,-8222,402,58770.326553583145
-8223,-8222,403,58915.769508600235
-8223,-8222,404,59061.11932015419
-8223,-8222,405,59206.43681430817
-8223,-8222,406,59351.03057718277
-8223,-8222,407,59495.76701402664
-8223,-8222,408,59641.25
-8223,-8222,409,59786.658947467804
-8223,-8222,410,59932.057893037796
-8223,-8222,411,60077.44210100174
-8223,-8222,412,60222.61603689194
-8223,-8222,413,60367.911871910095
-8223,-8222,414,60512.42880439758
-8223,-8222,415,60657.89523720741
-8223,-8222,416,60803.307374715805
-8223,-8222,417,60948.708517074585
-8223,-8222,418,61094.16132044792
-8223,-8222,419,61239.65161681175
-8223,-8222,420,61384.85382580757
-8223,-8222,421,61530.0112965107
-8223,-8222,422,61675.337273836136
-8223,-8222,423,61820.66941356659
-8223,-8222,424,61965.92029309273
-8223,-8222,425,62110.87523531914
-8223,-8222,426,62256.274243831635
-8223,-8222,427,62401.63877630234
-8223,-8223,428,62546.94039964676
-8223,-8222,429,62692.21398639679
-8223,-8222,430,62837.51473355293
-8223,-8222,431,62982.90685272217
-8223,-8223,432,63128.195378780365
-8223,-8222,433,63273.502150297165
-8223,-8222,434,63418.74010133743
-8223,-8222,435,63563.39623212814
-8223,-8223,436,63708.63955402374
-8223,-8222,437,63853.779729127884
-8223,-8222,438,63999.03289151192
-8223,-8222,439,64144.17771196365
-8223,-8222,440,64289.58595371246
-8223,-8222,441,64434.90588402748
-8223,-8222,442,64580.2494456768
-8223,-8222,443,64725.51853632927
-8223,-8222,444,64870.96206021309
-8223,-8223,445,65016.04792547226
-8223,-8222,446,65161.302936553955
-8223,-8222,447,65306.673723459244
-8223,-8222,448,65451.007076740265
-8223,-8222,449,65596.38300132751
-8223,-8222,450,65741.71382188797
-8223,-8222,451,65886.80510830879
-8223,-8222,452,66032.04739332199
-8223,-8222,453,66177.40520095825
-8223,-8223,454,66322.69726061821
-8223,-8222,455,66468.135576725
-8223,-8222,456,66613.36066746712
-8223,-8222,457,66758.5993938446
-8223,-8222,458,66903.65829563141
-8223,-8222,459,67048.75510954857
-8223,-8223,460,67194.14451241493
-8223,-8222,461,67339.60034513474
-8223,-8222,462,67484.76377797127
-8223,-8223,463,67629.97814846039
-8223,-8223,464,67774.55935287476
-8223,-8222,465,67918.98002743721
-8223,-8222,466,68063.65440964699
-8223,-8222,467,68208.84595370293
-8223,-8222,468,68354.10555195808
-8223,-8222,469,68499.23594546318
-8223,-8222,470,68644.59862160683
-8223,-8222,471,68790.02211523056
-8223,-8222,472,68935.27319216728
-8223,-8222,473,69080.57333540916
-8223,-8222,474,69225.9444038868
-8223,-8222,475,69370.47448968887
-8223,-8222,476,69515.70239567757
-8223,-8222,477,69660.7893614769
-8223,-8222,478,69805.82869553566
-8223,-8222,479,69951.11527872086
-8223,-8222,480,70096.40226340294
-8223,-8222,481,70240.95552420616
-8223,-8222,482,70385.7613017559
-8223,-8222,483,70530.98167610168
-8223,-8222,484,70675.67197465897
-8223,-8222,485,70820.78455758095
-8223,-8223,486,70966.04657554626
-8223,-8222,487,71111.31052279472
-8223,-8223,488,71255.95502877235
-8223,-8222,489,71401.19073843956
-8223,-8222,490,71546.28945589066
-8223,-8222,491,71691.39013886452
-8223,-8223,492,71836.75227856636
-8223,-8222,493,71981.93630003929