
-19001,-19001,0,91.03462791442871
-19053,-19053,1,209.52512407302856
-19082,-19082,2,325.2425889968872
-19098,-19098,3,444.3785662651062
-19122,-19122,4,562.8078773021698
-19133,-19133,5,680.8421370983124
-19149,-19149,6,797.5849297046661
-19166,-19166,7,914.3560981750488
-19171,-19171,8,1030.0014753341675
-19176,-19176,9,1145.2961332798004
-19187,-19187,10,1259.1259446144104
-19194,-19194,11,1372.5087251663208
-19201,-19201,12,1484.6034379005432
-19208,-19208,13,1596.753782749176
-19215,-19215,14,1708.109661579132
-19222,-19222,15,1819.5571675300598
-19224,-19224,16,1930.2536911964417
-19227,-19227,17,2041.248874425888
-19229,-19229,18,2150.821826696396
-19231,-19231,19,2260.990690469742
-19234,-19234,20,2370.6731283664703
-19239,-19239,21,2480.6977376937866
-19239,-19239,22,2589.711377620697
-19241,-19241,23,2699.5250487327576
-19241,-19241,24,2808.0397601127625
-19242,-19242,25,2917.697189807892
-19245,-19245,26,3026.5756833553314
-19246,-19246,27,3136.7527067661285
-19246,-19246,28,3246.43736076355
-19246,-19246,29,3356.483968734741
-19248,-19248,30,3465.8652260303497
-19250,-19250,31,3576.2089505195618
-19250,-19250,32,3685.7332661151886
-19250,-19250,33,3795.8869915008545
-19253,-19253,34,3905.610236644745
-19253,-19251,35,4016.1895768642426
-19255,-19255,36,4125.675662755966
-19255,-19254,37,4236.2108545303345
-19255,-19254,38,4345.866741895676
-19255,-19255,39,4456.170646905899
-19255,-19255,40,4565.964382648468
-19255,-19254,41,4676.717800378799
-19256,-19256,42,4786.624420881271
-19256,-19256,43,4897.571921110153
-19256,-19256,44,5007.726262331009
-19257,-19257,45,5118.780785083771
-19257,-19257,46,5229.053244590759
-19258,-19258,47,5340.139866113663
-19258,-19258,48,5450.663369655609
-19259,-19259,49,5561.929832458496
-19259,-19259,50,5672.331032276154
-19259,-19259,51,5783.2778260707855
-19259,-19259,52,5893.605813264847
-19259,-19259,53,6004.989647865295
-19259,-19259,54,6115.339699745178
-19259,-19258,55,6226.930110216141
-19259,-19259,56,6337.548675060272
-19259,-19259,57,6448.971622228622
-19261,-19261,58,6559.730490684509
-19261,-19261,59,6671.079600095749
-19261,-19261,60,6781.955746173859
-19262,-19262,61,6893.66884803772
-19262,-19262,62,7004.504370212555
-19262,-19262,63,7116.034407377243
-19262,-19262,64,7227.101531982422
-19262,-19262,65,7339.011724233627
-19262,-19262,66,7450.253648281097
-19263,-19263,67,7562.182074308395
-19263,-19263,68,7673.404758453369
-19263,-19263,69,7785.516201972961
-19263,-19263,70,7896.698386669159
-19263,-19263,71,8008.508033514023
-19263,-19263,72,8119.654149055481
-19263,-19263,73,8231.467725038528
-19264,-19264,74,8342.708507061005
-19264,-19264,75,8454.76022696495
-19264,-19264,76,8565.899756908417
-19264,-19264,77,8678.08019042015
-19264,-19264,78,8789.654423236847
-19265,-19265,79,8901.654907941818
-19266,-19266,80,9013.023960113525
-19267,-19267,81,9125.297746896744
-19267,-19266,82,9236.521828651428
-19267,-19266,83,9348.8837454319
-19267,-19267,84,9460.443868398666
-19267,-19267,85,9572.793672323227
-19267,-19267,86,9684.726578712463
-19267,-19267,87,9797.33510684967
-19267,-19267,88,9908.916573524475
-19269,-19269,89,10021.242611408234
-19269,-19269,90,10132.980474233627
-19270,-19270,91,10245.770247459412
-19271,-19271,92,10357.622947454453
-19271,-19271,93,10470.02238893509
-19271,-19271,94,10581.95279765129
-19271,-19271,95,10694.485399723053
-19271,-19271,96,10806.185965061188
-19271,-19271,97,10918.888403177261
-19272,-19272,98,11030.763981819153
-19272,-19272,99,11143.66781949997
-19272,-19271,100,11255.581411361694
-19272,-19272,101,11368.213886022568
-19272,-19272,102,11480.031221866608
-19272,-19272,103,11592.74646806717
-19272,-19272,104,11704.909697294235
-19272,-19272,105,11817.93927192688
-19272,-19272,106,11930.075481414795
-19272,-19272,107,12042.997673034668
-19272,-19272,108,12155.248061180115
-19272,-19272,109,12268.470626354218
-19272,-19272,110,12380.67102265358
-19272,-19272,111,12493.448740720749
-19272,-19272,112,12605.592176914215
-19272,-19272,113,12718.27067565918
-19272,-19272,114,12830.24301457405
-19272,-19272,115,12942.988488435745
-19272,-19272,116,13054.94478058815
-19272,-19272,117,13167.62803196907
-19272,-19272,118,13279.791466236115
-19272,-19272,119,13392.48880314827
-19273,-19273,120,13504.492660522461
-19273,-19273,121,13616.980747938156
-19273,-19273,122,13728.902153015137
-19274,-19274,123,13841.50468325615
-19274,-19273,124,13953.042699337006
-19274,-19273,125,14065.63583111763
-19274,-19273,126,14177.432470798492
-19274,-19274,127,14290.453287124634
-19274,-19274,128,14402.315698385239
-19274,-19274,129,14515.177182912827
-19274,-19274,130,14626.998993873596
-19274,-19274,131,14739.660585403442
-19274,-19274,132,14851.915382146835
-19274,-19274,133,14964.85439825058
-19274,-19274,134,15077.004856586456
-19274,-19274,135,15189.919380903244
-19274,-19274,136,15302.001507759094
-19274,-19274,137,15414.858794927597
-19275,-19275,138,15526.957726478577
-19275,-19275,139,15639.873639345169
-19275,-19275,140,15751.998617887497
-19275,-19275,141,15864.890726804733
-19275,-19275,142,15976.796582698822
-19275,-19275,143,16089.869961738586
-19275,-19275,144,16201.965407848358
-19275,-19275,145,16315.073923587799
-19275,-19275,146,16427.16173362732
-19275,-19275,147,16540.279372930527
-19275,-19275,148,16652.725512742996
-19276,-19276,149,16765.79801416397
-19276,-19275,150,16877.966099977493
-19276,-19276,151,16990.742603302002
-19276,-19276,152,17103.035999774933
-19276,-19276,153,17216.04917526245
-19276,-19276,154,17328.324917554855
-19276,-19276,155,17441.068345069885
-19276,-19276,156,17552.962894916534
-19277,-19277,157,17665.84624648094
-19277,-19277,158,17777.97368502617
-19277,-19277,159,17890.677867889404
-19277,-19277,160,18002.631486415863
-19278,-19278,161,18115.156959295273
-19278,-19278,162,18227.03475689888
-19278,-19278,163,18339.856595993042
-19279,-19279,164,18451.986793756485
-19279,-19279,165,18564.887763500214
-19279,-19279,166,18676.80946969986
-19279,-19279,167,18789.631064653397
-19279,-19279,168,18901.705273151398
-19279,-19278,169,19014.562719106674
-19279,-19279,170,19126.702463388443
-19279,-19278,171,19239.8875105381
-19279,-19279,172,19351.843947649002
-19279,-19279,173,19464.66699886322
-19279,-19279,174,19576.944068670273
-19279,-19279,175,19689.80759191513
-19279,-19279,176,19802.05134344101
-19279,-19279,177,19915.24985551834
-19279,-19279,178,20027.38578724861
-19279,-19279,179,20140.26711153984
-19279,-19279,180,20252.46204018593
-19279,-19279,181,20365.33499765396
-19279,-19279,182,20477.263906240463
-19279,-19279,183,20590.289833545685
-19279,-19279,184,20702.60740184784
-19280,-19280,185,20816.03814816475
-19280,-19280,186,20928.717683315277
-19281,-19281,187,21041.90535569191
-19281,-19280,188,21154.34653043747
-19281,-19281,189,21267.719635009766
-19281,-19280,190,21380.281409978867
-19281,-19281,191,21493.631724596024
-19281,-19281,192,21606.098762989044
-19281,-19281,193,21719.185217142105
-19281,-19281,194,21831.701053142548
-19281,-19281,195,21945.067198753357
-19281,-19281,196,22057.49220442772
-19281,-19281,197,22170.69321346283
-19281,-19281,198,22283.11803174019
-19281,-19281,199,22396.34125161171
-19281,-19281,200,22509.07758998871
-19281,-19281,201,22622.3624420166
-19281,-19281,202,22734.542759895325
-19281,-19281,203,22847.591452121735
-19281,-19281,204,22959.77060675621
-19281,-19281,205,23073.1207344532
-19282,-19282,206,23185.457121133804
-19282,-19282,207,23298.581431150436
-19282,-19282,208,23411.168923854828
-19282,-19282,209,23524.17975950241
-19282,-19282,210,23636.60706448555
-19282,-19282,211,23749.529935359955
-19282,-19282,212,23861.421183109283
-19282,-19282,213,23974.72080016136
-19282,-19282,214,24086.98096370697
-19282,-19282,215,24199.9477288723
-19282,-19282,216,24311.894374132156
-19282,-19282,217,24424.726326942444
-19282,-19282,218,24536.496732234955
-19282,-19282,219,24649.42803788185
-19283,-19283,220,24761.557513713837
-19283,-19283,221,24874.571729660034
-19283,-19283,222,24987.190705299377
-19283,-19283,223,25100.330414772034
-19283,-19283,224,25213.184072494507
-19283,-19283,225,25326.361428022385
-19283,-19283,226,25438.549772500992
-19283,-19283,227,25551.309206962585
-19283,-19283,228,25663.660803318024
-19283,-19283,229,25776.8301320076
-19283,-19283,230,25889.246783733368
-19283,-19283,231,26002.41282224655
-19283,-19283,232,26114.68634390831
-19283,-19283,233,26227.945065259933
-19283,-19283,234,26340.16295647621
-19283,-19283,235,26452.99050951004
-19283,-19283,236,26565.249752283096
-19283,-19283,237,26678.6976480484
-19283,-19283,238,26791.194747924805
-19283,-19283,239,26904.08885550499
-19283,-19283,240,27016.40760731697
-19283,-19283,241,27129.577010154724
-19283,-19283,242,27241.936160564423
-19283,-19283,243,27355.084505319595
-19283,-19283,244,27467.681543827057
-19283,-19283,245,27580.62313437462
-19283,-19283,246,27692.814930677414
-19283,-19283,247,27805.68282365799
-19283,-19283,248,27917.90906906128
-19283,-19283,249,28030.911458969116
-19283,-19283,250,28143.034744262695
-19283,-19283,251,28256.149785995483
-19283,-19283,252,28368.497725725174
-19284,-19284,253,28481.53434419632
-19284,-19284,254,28594.064548254013
-19284,-19284,255,28707.11463546753
-19284,-19284,256,28819.31891322136
-19284,-19284,257,28932.24293613434
-19284,-19284,258,29044.501808404922
-19284,-19284,259,29157.328171014786
-19284,-19284,260,29269.26935696602
-19284,-19284,261,29382.25392651558
-19284,-19284,262,29494.340534448624
-19284,-19284,263,29607.251777410507
-19284,-19284,264,29719.374737262726
-19284,-19284,265,29832.418075323105
-19284,-19284,266,29944.696838855743
-19284,-19284,267,30057.619206666946
-19284,-19284,268,30169.834857463837
-19284,-19284,269,30282.703550338745
-19284,-19284,270,30395.251217842102
-19284,-19284,271,30508.113780260086
-19284,-19284,272,30620.348654985428
-19284,-19284,273,30733.428649187088
-19284,-19284,274,30845.764554023743
-19284,-19284,275,30958.831277132034
-19284,-19284,276,31071.05215024948
-19284,-19284,277,31184.218895435333
-19284,-19284,278,31296.501137018204
-19284,-19284,279,31409.515903949738
-19284,-19284,280,31521.73770928383
-19284,-19284,281,31634.930908441544
-19284,-19284,282,31747.19266462326
-19284,-19284,283,31860.48062968254
-19284,-19284,284,31972.933706998825
-19284,-19284,285,32085.847356319427
-19284,-19284,286,32198.195782661438
-19284,-19284,287,32311.687039375305
-19284,-19284,288,32423.86862206459
-19284,-19284,289,32537.170050621033
-19284,-19284,290,32649.56389927864
-19284,-19284,291,32762.681364297867
-19284,-19284,292,32875.14549732208
-19284,-19284,293,32988.3490524292
-19284,-19284,294,33100.645622968674
-19284,-19284,295,33213.743810892105
-19284,-19284,296,33326.230862379074
-19284,-19284,297,33439.297575712204
-19284,-19284,298,33551.79456424713
-19284,-19284,299,33665.031914711
-19285,-19285,300,33777.37227892876
-19285,-19285,301,33890.832357645035
-19285,-19284,302,34003.0513548851
-19285,-19285,303,34116.030452251434
-19285,-19285,304,34228.251282930374
-19285,-19285,305,34341.313556194305
-19285,-19284,306,34453.91156101227
-19285,-19285,307,34567.00466990471
-19285,-19285,308,34679.54235291481
-19285,-19284,309,34792.70979452133
-19285,-19284,310,34905.01779460907
-19285,-19284,311,35017.85890746117
-19285,-19285,312,35130.492057323456
-19285,-19285,313,35243.51484704018
-19285,-19285,314,35356.07674622536
-19285,-19285,315,35469.24988222122
-19285,-19285,316,35581.52508974075
-19285,-19285,317,35694.955273389816
-19285,-19285,318,35807.593168497086
-19285,-19285,319,35920.94908452034
-19285,-19285,320,36033.51361680031
-19285,-19285,321,36146.89722824097
-19285,-19285,322,36259.144080877304
-19285,-19285,323,36372.17520427704
-19285,-19285,324,36484.512765169144
-19285,-19285,325,36597.55667614937
-19285,-19285,326,36709.91671061516
-19285,-19285,327,36822.752395153046
-19285,-19285,328,36934.95742726326
-19285,-19285,329,37048.0886926651
-19285,-19285,330,37160.61884856224
-19285,-19285,331,37273.477612018585
-19286,-19286,332,37385.80430197716
-19286,-19286,333,37498.61691713333
-19286,-19286,334,37610.77720403671
-19287,-19287,335,37723.58933138847
-19287,-19287,336,37835.99471569061
-19287,-19287,337,37949.137038469315
-19287,-19286,338,38061.15722107887
-19287,-19287,339,38174.39666438103
-19287,-19287,340,38286.4267809391
-19287,-19287,341,38399.52076935768
-19287,-19287,342,38511.6637032032
-19287,-19287,343,38624.44694876671
-19287,-19287,344,38736.38156890869
-19287,-19287,345,38849.43360257149
-19287,-19287,346,38961.961971998215
-19287,-19287,347,39074.97062802315
-19287,-19287,348,39187.262530088425
-19287,-19287,349,39300.392583847046
-19287,-19287,350,39412.91775083542
-19287,-19287,351,39525.81787395477
-19287,-19287,352,39637.91080951691
-19287,-19287,353,39750.798763513565
-19287,-19287,354,39863.19047808647
-19287,-19287,355,39975.88716387749
-19288,-19288,356,40088.16233968735
-19288,-19287,357,40201.322518348694
-19288,-19288,358,40313.791311740875
-19288,-19288,359,40426.7095413208
-19288,-19288,360,40539.06401491165
-19288,-19288,361,40652.46302461624
-19288,-19288,362,40765.03707718849
-19288,-19288,363,40878.17285656929
-19288,-19288,364,40990.2484087944
-19288,-19288,365,41103.28035449982
-19288,-19288,366,41215.48770952225
-19288,-19288,367,41328.65272688866
-19288,-19288,368,41440.96666622162
-19288,-19288,369,41554.31657409668
-19288,-19288,370,41666.80680561066
-19288,-19288,371,41780.02495646477
-19288,-19288,372,41892.52395820618
-19288,-19288,373,42005.616909980774
-19288,-19288,374,42118.00542926788
-19288,-19288,375,42231.24520897865
-19288,-19288,376,42343.43079948425
-19288,-19288,377,42456.31060910225
-19288,-19288,378,42568.49053120613
-19288,-19288,379,42681.504924058914
-19288,-19288,380,42793.997827768326
-19288,-19288,381,42906.75596356392
-19288,-19288,382,43018.908073186874
-19288,-19288,383,43131.71644997597
-19288,-19288,384,43243.7184445858
-19288,-19288,385,43356.750215530396
-19288,-19288,386,43468.77248215675
-19288,-19288,387,43581.8882920742
-19288,-19288,388,43694.27932572365
-19288,-19288,389,43807.36093997955
-19288,-19288,390,43919.51866173744
-19288,-19288,391,44032.64185023308
-19288,-19288,392,44144.96111679077
-19288,-19288,393,44257.72028660774
-19288,-19288,394,44370.168286800385
-19288,-19288,395,44483.055035829544
-19288,-19288,396,44595.10904812813
-19288,-19288,397,44708.129274368286
-19288,-19288,398,44820.32840490341
-19288,-19288,399,44933.4881978035
-19288,-19288,400,45045.81143736839
-19288,-19288,401,45158.636425971985
-19288,-19288,402,45270.788123846054
-19288,-19288,403,45383.5358171463
-19288,-19288,404,45496.14824748039
-19288,-19288,405,45609.108837366104
-19288,-19288,406,45721.50648570061
-19288,-19288,407,45834.763468027115
-19288,-19288,408,45946.61079502106
-19288,-19288,409,46059.707182884216
-19288,-19288,410,46171.78795003891
-19288,-19288,411,46284.59991335869
-19288,-19288,412,46396.5778837204
-19288,-19288,413,46509.35569548607
-19288,-19288,414,46621.39844584465
-19288,-19288,415,46734.13965129852
-19288,-19288,416,46846.34146261215
-19288,-19288,417,46959.332337617874
-19288,-19288,418,47071.43365216255
-19288,-19288,419,47184.215878248215
-19288,-19288,420,47296.2799782753
-19288,-19288,421,47408.98880767822
-19288,-19288,422,47521.05647325516
-19288,-19288,423,47633.80414271355
-19288,-19288,424,47745.79732966423
-19288,-19288,425,47858.48311853409
-19288,-19288,426,47970.54129433632
-19288,-19288,427,48083.11107611656
-19288,-19288,428,48195.51289701462
-19288,-19288,429,48308.52579545975
-19288,-19288,430,48420.61366891861
-19288,-19288,431,48533.40410399437
-19288,-19288,432,48645.145384311676
-19288,-19288,433,48757.96852493286
-19288,-19288,434,48870.249700307846
-19288,-19288,435,48983.11346626282
-19288,-19288,436,49095.071108818054
-19288,-19288,437,49207.59663772583
-19288,-19288,438,49319.598813056946
-19288,-19288,439,49432.4078168869
-19288,-19288,440,49544.525107860565
-19288,-19288,441,49657.30675697327
-19288,-19288,442,49769.43813300133
-19288,-19288,443,49882.21070623398
-19288,-19288,444,49994.09091448784
-19288,-19288,445,50106.56479048729
-19288,-19288,446,50218.436207056046
-19288,-19288,447,50330.990897893906
-19288,-19288,448,50442.77832365036
-19288,-19288,449,50555.523611307144
-19288,-19288,450,50667.48639822006
-19288,-19288,451,50780.11596083641
-19288,-19288,452,50891.941001176834
-19288,-19288,453,51004.60200071335
-19288,-19288,454,51116.72578048706
-19288,-19288,455,51229.52930521965
-19288,-19288,456,51341.78486919403
-19288,-19288,457,51454.32451200485
-19288,-19288,458,51566.35985803604
-19288,-19288,459,51679.00061559677
-19288,-19288,460,51791.16456604004
-19288,-19288,461,51903.993706703186
-19288,-19288,462,52015.96890497208
-19288,-19288,463,52128.43925380707
-19288,-19288,464,52240.630113601685
-19288,-19288,465,52353.46714067459
-19288,-19288,466,52465.58386826515
-19288,-19288,467,52578.4028134346
-19288,-19288,468,52690.505056381226
-19288,-19288,469,52803.39384531975
-19288,-19288,470,52915.393347263336
-19288,-19288,471,53028.33745265007
-19288,-19288,472,53140.16957402229
-19288,-19288,473,53253.249529123306
-19288,-19288,474,53365.2734773159
-19288,-19288,475,53477.89617371559
-19288,-19288,476,53589.86069011688
-19288,-19288,477,53702.75570011139
-19288,-19288,478,53814.647168159485
-19288,-19288,479,53927.263401031494
-19288,-19288,480,54038.997160196304
-19288,-19288,481,54151.592547893524
-19288,-19288,482,54263.54699420929
-19288,-19288,483,54376.09695458412
-19288,-19288,484,54488.0001373291
-19288,-19288,485,54600.31999349594
-19288,-19288,486,54712.079474925995
-19288,-19288,487,54824.58244919777
-19288,-19288,488,54936.41283369064
-19288,-19288,489,55049.12794446945
-19288,-19288,490,55161.184017419815
-19288,-19288,491,55273.91080927849
-19288,-19288,492,55385.891976594925
-19288,-19288,493,55498.535678863525
-19288,-19288,494,55610.45314788818
-19288,-19288,495,55723.02168512344
-19288,-19288,496,55834.96276831627
-19288,-19288,497,55947.66008853912
-19288,-19288,498,56059.78465628624
-19288,-19288,499,56172.53345704079
-19288,-19288,500,56284.68610787392
-19288,-19288,501,56397.540054798126
-19288,-19288,502,56509.61516785622
-19288,-19288,503,56622.3559615612
-19288,-19288,504,56734.41949558258
-19288,-19288,505,56847.1551990509
-19288,-19288,506,56959.049772024155
-19288,-19288,507,57071.787373542786
-19288,-19288,508,57183.58188009262
-19288,-19288,509,57296.077937841415
-19288,-19288,510,57408.103238105774
-19288,-19288,511,57520.91162133217
-19288,-19288,512,57632.98404240608
-19288,-19288,513,57745.798578977585
-19288,-19288,514,57857.83581280708
-19288,-19288,515,57970.40373754501
-19288,-19288,516,58082.27306365967
-19288,-19288,517,58194.758910894394
-19288,-19288,518,58306.613659620285
-19288,-19288,519,58419.230894804
-19288,-19288,520,58531.11271071434
-19288,-19288,521,58643.69425559044
-19288,-19288,522,58755.53991103172
-19288,-19288,523,58868.24841475487
-19288,-19288,524,58980.41969847679
-19288,-19288,525,59093.25076556206
-19288,-19288,526,59205.52704644203
-19288,-19288,527,59318.56120085716
-19288,-19288,528,59430.672955513
-19288,-19288,529,59543.471224308014
-19288,-19288,530,59655.5598859787
-19288,-19288,531,59768.159531116486
-19288,-19288,532,59879.97395300865
-19288,-19288,533,59992.68233370781
-19288,-19288,534,60104.69481086731
-19288,-19288,535,60217.6106698513
-19288,-19288,536,60329.74976491928
-19288,-19288,537,60442.63673901558
-19288,-19288,538,60554.51661348343
-19288,-19288,539,60667.32612109184
-19288,-19288,540,60779.26999139786
-19288,-19288,541,60892.06463575363
-19288,-19288,542,61004.06366562843
-19288,-19288,543,61116.9213385582
-19288,-19288,544,61228.69601035118
-19288,-19288,545,61341.58095622063
-19288,-19288,546,61453.3320851326
-19288,-19288,547,61566.05789899826
-19288,-19288,548,61678.25475239754
-19288,-19288,549,61791.19483566284
-19288,-19288,550,61903.28188705444
-19288,-19288,551,62016.259127378464
-19288,-19288,552,62128.14391207695
-19288,-19288,553,62240.92564415932
-19288,-19288,554,62352.958231925964
-19288,-19288,555,62465.51752233505
-19288,-19288,556,62577.38472676277
-19288,-19288,557,62690.29680252075
-19288,-19288,558,62802.404088974
-19288,-19288,559,62915.39623212814
-19288,-19288,560,63027.55726122856
-19288,-19288,561,63140.32790803909
-19288,-19288,562,63252.337374448776
-19288,-19288,563,63365.05401420593
-19288,-19288,564,63477.20024752617
-19288,-19288,565,63590.43513083458
-19288,-19288,566,63702.21373462677
-19288,-19288,567,63814.93972706795
-19288,-19288,568,63926.7432384491
-19288,-19288,569,64039.419075250626
-19288,-19288,570,64151.53479599953
-19288,-19288,571,64264.35886526108
-19288,-19288,572,64376.366533756256
-19288,-19288,573,64489.13745331764
-19288,-19288,574,64601.1028676033
-19288,-19288,575,64713.848650217056
-19288,-19288,576,64825.75933241844
-19288,-19288,577,64938.65592741966
-19288,-19288,578,65050.931943655014
-19288,-19288,579,65163.87564563751
-19288,-19288,580,65275.871487379074
-19288,-19288,581,65388.691849946976
-19288,-19288,582,65500.55035471916
-19288,-19288,583,65613.37146019936
-19288,-19288,584,65725.28451919556
-19288,-19288,585,65838.06481266022
-19288,-19288,586,65950.36187934875
-19288,-19288,587,66063.13047719002
-19288,-19288,588,66174.91049313545
-19288,-19288,589,66287.84324526787
-19288,-19288,590,66400.24180221558
-19288,-19288,591,66512.97612094879
-19288,-19288,592,66624.98691868782
-19288,-19288,593,66737.77101922035
-19288,-19288,594,66849.80733776093
-19288,-19288,595,66962.25330138206
-19288,-19288,596,67073.86468625069
-19288,-19288,597,67186.81300902367
-19288,-19288,598,67298.57059383392
-19288,-19288,599,67411.14176392555
-19288,-19288,600,67522.91556859016
-19288,-19288,601,67635.98310279846
-19288,-19288,602,67748.07273316383
-19288,-19288,603,67861.02070593834
-19288,-19288,604,67972.94174528122
-19288,-19288,605,68085.9648077488
-19288,-19288,606,68198.01713323593
-19288,-19288,607,68310.61554121971
-19288,-19288,608,68422.64992690086
-19288,-19288,609,68535.55573797226
-19288,-19288,610,68647.69188189507
-19288,-19288,611,68760.29961490631
-19288,-19288,612,68872.20683336258
-19288,-19288,613,68985.04327392578
-19288,-19288,614,69097.09233808517
-19288,-19288,615,69209.8493566513
-19288,-19288,616,69321.97773337364
-19288,-19288,617,69434.95516848564
-19288,-19288,618,69546.93234086037
-19288,-19288,619,69659.99562859535
-19288,-19288,620,69772.07125544548
-19288,-19288,621,69885.00562858582
-19288,-19288,622,69997.40065217018
-19288,-19288,623,70110.29045271873
-19288,-19288,624,70222.59040689468
-19288,-19288,625,70335.30634880066
-19288,-19288,626,70447.34573101997
-19288,-19288,627,70560.25429582596
-19288,-19288,628,70672.43035149574
-19288,-19288,629,70785.3807618618
-19288,-19288,630,70897.56572389603
-19288,-19288,631,71010.59529852867
-19288,-19288,632,71122.71224403381
-19288,-19288,633,71235.42741918564
-19288,-19288,634,71347.95668196678
-19288,-19288,635,71460.82939243317
-19288,-19288,636,71573.15486454964
-19288,-19288,637,71685.95661973953
-19288,-19288,638,71797.98422336578
-19288,-19288,639,71910.91071796417
-19288,-19288,640,72023.32029914856
-19288,-19288,641,72136.12089896202
-19288,-19288,642,72248.27341508865
-19288,-19288,643,72360.93475604057
-19288,-19288,644,72472.8476908207
-19288,-19288,645,72585.59068393707
-19288,-19288,646,72697.6926972866
-19288,-19288,647,72810.52594828606
-19288,-19288,648,72922.54726958275
-19288,-19288,649,73035.27916026115
-19288,-19288,650,73147.09285402298
-19288,-19288,651,73260.01543021202
-19288,-19288,652,73372.03847193718
-19288,-19288,653,73484.85012102127
-19288,-19288,654,73596.84180140495
-19288,-19288,655,73709.62740683556
-19288,-19288,656,73821.89193868637
-19288,-19288,657,73934.78483438492
-19288,-19288,658,74047.15780091286
-19288,-19288,659,74160.17393374443
-19288,-19288,660,74272.30473923683
-19288,-19288,661,74385.43354272842
-19288,-19288,662,74497.67086911201
-19288,-19288,663,74610.28899717331
-19288,-19288,664,74722.40014624596
-19288,-19288,665,74835.15478992462
-19288,-19288,666,74947.44873166084
-19288,-19288,667,75060.23346281052
-19288,-19288,668,75172.09669017792
-19288,-19288,669,75284.89914727211
-19288,-19288,670,75396.9737277031
-19288,-19288,671,75509.66966414452
-19288,-19288,672,75621.60731053352
-19288,-19288,673,75734.41989302635
-19288,-19288,674,75846.6240670681
-19288,-19288,675,75959.45001411438
-19288,-19288,676,76071.74533748627
-19288,-19288,677,76184.67930316925
-19288,-19288,678,76296.83034420013
-19288,-19288,679,76409.61646461487
-19288,-19288,680,76521.57211828232
-19288,-19288,681,76634.39940476418
-19288,-19288,682,76746.56057024002
-19288,-19288,683,76859.3187482357
-19288,-19288,684,76971.18775343895
-19288,-19288,685,77083.78786683083
-19288,-19288,686,77195.91236972809
-19288,-19288,687,77308.5808544159
-19288,-19288,688,77420.51230573654
-19288,-19288,689,77533.06879401207
-19288,-19288,690,77644.93447780609
-19288,-19288,691,77757.69171094894
-19288,-19288,692,77869.62959575653
-19288,-19288,693,77982.38105106354
-19288,-19288,694,78094.14673113823
-19288,-19288,695,78206.68546319008
-19288,-19288,696,78318.719009161
-19288,-19288,697,78431.48397445679
-19288,-19288,698,78543.61387109756
-19288,-19288,699,78656.24287724495
-19288,-19288,700,78768.42032885551
-19288,-19288,701,78881.45022439957
-19288,-19288,702,78993.59708404541
-19288,-19288,703,79106.58467841148
-19288,-19288,704,79218.75907349586
-19288,-19288,705,79331.94485425949
-19288,-19288,706,79444.08326101303
-19288,-19288,707,79556.93491220474
-19288,-19288,708,79668.96745324135
-19288,-19288,709,79782.00948095322
-19288,-19288,710,79894.11281657219
-19288,-19288,711,80006.83650183678
-19288,-19288,712,80119.02727603912
-19288,-19288,713,80232.14403748512
-19288,-19288,714,80344.3200211525
-19288,-19288,715,80457.12589716911
-19288,-19288,716,80569.24045443535
-19288,-19288,717,80682.0662791729
-19288,-19288,718,80794.22359323502
-19288,-19288,719,80907.27106904984
-19288,-19288,720,81019.1648440361
-19288,-19288,721,81131.95672869682
-19288,-19288,722,81244.07290935516
-19288,-19288,723,81357.1267092228
-19288,-19288,724,81469.13258957863
-19288,-19288,725,81582.071205616
-19288,-19288,726,81694.04034519196
-19288,-19288,727,81807.09081459045
-19288,-19288,728,81919.09918308258
-19288,-19288,729,82032.09933447838
-19288,-19288,730,82144.50109100342
-19288,-19288,731,82257.51677155495
-19288,-19288,732,82369.69926214218
-19288,-19288,733,82482.82030916214
-19288,-19288,734,82594.99828982353
-19288,-19288,735,82707.70980238914
-19288,-19288,736,82819.41072392464
-19288,-19288,737,82932.16687512398
-19288,-19288,738,83044.08345508575
-19288,-19288,739,83156.87768006325
-19288,-19288,740,83269.05896472931
-19288,-19288,741,83382.00290679932
-19288,-19288,742,83494.01804924011
-19288,-19288,743,83606.96411156654
-19288,-19288,744,83718.94045066833
-19288,-19288,745,83831.76297807693
-19288,-19288,746,83943.9710187912
-19288,-19288,747,84056.98165297508
-19288,-19288,748,84169.20822191238
-19288,-19288,749,84282.24877166748
-19288,-19288,750,84394.66666316986
-19288,-19288,751,84507.78910565376
-19288,-19288,752,84619.88646268845
-19288,-19288,753,84732.84378910065
-19288,-19288,754,84845.14839363098
-19288,-19288,755,84958.35244607925
-19288,-19288,756,85070.75618433952
-19288,-19288,757,85183.81032633781
-19288,-19288,758,85296.03275632858
-19288,-19288,759,85408.84009981155
-19288,-19288,760,85520.68791270256
-19288,-19288,761,85633.80604958534
-19288,-19288,762,85745.82765722275
-19288,-19288,763,85858.93715262413
-19288,-19288,764,85971.17549180984
-19288,-19288,765,86084.02243113518
-19288,-19288,766,86196.03771209717
-19288,-19288,767,86308.7571246624