
-5678,-5678,0,323.9732596874237
-5714,-5714,1,671.182541847229
-5724,-5724,2,1017.4688966274261
-5733,-5733,3,1366.7863104343414
-5740,-5740,4,1715.5647332668304
-5740,-5740,5,2064.0916028022766
-5741,-5741,6,2412.6878514289856
-5744,-5744,7,2761.215023756027
-5745,-5745,8,3109.695342063904
-5747,-5747,9,3458.0792758464813
-5748,-5748,10,3806.360557079315
-5748,-5748,11,4154.701362848282
-5748,-5748,12,4502.694082736969
-5749,-5749,13,4850.800509214401
-5749,-5749,14,5198.105395317078
-5750,-5750,15,5546.00128865242
-5750,-5750,16,5893.139138221741
-5750,-5750,17,6241.222107410431
-5754,-5754,18,6589.271795749664
-5754,-5754,19,6937.101422786713
-5755,-5755,20,7285.137602567673
-5755,-5755,21,7632.973386526108
-5755,-5755,22,7980.747533321381
-5755,-5755,23,8327.820204496384
-5756,-5756,24,8675.525648593903
-5757,-5757,25,9022.477674007416
-5757,-5757,26,9369.496319293976
-5757,-5757,27,9716.548991680145
-5757,-5757,28,10064.161064863205
-5757,-5757,29,10411.833431005478
-5757,-5757,30,10759.387127161026
-5757,-5757,31,11107.104167938232
-5757,-5757,32,11454.678619384766
-5757,-5757,33,11802.215677261353
-5757,-5757,34,12149.660066604614
-5757,-5757,35,12496.366166591644
-5757,-5757,36,12844.01358962059
-5757,-5757,37,13190.889543056488
-5757,-5757,38,13538.146962165833
-5757,-5757,39,13884.94160270691
-5757,-5757,40,14232.293673992157
-5757,-5757,41,14579.807201862335
-5757,-5757,42,14927.318238735199
-5757,-5757,43,15274.900631189346
-5757,-5757,44,15622.295642137527
-5757,-5757,45,15969.698122501373
-5757,-5757,46,16317.069566011429
-5757,-5757,47,16664.46620965004
-5757,-5757,48,17011.690113782883
-5757,-5757,49,17359.094878673553
-5757,-5757,50,17706.68015050888
-5757,-5757,51,18053.916739702225
-5757,-5757,52,18401.291383981705
-5757,-5757,53,18748.68795323372
-5757,-5757,54,19096.012519598007
-5757,-5757,55,19442.698313713074
-5758,-5758,56,19789.416936397552
-5758,-5758,57,20136.68771314621
-5758,-5758,58,20483.820209741592
-5758,-5758,59,20831.029372930527
-5759,-5759,60,21178.163460493088
-5759,-5759,61,21525.561936616898
-5759,-5759,62,21872.77258014679
-5759,-5759,63,22220.099750995636
-5759,-5759,64,22566.617983341217
-5759,-5759,65,22913.672960281372
-5759,-5759,66,23260.873795986176
-5759,-5759,67,23608.05346918106
-5759,-5759,68,23955.293439626694
-5759,-5759,69,24302.327239990234
-5759,-5759,70,24649.3630027771
-5759,-5759,71,24996.387880325317
-5759,-5759,72,25343.602121591568
-5759,-5759,73,25690.118265151978
-5759,-5759,74,26036.36829686165
-5759,-5759,75,26382.76433467865
-5759,-5759,76,26729.112910032272
-5759,-5759,77,27075.46536922455
-5759,-5759,78,27421.986704587936
-5759,-5759,79,27768.467472314835
-5759,-5759,80,28114.913480997086
-5759,-5759,81,28461.21316432953
-5759,-5759,82,28807.62730026245
-5760,-5760,83,29153.995767116547
-5760,-5759,84,29500.379328012466
-5760,-5759,85,29846.46452641487
-5760,-5759,86,30193.585490465164
-5760,-5759,87,30540.325886964798
-5760,-5760,88,30886.659561157227
-5760,-5759,89,31233.66439294815
-5760,-5759,90,31580.515322446823
-5760,-5759,91,31926.633756399155
-5760,-5760,92,32272.847495555878
-5760,-5760,93,32619.464129447937
-5760,-5759,94,32966.3866417408
-5760,-5760,95,33313.03224682808
-5760,-5760,96,33659.9316239357
-5760,-5760,97,34006.21438241005
-5760,-5760,98,34353.09295463562
-5760,-5760,99,34699.19666004181
-5760,-5760,100,35045.290986299515
-5760,-5760,101,35392.008145570755
-5760,-5760,102,35738.86422562599
-5761,-5761,103,36085.96035814285
-5761,-5761,104,36433.102351903915
-5761,-5761,105,36779.840280771255
-5761,-5761,106,37126.6697576046
-5761,-5761,107,37473.26127099991
-5761,-5761,108,37820.22814369202
-5761,-5761,109,38166.92271733284
-5761,-5761,110,38513.519612789154
-5761,-5761,111,38860.42214369774
-5761,-5761,112,39206.35821008682
-5761,-5761,113,39553.1730735302
-5761,-5761,114,39899.98302078247
-5761,-5761,115,40246.58397459984
-5761,-5761,116,40592.7329325676
-5761,-5761,117,40938.79999232292
-5761,-5761,118,41285.57297348976
-5761,-5761,119,41632.12225365639
-5761,-5761,120,41978.78149867058
-5761,-5761,121,42325.506162166595
-5761,-5761,122,42672.20745921135
-5761,-5761,123,43018.75659823418
-5761,-5761,124,43365.38541841507
-5761,-5761,125,43712.232078790665
-5761,-5761,126,44058.94956922531
-5761,-5761,127,44405.500472545624
-5761,-5761,128,44752.28227353096
-5761,-5761,129,45099.071573257446
-5761,-5761,130,45445.79934048653
-5761,-5761,131,45792.313710451126
-5761,-5761,132,46138.972038030624
-5761,-5761,133,46485.8475458622
-5761,-5761,134,46832.582421302795
-5761,-5761,135,47179.25051879883
-5761,-5761,136,47525.9770989418
-5761,-5761,137,47872.876953125
-5761,-5761,138,48219.49392199516
-5761,-5761,139,48566.23455166817
-5761,-5761,140,48912.89560317993
-5761,-5761,141,49259.33574771881
-5761,-5761,142,49606.19165086746
-5761,-5761,143,49952.58436369896
-5761,-5761,144,50299.21326804161
-5761,-5761,145,50645.350122213364
-5761,-5761,146,50991.31650805473
-5761,-5761,147,51338.366188287735
-5761,-5761,148,51684.81800866127
-5761,-5761,149,52031.36973118782
-5761,-5761,150,52378.11543631554
-5761,-5761,151,52724.680782556534
-5761,-5761,152,53071.399369716644
-5761,-5761,153,53418.02426028252
-5761,-5761,154,53764.64610981941
-5761,-5761,155,54111.34253716469
-5761,-5761,156,54457.854269742966
-5761,-5761,157,54803.62361383438
-5761,-5761,158,55150.25699734688
-5761,-5761,159,55496.94355916977
-5761,-5761,160,55843.3789870739
-5761,-5761,161,56189.920665979385
-5761,-5761,162,56536.50164461136
-5761,-5761,163,56882.84650063515
-5761,-5761,164,57229.29652571678
-5761,-5761,165,57575.0835082531
-5761,-5761,166,57921.62390303612
-5761,-5761,167,58268.3150510788
-5761,-5761,168,58614.30620956421
-5761,-5761,169,58960.86716079712
-5761,-5761,170,59307.795246362686
-5761,-5761,171,59654.32766914368
-5761,-5761,172,60000.92743206024
-5761,-5761,173,60346.66611981392
-5761,-5761,174,60693.065860033035
-5761,-5761,175,61039.622336149216
-5761,-5761,176,61386.07936835289
-5761,-5761,177,61732.04141974449
-5761,-5761,178,62078.5117623806
-5761,-5761,179,62425.03904032707
-5761,-5761,180,62771.418283462524
-5761,-5761,181,63117.124153375626
-5761,-5761,182,63463.62666749954
-5761,-5761,183,63810.04088973999
-5761,-5761,184,64156.64453244209
-5761,-5761,185,64503.199644088745
-5761,-5761,186,64849.639001607895
-5761,-5761,187,65195.929479599
-5761,-5761,188,65542.26057600975
-5761,-5761,189,65888.5945789814
-5761,-5761,190,66234.77212667465
-5761,-5761,191,66581.17069983482
-5761,-5761,192,66927.43226528168
-5761,-5761,193,67273.9054415226
-5761,-5761,194,67620.17025351524
-5761,-5761,195,67966.22739601135
-5761,-5761,196,68312.08620905876
-5761,-5761,197,68657.82503771782
-5761,-5761,198,69004.04509663582
-5761,-5761,199,69350.39559030533
-5761,-5761,200,69696.54586338997
-5761,-5761,201,70042.96388244629
-5761,-5761,202,70389.25764250755
-5761,-5761,203,70735.45738267899
-5761,-5761,204,71081.54248452187
-5761,-5761,205,71428.07358407974
-5761,-5761,206,71774.37500333786