
-9469,-9469,0,265.10304617881775
-9498,-9498,1,550.4121196269989
-9511,-9511,2,840.274197101593
-9534,-9534,3,1136.2537519931793
-9538,-9538,4,1433.7965428829193
-9549,-9549,5,1732.8257422447205
-9560,-9560,6,2032.3542611598969
-9567,-9567,7,2332.196706056595
-9570,-9570,8,2631.760999441147
-9577,-9577,9,2930.8620002269745
-9581,-9581,10,3228.521581888199
-9581,-9581,11,3524.96085524559
-9582,-9582,12,3820.4373576641083
-9583,-9583,13,4113.990135192871
-9586,-9586,14,4406.114132881165
-9586,-9586,15,4696.601459503174
-9586,-9586,16,4986.785445928574
-9587,-9587,17,5276.64595079422
-9589,-9589,18,5564.035238742828
-9589,-9589,19,5851.222427368164
-9590,-9590,20,6136.463740110397
-9590,-9590,21,6420.352489948273
-9591,-9591,22,6704.105343818665
-9591,-9590,23,6986.6514620780945
-9591,-9591,24,7269.2788116931915
-9591,-9591,25,7551.731427907944
-9592,-9592,26,7833.806550979614
-9592,-9592,27,8115.52605175972
-9592,-9592,28,8396.579888105392
-9592,-9592,29,8678.224564313889
-9592,-9592,30,8959.2921230793
-9592,-9592,31,9238.836750745773
-9592,-9592,32,9517.936489582062
-9592,-9592,33,9798.95077419281
-9592,-9592,34,10077.897024393082
-9592,-9592,35,10355.59060382843
-9592,-9592,36,10633.24995136261
-9592,-9592,37,10910.960952043533
-9592,-9592,38,11187.992196559906
-9592,-9592,39,11464.463574409485
-9592,-9592,40,11739.811636209488
-9592,-9592,41,12016.488802194595
-9592,-9592,42,12290.909332752228
-9592,-9592,43,12564.898276090622
-9592,-9592,44,12839.032361268997
-9592,-9592,45,13113.089944601059
-9592,-9592,46,13386.97574520111
-9592,-9592,47,13660.666180610657
-9592,-9592,48,13934.505817651749
-9592,-9592,49,14208.41193652153
-9592,-9592,50,14482.467593431473
-9592,-9592,51,14756.465665578842
-9593,-9593,52,15030.57845568657
-9593,-9593,53,15304.927192926407
-9593,-9592,54,15579.098749160767
-9593,-9593,55,15853.442409276962
-9593,-9593,56,16127.816110134125
-9593,-9593,57,16402.313327550888
-9593,-9593,58,16676.879616975784
-9593,-9593,59,16951.625821352005
-9593,-9593,60,17226.119391441345
-9593,-9593,61,17500.739237070084
-9593,-9593,62,17775.233281612396
-9593,-9593,63,18049.773114442825
-9593,-9593,64,18324.504272699356
-9593,-9593,65,18599.11049556732
-9593,-9593,66,18873.74241709709
-9593,-9593,67,19148.21209168434
-9593,-9593,68,19422.78835964203
-9593,-9593,69,19697.204785346985
-9593,-9593,70,19971.919313669205
-9593,-9593,71,20246.332832336426
-9593,-9593,72,20520.777812719345
-9593,-9593,73,20795.069509983063
-9593,-9593,74,21069.516840696335
-9593,-9593,75,21343.921862363815
-9593,-9593,76,21618.18269753456
-9593,-9593,77,21892.511860370636
-9593,-9593,78,22166.692372322083
-9593,-9593,79,22440.9707903862
-9593,-9593,80,22715.29579973221
-9593,-9593,81,22989.74805879593
-9593,-9593,82,23264.168823957443
-9593,-9593,83,23538.239279031754
-9593,-9593,84,23812.466054916382
-9593,-9593,85,24086.522849559784
-9593,-9593,86,24360.666098594666
-9593,-9593,87,24635.021896600723
-9593,-9593,88,24909.32831120491
-9593,-9593,89,25183.581869363785
-9593,-9593,90,25457.919090270996
-9593,-9593,91,25732.110876321793
-9593,-9593,92,26006.523377656937
-9593,-9593,93,26280.797269821167
-9593,-9593,94,26555.026858091354
-9593,-9593,95,26829.208633184433
-9593,-9593,96,27103.328197479248
-9593,-9593,97,27377.784145593643
-9593,-9593,98,27652.09688258171
-9593,-9593,99,27926.472454309464
-9593,-9593,100,28200.69510269165
-9593,-9593,101,28474.981927633286
-9593,-9593,102,28749.22669529915
-9593,-9593,103,29023.342814207077
-9593,-9593,104,29297.45775604248
-9593,-9593,105,29571.707629919052
-9593,-9593,106,29845.779779434204
-9593,-9593,107,30119.951546907425
-9593,-9593,108,30394.232820272446
-9593,-9593,109,30668.46764612198
-9593,-9593,110,30942.87589788437
-9593,-9593,111,31217.050835847855
-9593,-9593,112,31491.332963228226
-9593,-9593,113,31765.514396190643
-9593,-9593,114,32039.775164604187
-9593,-9593,115,32314.04816198349
-9593,-9593,116,32588.506442785263
-9593,-9593,117,32862.57914829254
-9593,-9593,118,33136.705174446106
-9593,-9593,119,33410.9803853035
-9593,-9593,120,33685.206303834915
-9593,-9593,121,33959.52879047394
-9593,-9593,122,34233.70423769951
-9593,-9593,123,34507.93759083748
-9593,-9593,124,34782.179987192154
-9593,-9593,125,35056.479801893234
-9593,-9593,126,35330.81418418884
-9593,-9593,127,35605.26908540726
-9593,-9593,128,35879.51720404625
-9593,-9593,129,36153.79453897476
-9593,-9593,130,36428.08665728569
-9593,-9593,131,36702.33686089516
-9593,-9593,132,36976.640711307526
-9593,-9593,133,37250.86586880684
-9593,-9593,134,37525.163402318954
-9593,-9593,135,37799.46477651596
-9593,-9593,136,38073.75123977661
-9593,-9593,137,38348.157490730286
-9593,-9593,138,38622.38261318207
-9593,-9593,139,38896.78231215477
-9593,-9593,140,39171.05205202103
-9593,-9593,141,39445.434705495834
-9593,-9593,142,39719.69103574753
-9593,-9593,143,39994.00387096405
-9593,-9593,144,40268.398497104645
-9593,-9593,145,40542.930027246475
-9593,-9593,146,40817.28425860405
-9593,-9593,147,41091.72041296959
-9593,-9593,148,41366.042979002
-9593,-9593,149,41640.57758140564
-9593,-9593,150,41915.02991604805
-9593,-9593,151,42189.50341486931
-9593,-9593,152,42463.80877017975
-9593,-9593,153,42738.039818286896
-9593,-9593,154,43012.51883006096
-9593,-9593,155,43286.8564581871
-9593,-9593,156,43561.167771816254
-9593,-9593,157,43835.56021332741
-9593,-9593,158,44110.074931144714
-9593,-9593,159,44384.40353894234
-9593,-9593,160,44658.91270661354
-9593,-9593,161,44933.220764398575
-9593,-9593,162,45207.5070874691
-9593,-9593,163,45481.840517282486
-9593,-9593,164,45756.32867503166
-9593,-9593,165,46030.68649339676
-9593,-9593,166,46305.16972208023
-9593,-9593,167,46579.52938103676
-9593,-9593,168,46854.07109069824
-9593,-9593,169,47128.45380091667
-9593,-9593,170,47402.759582042694
-9593,-9593,171,47677.11796092987
-9593,-9593,172,47951.89473199844
-9593,-9593,173,48226.35846853256
-9593,-9593,174,48500.96701979637
-9593,-9593,175,48775.54687619209
-9593,-9593,176,49050.85752892494
-9593,-9593,177,49326.20064687729
-9593,-9593,178,49601.38085317612
-9593,-9593,179,49876.917766571045
-9593,-9593,180,50152.44926118851
-9593,-9593,181,50427.89970898628
-9593,-9593,182,50703.04214525223
-9593,-9593,183,50978.44390487671
-9593,-9593,184,51254.04355740547
-9593,-9593,185,51529.48145222664
-9593,-9593,186,51804.780666828156
-9593,-9593,187,52080.250264167786
-9593,-9593,188,52355.71044540405
-9593,-9593,189,52631.1277718544
-9593,-9593,190,52906.193799734116
-9593,-9593,191,53180.61559295654
-9593,-9593,192,53455.25875496864
-9593,-9593,193,53730.72444009781
-9593,-9593,194,54005.910284757614
-9593,-9593,195,54281.03241658211
-9593,-9593,196,54556.29901409149
-9593,-9593,197,54831.07390356064
-9593,-9593,198,55105.656109809875
-9593,-9593,199,55380.326122522354
-9593,-9593,200,55655.11678600311
-9593,-9593,201,55929.84189581871
-9593,-9593,202,56204.63932657242
-9593,-9593,203,56479.54000687599
-9593,-9593,204,56754.37271571159
-9593,-9593,205,57029.39199590683
-9593,-9593,206,57304.35499191284
-9593,-9593,207,57579.36109519005
-9593,-9593,208,57854.24068117142
-9593,-9593,209,58129.18603563309
-9593,-9593,210,58403.68892264366
-9593,-9593,211,58678.77026677132
-9593,-9593,212,58953.21813774109
-9593,-9593,213,59228.236112356186
-9593,-9593,214,59502.74386072159
-9593,-9593,215,59777.87704253197
-9593,-9593,216,60052.356003046036
-9593,-9593,217,60327.3297829628
-9593,-9593,218,60601.83943724632
-9593,-9593,219,60876.90690732002
-9593,-9593,220,61151.705335855484
-9593,-9593,221,61426.68120908737
-9593,-9593,222,61701.82952952385
-9593,-9593,223,61976.8379676342
-9593,-9593,224,62251.9425880909
-9593,-9593,225,62526.978942632675
-9593,-9593,226,62801.74679374695
-9593,-9593,227,63076.82628464699
-9593,-9593,228,63351.74026656151
-9593,-9593,229,63626.2088766098
-9593,-9593,230,63901.160329818726
-9593,-9593,231,64175.56928229332
-9593,-9593,232,64450.58267331123
-9593,-9593,233,64725.11512827873
-9593,-9593,234,64999.50867819786
-9593,-9593,235,65274.48753142357
-9593,-9593,236,65549.43344211578
-9593,-9593,237,65824.11287617683
-9593,-9593,238,66098.96417307854
-9593,-9593,239,66373.45381140709
-9593,-9593,240,66648.41946697235
-9593,-9593,241,66922.83256316185
-9593,-9593,242,67197.91664671898
-9593,-9593,243,67472.48617362976
-9593,-9593,244,67747.62292766571
-9593,-9593,245,68022.34858822823
-9593,-9593,246,68297.39366674423
-9593,-9593,247,68571.93552422523
-9593,-9593,248,68846.99401450157
-9593,-9593,249,69122.12734913826
-9593,-9593,250,69396.64566659927
-9593,-9593,251,69671.88207769394
-9593,-9593,252,69947.03083062172
-9593,-9593,253,70222.15976142883
-9593,-9593,254,70497.17348885536
-9593,-9593,255,70772.1212694645
-9593,-9593,256,71047.20001387596
-9593,-9593,257,71322.20769405365
-9593,-9593,258,71597.19700074196
-9593,-9593,259,71872.24384832382
-9593,-9593,260,72147.27630209923
-9593,-9593,261,72422.35038971901
-9593,-9593,262,72697.41879200935
-9593,-9593,263,72971.88802313805
-9593,-9593,264,73246.49300789833
-9593,-9593,265,73521.34748411179
-9593,-9593,266,73796.48036241531
-9593,-9593,267,74071.26723766327
-9593,-9593,268,74346.27453422546
-9593,-9593,269,74621.36515450478
-9593,-9593,270,74896.59460949898
-9593,-9593,271,75171.74155068398
-9593,-9593,272,75446.18797469139
-9593,-9593,273,75721.47243857384
-9593,-9593,274,75996.33256196976
-9593,-9593,275,76271.62468361855
-9593,-9593,276,76546.75629115105
-9593,-9593,277,76821.9648180008
-9593,-9593,278,77097.13465595245
-9593,-9593,279,77371.66899824142
-9593,-9593,280,77646.84018683434
-9593,-9593,281,77921.88350558281
-9593,-9593,282,78196.94299721718
-9593,-9593,283,78472.15775847435
-9593,-9593,284,78747.63834834099
-9593,-9593,285,79022.86139655113
-9593,-9593,286,79297.96694087982
-9593,-9593,287,79573.08025789261
-9593,-9593,288,79848.2056016922
-9593,-9593,289,80123.40507340431
-9593,-9593,290,80398.4052593708
-9593,-9593,291,80673.53518867493
-9593,-9593,292,80948.5831694603
-9593,-9593,293,81223.80737495422
-9593,-9593,294,81499.03123927116
-9593,-9593,295,81774.10113072395
-9593,-9593,296,82049.41623568535
-9593,-9593,297,82324.57365393639
-9593,-9593,298,82599.87673044205
-9593,-9593,299,82875.11516690254
-9593,-9593,300,83150.39934682846
-9593,-9593,301,83425.48271799088
-9593,-9593,302,83700.71114039421
-9593,-9593,303,83976.00851130486
-9593,-9593,304,84251.45773148537
-9593,-9593,305,84526.39245676994
-9593,-9593,306,84801.63529324532
-9593,-9593,307,85076.49590444565
-9593,-9593,308,85351.81583452225
-9593,-9593,309,85626.94534182549
-9593,-9593,310,85902.3021299839
-9593,-9593,311,86177.17470240593