
-5680,-5680,0,322.91882586479187
-5723,-5723,1,684.7868213653564
-5737,-5737,2,1044.488899230957
-5750,-5750,3,1406.4447503089905
-5754,-5754,4,1767.2348446846008
-5756,-5756,5,2126.833231687546
-5763,-5763,6,2485.109657049179
-5771,-5771,7,2842.3052854537964
-5771,-5771,8,3198.590318918228
-5774,-5774,9,3553.8040928840637
-5777,-5777,10,3907.7904312610626
-5779,-5779,11,4260.8667323589325
-5781,-5781,12,4612.865233182907
-5781,-5781,13,4964.189424037933
-5781,-5781,14,5314.7966985702515
-5782,-5782,15,5665.299481153488
-5784,-5784,16,6015.431193590164
-5784,-5783,17,6364.957526683807
-5784,-5784,18,6714.601364374161
-5785,-5785,19,7063.998764038086
-5787,-5787,20,7412.889609098434
-5787,-5787,21,7760.892705440521
-5787,-5787,22,8108.969316005707
-5788,-5788,23,8457.15122628212
-5788,-5788,24,8804.52150130272
-5788,-5788,25,9152.090033531189
-5788,-5788,26,9499.130308151245
-5788,-5788,27,9846.509578227997
-5789,-5789,28,10192.875767230988
-5789,-5789,29,10539.343958854675
-5789,-5789,30,10886.595695495605
-5789,-5789,31,11233.030832767487
-5791,-5791,32,11580.101479053497
-5791,-5791,33,11926.432398557663
-5791,-5791,34,12273.538053274155
-5791,-5791,35,12619.968462228775
-5791,-5791,36,12967.057770252228
-5791,-5791,37,13312.840404510498
-5791,-5791,38,13658.983014583588
-5791,-5791,39,14004.103498458862
-5791,-5791,40,14349.99727845192
-5791,-5791,41,14695.18540763855
-5791,-5791,42,15041.199711561203
-5791,-5791,43,15385.918653964996
-5793,-5793,44,15731.424903392792
-5793,-5793,45,16076.440025806427
-5793,-5793,46,16421.870685338974
-5793,-5793,47,16766.18141269684
-5793,-5793,48,17111.470955848694
-5793,-5793,49,17455.83643746376
-5793,-5793,50,17801.36226081848
-5793,-5793,51,18146.24356818199
-5793,-5793,52,18491.95400094986
-5793,-5793,53,18836.640751600266
-5793,-5793,54,19182.26556134224
-5793,-5793,55,19527.004011631012
-5793,-5793,56,19872.79896235466
-5793,-5793,57,20217.941945791245
-5793,-5793,58,20564.084825754166
-5793,-5793,59,20909.315186023712
-5793,-5793,60,21254.886295557022
-5793,-5793,61,21600.18700504303
-5794,-5794,62,21945.89808678627
-5794,-5794,63,22291.03400182724
-5794,-5794,64,22636.6896879673
-5794,-5794,65,22982.076492786407
-5794,-5794,66,23327.97641301155
-5794,-5794,67,23673.135096549988
-5794,-5794,68,24019.220904111862
-5794,-5794,69,24364.077358961105
-5794,-5794,70,24710.073527812958
-5794,-5794,71,25054.790344953537
-5794,-5794,72,25400.591752052307
-5794,-5794,73,25746.196011066437
-5794,-5794,74,26091.578176021576
-5794,-5794,75,26436.5726044178
-5794,-5794,76,26781.994000911713
-5794,-5794,77,27126.48836827278
-5794,-5794,78,27472.07962656021
-5794,-5794,79,27817.146454811096
-5794,-5794,80,28162.79980278015
-5794,-5794,81,28507.421763658524
-5794,-5794,82,28852.81857228279
-5794,-5794,83,29197.555643558502
-5794,-5794,84,29542.93816447258
-5794,-5794,85,29887.508587121964
-5794,-5794,86,30232.98669219017
-5794,-5794,87,30577.77830195427
-5794,-5794,88,30923.4687435627
-5794,-5794,89,31268.38091135025
-5794,-5794,90,31613.990947008133
-5795,-5795,91,31959.217742919922
-5795,-5795,92,32304.600805044174
-5795,-5795,93,32649.717529058456
-5795,-5794,94,32995.232530117035
-5795,-5794,95,33340.08871221542
-5795,-5795,96,33685.75442028046
-5795,-5795,97,34031.101543188095
-5795,-5795,98,34376.785002708435
-5795,-5795,99,34722.00359272957
-5795,-5794,100,35067.8241417408
-5795,-5795,101,35412.454197883606
-5795,-5795,102,35757.79569363594
-5795,-5795,103,36102.628779649734
-5795,-5795,104,36448.20274400711
-5795,-5795,105,36792.484781980515
-5795,-5795,106,37137.88517212868
-5795,-5795,107,37482.63295292854
-5795,-5795,108,37828.17892241478
-5795,-5795,109,38173.33893895149
-5795,-5795,110,38519.48633146286
-5795,-5795,111,38864.42899942398
-5795,-5795,112,39209.92358112335
-5795,-5795,113,39554.91284394264
-5795,-5795,114,39900.14865279198
-5795,-5795,115,40244.87053537369
-5795,-5795,116,40590.170368433
-5795,-5795,117,40934.73001623154
-5795,-5795,118,41280.024085998535
-5795,-5795,119,41624.59803199768
-5795,-5795,120,41969.840311050415
-5795,-5795,121,42314.54568481445
-5795,-5795,122,42659.62751531601
-5795,-5795,123,43004.351234674454
-5795,-5795,124,43349.58551239967
-5795,-5795,125,43694.28353142738
-5795,-5795,126,44039.75140595436
-5795,-5795,127,44384.219009399414
-5795,-5795,128,44729.61317205429
-5795,-5795,129,45074.40594983101
-5795,-5795,130,45420.22160124779
-5795,-5795,131,45764.8520488739
-5795,-5795,132,46110.208646297455
-5795,-5795,133,46454.734411001205
-5795,-5795,134,46799.83768749237
-5795,-5795,135,47143.877700567245
-5795,-5795,136,47489.18764281273
-5795,-5795,137,47833.65314388275
-5795,-5795,138,48178.84478664398
-5795,-5795,139,48523.04978609085
-5795,-5795,140,48868.114250183105
-5795,-5795,141,49213.1259970665
-5795,-5795,142,49559.05611538887
-5795,-5795,143,49904.31159281731
-5795,-5795,144,50250.04574894905
-5795,-5795,145,50594.93895459175
-5795,-5795,146,50940.45589733124
-5795,-5795,147,51285.25237774849
-5795,-5795,148,51630.50712490082
-5795,-5795,149,51975.28306174278
-5795,-5795,150,52320.387809515
-5795,-5795,151,52664.96415424347
-5795,-5795,152,53010.74221944809
-5795,-5795,153,53355.144229888916
-5795,-5795,154,53700.33978319168
-5795,-5795,155,54045.15190529823
-5795,-5795,156,54390.04312515259
-5795,-5795,157,54734.27577328682
-5795,-5795,158,55079.588337659836
-5795,-5795,159,55424.448592185974
-5795,-5795,160,55769.82055568695
-5795,-5795,161,56114.31417155266
-5795,-5795,162,56459.82530903816
-5795,-5795,163,56804.41627931595
-5795,-5795,164,57149.57797288895
-5795,-5795,165,57494.43034219742
-5795,-5795,166,57839.426391124725
-5795,-5795,167,58184.16576886177
-5795,-5795,168,58529.641352176666
-5795,-5795,169,58874.252943754196
-5795,-5795,170,59219.418843746185
-5795,-5795,171,59563.955617427826
-5795,-5795,172,59909.24933004379
-5795,-5795,173,60253.7174077034
-5795,-5795,174,60599.017402887344
-5795,-5795,175,60943.46900367737
-5795,-5795,176,61289.02899837494
-5795,-5795,177,61633.72272181511
-5795,-5795,178,61978.75504851341
-5795,-5795,179,62323.36776590347
-5795,-5795,180,62669.10457730293
-5795,-5795,181,63013.929594278336
-5795,-5795,182,63359.16115069389
-5795,-5795,183,63703.40338373184
-5795,-5795,184,64048.838309049606
-5795,-5795,185,64393.221801280975
-5795,-5795,186,64738.64724087715
-5795,-5795,187,65083.45738387108
-5796,-5796,188,65429.00663733482
-5796,-5795,189,65773.3850774765
-5796,-5796,190,66118.85660767555
-5796,-5796,191,66463.2400636673
-5796,-5796,192,66809.31157517433
-5796,-5796,193,67154.23520064354
-5796,-5796,194,67499.55158233643
-5796,-5796,195,67844.26283168793
-5796,-5796,196,68189.6407904625
-5797,-5797,197,68534.49835014343
-5797,-5797,198,68880.41196799278
-5797,-5797,199,69225.20961689949
-5797,-5797,200,69570.45232105255
-5797,-5797,201,69915.30600690842
-5797,-5797,202,70261.06666302681
-5797,-5796,203,70606.20557785034
-5797,-5797,204,70951.57605695724
-5797,-5797,205,71296.26268434525
-5797,-5797,206,71641.50382208824
-5797,-5797,207,71985.91794610023
-5797,-5797,208,72331.30933952332
-5797,-5797,209,72675.9481856823
-5797,-5797,210,73021.13592338562
-5797,-5797,211,73366.27974462509
-5797,-5797,212,73711.88182544708
-5797,-5797,213,74057.36897063255
-5797,-5797,214,74402.77868270874
-5797,-5797,215,74747.88961625099
-5797,-5797,216,75092.84410643578
-5797,-5797,217,75438.40229439735
-5797,-5797,218,75784.37860155106
-5797,-5797,219,76129.5080974102
-5797,-5797,220,76475.61674237251
-5797,-5797,221,76820.07101154327
-5797,-5797,222,77165.48595023155
-5797,-5797,223,77511.05618882179
-5797,-5797,224,77856.27197742462
-5797,-5797,225,78201.73917770386
-5797,-5797,226,78546.8866250515
-5797,-5797,227,78891.74112653732
-5797,-5797,228,79237.00569176674
-5797,-5797,229,79582.17547130585
-5797,-5797,230,79927.35903596878
-5797,-5797,231,80271.97884273529
-5797,-5797,232,80617.4314417839
-5797,-5797,233,80962.67981863022
-5797,-5797,234,81307.75619864464
-5797,-5797,235,81652.87477111816
-5797,-5797,236,81998.14203238487
-5797,-5797,237,82343.21853256226
-5797,-5797,238,82688.16066813469
-5797,-5797,239,83033.03017568588
-5797,-5797,240,83377.84737443924
-5797,-5797,241,83722.91820859909
-5797,-5797,242,84068.12662482262
-5797,-5797,243,84413.18832325935
-5797,-5797,244,84758.34841704369
-5797,-5797,245,85103.6032731533
-5797,-5797,246,85448.71855378151
-5797,-5797,247,85794.07696819305
-5797,-5797,248,86139.40606665611