
-9466,-9466,0,266.68085837364197
-9493,-9493,1,593.1706233024597
-9513,-9513,2,923.545147895813
-9529,-9529,3,1259.5964269638062
-9536,-9536,4,1596.0183951854706
-9545,-9545,5,1933.5461030006409
-9549,-9549,6,2271.300336122513
-9555,-9555,7,2609.11581492424
-9556,-9556,8,2946.4727659225464
-9561,-9561,9,3282.9539239406586
-9565,-9565,10,3619.0256197452545
-9566,-9566,11,3954.334667444229
-9567,-9567,12,4289.367341756821
-9567,-9567,13,4623.647705554962
-9571,-9571,14,4957.762230396271
-9572,-9572,15,5290.575577020645
-9574,-9574,16,5622.810425281525
-9575,-9575,17,5954.269862413406
-9577,-9577,18,6285.432714939117
-9578,-9578,19,6615.937069654465
-9580,-9580,20,6945.085864305496
-9582,-9582,21,7274.208636522293
-9582,-9582,22,7602.099909543991
-9583,-9583,23,7928.722363471985
-9585,-9585,24,8255.218387126923
-9586,-9586,25,8582.456994056702
-9586,-9586,26,8908.82135295868
-9587,-9587,27,9235.292616605759
-9587,-9587,28,9558.97374367714
-9588,-9588,29,9882.35525393486
-9588,-9588,30,10204.630850553513
-9588,-9588,31,10527.19518661499
-9589,-9589,32,10848.65166091919
-9589,-9589,33,11170.885031938553
-9589,-9589,34,11492.665368556976
-9590,-9590,35,11814.56621170044
-9590,-9590,36,12136.987079620361
-9590,-9590,37,12458.489013195038
-9590,-9590,38,12779.545325994492
-9590,-9590,39,13099.019065380096
-9590,-9590,40,13418.716007232666
-9590,-9590,41,13737.955395698547
-9590,-9590,42,14057.543411493301
-9590,-9590,43,14376.80929684639
-9590,-9590,44,14695.065008163452
-9590,-9590,45,15013.143096446991
-9590,-9590,46,15332.544116735458
-9590,-9590,47,15650.873498678207
-9591,-9591,48,15968.629636764526
-9591,-9591,49,16286.64655303955
-9591,-9591,50,16604.878839731216
-9591,-9591,51,16923.24315929413
-9591,-9591,52,17241.344267368317
-9591,-9591,53,17561.028689146042
-9591,-9591,54,17878.867090702057
-9591,-9591,55,18198.825020074844
-9591,-9591,56,18517.382604837418
-9591,-9591,57,18836.27167034149
-9591,-9591,58,19156.270403146744
-9592,-9592,59,19474.580783605576
-9592,-9592,60,19793.916079759598
-9592,-9592,61,20111.932580947876
-9592,-9592,62,20430.67372250557
-9592,-9592,63,20749.44132709503
-9592,-9592,64,21068.44760131836
-9592,-9592,65,21388.492677927017
-9592,-9592,66,21708.429842233658
-9592,-9592,67,22028.429376363754
-9592,-9592,68,22346.35347056389
-9592,-9592,69,22664.56143927574
-9592,-9592,70,22984.855310440063
-9592,-9592,71,23304.38791036606
-9592,-9592,72,23623.702751874924
-9592,-9592,73,23942.519464492798
-9592,-9592,74,24263.65927553177
-9592,-9592,75,24582.936940431595
-9592,-9592,76,24902.057121753693
-9592,-9592,77,25222.208146095276
-9592,-9592,78,25541.463302612305
-9592,-9592,79,25861.77219772339
-9592,-9592,80,26180.062819719315
-9592,-9592,81,26500.74934577942
-9592,-9592,82,26820.476969480515
-9592,-9592,83,27139.86090517044
-9592,-9592,84,27458.395690202713
-9592,-9592,85,27776.341470718384
-9592,-9592,86,28094.461411476135
-9592,-9592,87,28414.073605060577
-9592,-9592,88,28732.94343495369
-9592,-9592,89,29052.33094382286
-9592,-9592,90,29370.719416618347
-9592,-9592,91,29688.67818593979
-9592,-9592,92,30006.987149477005
-9592,-9592,93,30326.567957401276
-9592,-9592,94,30644.484295368195
-9592,-9592,95,30961.970088481903
-9592,-9592,96,31280.252769708633
-9592,-9592,97,31597.507226228714
-9592,-9592,98,31913.60733294487
-9592,-9592,99,32229.949417829514
-9592,-9592,100,32547.465929031372
-9592,-9592,101,32865.39024376869
-9592,-9592,102,33183.59552168846
-9592,-9592,103,33502.55954360962
-9592,-9592,104,33820.29819083214
-9592,-9592,105,34138.13965988159
-9592,-9592,106,34454.778217077255
-9592,-9592,107,34771.714829444885
-9592,-9592,108,35087.898631095886
-9592,-9592,109,35404.758058309555
-9592,-9592,110,35721.886597156525
-9592,-9592,111,36039.042628765106
-9592,-9592,112,36357.353931427
-9592,-9592,113,36674.4001493454
-9592,-9592,114,36991.44334578514
-9592,-9592,115,37308.939459085464
-9592,-9592,116,37626.72277569771
-9592,-9592,117,37944.12710809708
-9592,-9592,118,38261.262734651566
-9592,-9592,119,38578.050573825836
-9592,-9592,120,38895.79066705704
-9592,-9592,121,39213.745926618576
-9592,-9592,122,39532.64258122444
-9592,-9592,123,39849.01785469055
-9592,-9592,124,40166.60243487358
-9592,-9592,125,40484.35673594475
-9592,-9592,126,40800.4889523983
-9592,-9592,127,41116.82636928558
-9592,-9592,128,41434.50332283974
-9592,-9592,129,41753.09042620659
-9592,-9592,130,42070.97008061409
-9592,-9592,131,42388.4958114624
-9592,-9592,132,42705.41968655586
-9592,-9592,133,43022.40533876419
-9592,-9592,134,43339.1758043766
-9592,-9592,135,43656.81484293938
-9592,-9592,136,43975.71625185013
-9592,-9592,137,44294.50478243828
-9592,-9592,138,44611.75549554825
-9592,-9592,139,44930.07373666763
-9592,-9592,140,45247.08563041687
-9592,-9592,141,45564.12658786774
-9592,-9592,142,45882.768733263016
-9592,-9592,143,46201.12761592865
-9592,-9592,144,46518.83655786514
-9592,-9592,145,46835.56910324097
-9592,-9592,146,47153.61681842804
-9592,-9592,147,47471.497440099716
-9592,-9592,148,47789.58589863777
-9592,-9592,149,48108.37781405449
-9592,-9592,150,48426.60330557823
-9592,-9592,151,48745.677877902985
-9592,-9592,152,49063.96363735199
-9592,-9592,153,49382.111538648605
-9592,-9592,154,49700.708557128906
-9592,-9592,155,50019.46395158768
-9592,-9592,156,50337.53884935379
-9592,-9592,157,50654.856155872345
-9592,-9592,158,50971.59645152092
-9592,-9592,159,51288.79903483391
-9592,-9592,160,51606.50585722923
-9592,-9592,161,51923.54535508156
-9592,-9592,162,52240.6560549736
-9592,-9592,163,52557.808975458145
-9592,-9592,164,52875.59495592117
-9592,-9592,165,53192.939076423645
-9592,-9592,166,53509.45788860321
-9592,-9592,167,53827.43279981613
-9592,-9592,168,54144.920221567154
-9592,-9592,169,54462.87871551514
-9592,-9592,170,54779.80490684509
-9592,-9592,171,55097.162809848785
-9592,-9592,172,55414.57218670845
-9592,-9592,173,55731.94646668434
-9592,-9592,174,56050.40364027023
-9592,-9592,175,56369.00696802139
-9592,-9592,176,56686.43496966362
-9592,-9592,177,57004.239612817764
-9592,-9592,178,57323.431627988815
-9592,-9592,179,57641.54162120819
-9592,-9592,180,57959.88155937195
-9592,-9592,181,58277.8253800869
-9592,-9592,182,58596.5499830246
-9592,-9592,183,58913.85517549515
-9592,-9592,184,59231.513350725174
-9592,-9592,185,59549.391755104065
-9592,-9592,186,59867.108515024185
-9592,-9592,187,60183.865147829056
-9592,-9592,188,60500.68912482262
-9592,-9592,189,60819.3400182724
-9592,-9592,190,61136.094969034195
-9592,-9592,191,61453.14198708534
-9592,-9592,192,61769.763275146484
-9592,-9592,193,62086.858513593674
-9592,-9592,194,62403.29157209396
-9592,-9592,195,62720.53256845474
-9592,-9592,196,63037.345995903015
-9592,-9592,197,63354.38496494293
-9592,-9592,198,63671.855650901794
-9592,-9592,199,63988.65058040619
-9592,-9592,200,64305.715191841125
-9592,-9592,201,64622.09037208557
-9592,-9592,202,64939.25700998306
-9592,-9592,203,65255.7701485157
-9592,-9592,204,65571.80946326256
-9592,-9592,205,65889.08269309998
-9592,-9592,206,66205.4921336174
-9592,-9592,207,66522.59924864769
-9592,-9592,208,66840.69663763046
-9592,-9592,209,67157.51589179039
-9592,-9592,210,67474.21838402748
-9592,-9592,211,67791.19956326485
-9592,-9592,212,68108.62344026566
-9592,-9592,213,68426.2371981144
-9592,-9592,214,68742.75498747826
-9592,-9592,215,69059.43819475174
-9592,-9592,216,69376.433208704
-9592,-9592,217,69693.16731929779
-9592,-9592,218,70011.97063398361
-9592,-9592,219,70330.11588835716
-9592,-9592,220,70647.5921626091
-9592,-9592,221,70965.96498560905
-9592,-9592,222,71283.37212395668
-9592,-9592,223,71599.80175590515
-9592,-9592,224,71916.15193104744
-9592,-9592,225,72233.94017958641
-9592,-9592,226,72550.3022749424
-9592,-9592,227,72866.96566867828
-9592,-9592,228,73184.49485468864
-9592,-9592,229,73501.44123125076
-9592,-9592,230,73818.80345129967
-9592,-9592,231,74136.88226914406
-9592,-9592,232,74451.80685353279
-9592,-9592,233,74767.68618273735
-9592,-9592,234,75086.20689463615
-9592,-9592,235,75403.71690940857
-9592,-9592,236,75719.92533230782
-9592,-9592,237,76037.66028952599
-9592,-9592,238,76355.20187997818
-9592,-9592,239,76673.50968146324
-9592,-9592,240,76991.42869496346
-9592,-9592,241,77308.83037853241
-9592,-9592,242,77626.04053902626
-9592,-9592,243,77943.79101991653
-9592,-9592,244,78261.33125972748
-9592,-9592,245,78578.23458194733
-9592,-9592,246,78895.79890680313
-9592,-9592,247,79212.28669667244
-9592,-9592,248,79528.13141965866
-9592,-9592,249,79844.78950858116
-9592,-9592,250,80161.88309025764
-9592,-9592,251,80479.90861034393
-9592,-9592,252,80796.33442807198
-9592,-9592,253,81114.04496192932
-9592,-9592,254,81430.69245266914
-9592,-9592,255,81749.44939875603
-9592,-9592,256,82066.93374943733
-9592,-9592,257,82383.34858679771
-9592,-9592,258,82700.42732620239
-9592,-9592,259,83017.88159775734
-9592,-9592,260,83334.90229153633
-9592,-9592,261,83652.04835700989
-9592,-9592,262,83969.1438229084
-9592,-9592,263,84286.12744784355
-9592,-9592,264,84604.07542395592
-9592,-9592,265,84921.62607598305
-9592,-9592,266,85239.6361424923
-9592,-9592,267,85557.2005636692
-9592,-9592,268,85874.35742092133
-9592,-9592,269,86191.62791991234