32 1
0
16
1
19
2
18
3
18
4
29
5
10
6
18
7
28
3
8
9
21
10
26
11
17
7
12
10
13
5
14
15
28
16
31
11
17
18
19
19
30
10
20
10
21
9
22
23
27
3
24
11
25
0
26
6
27
28
31
19
29
22
30
30
31
0.966575
0.774748
0.994233
0.61477
0.03713
0.014252
0.342104
0.823472
0.866135
0.960813
0.065121
0.044571
0.913284
0.305047
0.557987
0.982445
0.400449
0.665871
0.40088
0.768195
0.527715
0.237523
0.271306
0.258059
0.53232
0.703189
0.94928
0.694087
0.781193
0.168926
0.374063
0.41378
0.68638
0.295892
0.303292
0.355889
0.810302
0.57759
0.075277
0.078246
0.371287
0.766591
0.688683
0.707982
0.76721
0.287153
0.548256
0.543353
0.739633
0.956871
0.27799
0.793282
0.659971
0.580238
0.77488
0.944032
0.036691
0.1474
0.756287
0.083791
0.516124
0.219861
0.274296
0.70184
0.030193
0.873319
0.444479
0.502393
0.540048
0.645544
0.344857
0.101107
0.318379
0.168142
0.556133
0.318029
0.958067
0.965734
0.620126
0.617497
0.985379
0.887283
0.76507
0.313591
0.365539
0.201267
0.487148
0.990369
0.912151
0.118349
0.02519
0.898638
0.53717
0.20019
0.673653
0.644223
0.122086
0.2596
0.060078
0.20986
0.132306
0.193236
0.685467
0.0495
0.101855
0.134174
0.316541
0.29875
0.255064
0.750537
0.998023
0.533978
0.944203
0.39661
0.106682
0.408774
0.296128
0.493407
0.657044
0.46105
0.935161
0.884765
0.701978
0.489685
0.131687
0.397014
0.704402
0.284886