32 1
0
5
1
23
2
11
0
3
4
11
5
8
6
20
7
10
8
22
9
11
5
10
11
29
12
28
13
15
8
14
2
15
16
27
17
19
18
25
19
23
20
21
19
21
14
22
20
23
21
24
25
29
3
26
3
27
7
28
9
29
9
30
9
31
0.373291
0.420075
0.050588
0.365496
0.016628
0.230742
0.764912
0.944124
0.749999
0.339404
0.489549
0.338985
0.17949
0.170987
0.463451
0.874573
0.94412
0.608253
0.596655
0.783644
0.500026
0.05037
0.699098
0.992396
0.267263
0.679091
0.864281
0.750844
0.96449
0.554242
0.21239
0.222443
0.218749
0.569574
0.452109
0.970237
0.680545
0.085296
0.056418
0.487838
0.881005
0.976404
0.617658
0.542499
0.854614
0.743835
0.478596
0.677082
0.607045
0.714697
0.469497
0.456015
0.906418
0.13722
0.229219
0.881585
0.904425
0.645785
0.324683
0.519711
5.5e-05
0.31186
0.425452
0.885338
0.679879
0.45613
0.483409
0.788739
0.229442
0.880298
0.313692
0.957451
0.471752
0.711584
0.153694
0.730442
0.646264
0.214881
0.186458
0.80758
0.747079
0.674847
0.276894
0.174909
0.704474
0.46315
0.840429
0.204866
0.164959
0.124833
0.722081
0.030453
0.746994
0.092596
0.21745
0.749254
0.731694
0.045615
0.209157
0.286915
0.677263
0.063038
0.555649
0.00924
0.833038
0.984329
0.703495
0.181631
0.512393
0.580447
0.787542
0.606475
0.218403
0.455169
0.87887
0.492268
0.715561
0.48616
0.708548
0.49814
0.84455
0.194342
0.773326
0.974259
0.86231
0.780427
0.985032
0.75357