32 1
0
14
1
4
2
16
3
4
4
7
5
30
6
23
7
27
8
14
7
9
10
29
11
22
2
12
13
30
14
22
15
16
16
27
15
17
15
18
18
19
11
20
21
23
14
22
7
23
24
30
25
26
2
26
22
27
17
28
3
29
7
30
13
31
0.523006
0.320565
0.0031
0.597303
0.649078
0.00519
0.970222
0.663866
0.293144
0.200364
0.925702
0.309251
0.403218
0.633062
0.890653
0.432606
0.928219
0.592081
0.431785
0.59278
0.354506
0.65702
0.652309
0.821719
0.402767
0.037565
0.984632
0.448143
0.937635
0.672041
0.266697
0.564064
0.956933
0.113486
0.272229
0.082058
0.765271
0.021689
0.137251
0.260629
0.871083
0.17941
0.433279
0.325118
0.583404
0.936468
0.940782
0.052508
0.596211
0.891801
0.780931
0.211534
0.764994
0.189063
0.89876
0.008931
0.090233
0.619183
0.38244
0.096563
0.984933
0.896581
0.271113
0.47319
0.479754
0.50839
0.967259
0.099959
0.03965
0.483706
0.458259
0.235263
0.05887
0.123844
0.856755
0.399667
0.381397
0.021974
0.374753
0.661607
0.625358
0.913991
0.671794
0.324083
0.31622
0.833316
0.775803
0.281153
0.713927
0.561577
0.39966
0.53086
0.085233
0.665678
0.029635
0.889287
0.682119
0.891314
0.001208
0.937219
0.958307
0.796319
0.992074
0.355225
0.84834
0.770674
0.720528
0.633415
0.307376
0.537279
0.274575
0.00869
0.024945
0.144286
0.51376
0.222658
0.36949
0.055107
0.911197
0.884952
0.897277
0.332191
0.712927
0.426943
0.301692
0.070411
0.421845
0.38832