32 1
0
10
1
29
2
17
3
29
4
29
5
26
6
24
7
18
8
16
0
9
4
10
2
11
12
27
1
13
14
27
2
15
2
16
17
19
18
20
19
26
12
20
21
30
7
22
21
23
13
24
17
25
19
26
12
27
17
28
0
29
1
30
4
31
0.2421
0.684553
0.669237
0.963741
0.8786
0.997436
0.362888
0.045234
0.325297
0.496915
0.172196
0.085076
0.452729
0.932666
0.763165
0.311486
0.888615
0.697274
0.463344
0.26462
0.575534
0.194901
0.741232
0.936928
0.659268
0.724994
0.164488
0.748224
0.497357
0.087383
0.386447
0.729448
0.57821
0.306383
0.988749
0.574032
0.944949
0.559774
0.564667
0.05117
0.104079
0.614438
0.731634
0.244032
0.963976
0.741238
0.238011
0.64442
0.339756
0.727481
0.584593
0.756654
0.251464
0.932295
0.993001
0.164533
0.512905
0.863476
0.347698
0.242637
0.731065
0.977518
0.503748
0.392431
0.391933
0.794506
0.706061
0.318917
0.974589
0.89158
0.700928
0.440777
0.207296
0.664965
0.75389
0.604078
0.495617
0.118042
0.784731
0.491591
0.854115
0.134819
0.965089
0.491201
0.07235
0.280114
0.90258
0.334018
0.970078
0.444121
0.367046
0.78977
0.467119
0.075567
0.828841
0.790462
0.514993
0.009683
0.136357
0.711991
0.590858
0.700045
0.360934
0.629377
0.434827
0.413801
0.415033
0.032056
0.060995
0.849319
0.695526
0.230412
0.118127
0.04071
0.479707
0.587967
0.897956
0.920272
0.366244
0.930839
0.545779
0.574092
0.178636
0.115861
0.244376
0.124289
0.223292
0.539813