32 1
0
29
1
24
1
2
3
8
4
7
5
15
6
23
7
9
8
20
0
9
10
23
11
14
2
12
13
29
14
19
15
25
16
21
4
17
0
18
19
27
20
26
20
21
5
22
23
26
17
24
4
25
24
26
0
27
17
28
17
29
8
30
9
31
0.128697
0.350325
0.2527
0.072754
0.644479
0.251212
0.450224
0.288301
0.921192
0.450209
0.879857
0.044016
0.535802
0.45273
0.326118
0.300189
0.266788
0.19953
0.492632
0.345138
0.330601
0.066207
0.013865
0.911657
0.413758
0.677045
0.452399
0.200638
0.929475
0.122662
0.481375
0.091728
0.229276
0.685415
0.526413
0.550055
0.832239
0.060778
0.904827
0.651228
0.640907
0.030208
0.910073
0.027982
0.185448
0.895911
0.126728
0.397988
0.760049
0.562947
0.730478
0.192846
0.412052
0.498388
0.243624
0.997918
0.671116
0.883779
0.392967
0.92484
0.251627
0.157884
0.78686
0.973017
0.062036
0.100003
0.317898
0.525951
0.704271
0.955551
0.11782
0.356315
0.266284
0.807419
0.163559
0.87684
0.77371
0.883819
0.969168
0.573444
0.458412
0.485031
0.895513
0.208683
0.37535
0.641133
0.716033
0.056372
0.978154
0.331452
0.206064
0.307173
0.984772
0.668577
0.245278
0.201096
0.074895
0.363214
0.823753
0.275425
0.368491
0.761437
0.695947
0.412434
0.164319
0.893773
0.575062
0.256768
0.23679
0.448386
0.403147
0.06888
0.943142
0.786954
0.496548
0.326903
0.181476
0.16629
0.24049
0.220528
0.709701
0.769634
0.363482
0.159394
0.644734
0.332831
0.932249
0.788661