32 1
0
28
1
26
2
21
3
14
4
15
1
5
6
12
7
11
8
25
7
9
10
11
11
26
12
13
2
13
1
14
15
30
1
16
16
17
1
18
1
19
12
20
6
21
8
22
8
23
13
24
10
25
19
26
18
27
0
28
23
29
4
30
22
31
0.395544
0.233078
0.585432
0.746836
0.608989
0.579011
0.1701
0.686362
0.976802
0.608593
0.328379
0.802692
0.836364
0.41528
0.415608
0.936617
0.722184
0.032901
0.425946
0.093894
0.978548
0.575212
0.643678
0.364463
0.667715
0.571844
0.774683
0.900102
0.404307
0.895345
0.065082
0.685477
0.23107
0.538869
0.773035
0.746584
0.72143
0.482892
0.194023
0.205566
0.535468
0.437814
0.97499
0.300824
0.07897
0.726878
0.975424
0.782089
0.247045
0.036561
0.406922
0.877751
0.431994
0.284086
0.935302
0.772266
0.610987
0.002677
0.931505
0.673837
0.224467
0.024753
0.007468
0.927403
0.693153
0.705148
0.596065
0.537236
0.455579
0.600193
0.654082
0.37304
0.668234
0.456885
0.085067
0.233174
0.081372
0.322017
0.611327
0.367626
0.726227
0.678059
0.144691
0.168043
0.064435
0.264333
0.348357
0.088248
0.602229
0.714376
0.157222
0.342138
0.72725
0.663318
0.85446
0.554603
0.025756
0.057321
0.080061
0.517137
0.755106
0.032273
0.456688
0.824798
0.668606
0.545918
0.588812
0.89648
0.575078
0.421819
0.702952
0.357207
0.972912
0.872303
0.156653
0.684126
0.034071
0.885207
0.844854
0.510128
0.127689
0.621473
0.239337
0.630871
0.693746
0.106255
0.476946
0.585593