32 1
0
5
1
15
2
27
3
10
3
4
5
10
6
18
7
25
8
27
9
25
3
10
11
29
12
14
13
18
5
14
15
26
4
16
5
17
18
31
19
30
20
24
3
21
5
22
8
23
4
24
25
26
17
26
23
27
24
28
1
29
18
30
1
31
0.904948
0.296556
0.992011
0.24942
0.105906
0.950953
0.23342
0.689768
0.058356
0.730709
0.88172
0.272437
0.379057
0.374296
0.748788
0.237807
0.171853
0.449292
0.304468
0.839189
0.237742
0.502389
0.942584
0.633998
0.867289
0.94021
0.750765
0.699575
0.967966
0.994401
0.451822
0.07087
0.292794
0.152355
0.417486
0.131289
0.604118
0.382808
0.895386
0.967795
0.546885
0.274824
0.59223
0.896761
0.406733
0.552078
0.271653
0.455444
0.401714
0.248413
0.505866
0.310381
0.373035
0.52497
0.750595
0.333507
0.924159
0.862319
0.04869
0.253643
0.446136
0.104628
0.348476
0.740098
0.680514
0.622384
0.710528
0.204924
0.341698
0.676242
0.879235
0.543678
0.2827
0.030235
0.710337
0.007884
0.372679
0.530537
0.922111
0.089495
0.405942
0.024313
0.342611
0.622231
0.279068
0.20975
0.115703
0.57714
0.69527
0.671957
0.948861
0.002703
0.647197
0.600392
0.58874
0.96277
0.016872
0.696482
0.813679
0.509807
0.333965
0.79084
0.097243
0.442036
0.519952
0.693956
0.090886
0.22776
0.410302
0.623295
0.886961
0.618826
0.133461
0.98058
0.871786
0.502721
0.922348
0.541381
0.923306
0.829897
0.968286
0.919783
0.036034
0.174772
0.389135
0.952143
0.300029
0.160468