32 1
0
17
1
9
2
22
0
3
4
19
5
24
4
6
7
17
8
20
9
21
10
16
3
11
12
30
10
13
1
14
15
20
4
16
4
17
16
18
16
19
15
20
10
21
13
22
8
23
24
30
25
27
11
26
27
31
28
31
20
29
6
30
9
31
0.77522
0.926213
0.32531
0.952871
0.013948
0.533466
0.304582
0.88286
0.250623
0.677412
0.810424
0.432148
0.752135
0.829602
0.379034
0.09655
0.25614
0.591935
0.476477
0.487935
0.458515
0.524593
0.442015
0.852635
0.433439
0.82687
0.509342
0.086377
0.66004
0.206595
0.847275
0.681359
0.178367
0.069859
0.009688
0.89205
0.133465
0.779192
0.925163
0.715179
0.490819
0.469498
0.882709
0.48841
0.414567
0.174112
0.475289
0.783648
0.556429
0.159867
0.143829
0.649463
0.539224
0.325685
0.147014
0.15987
0.129412
0.578922
0.09226
0.910545
0.082972
0.800378
0.877131
0.093459
0.426306
0.473221
0.580197
0.716244
0.027069
0.731397
0.766964
0.009766
0.308286
0.232865
0.503427
0.953721
0.557811
0.097469
0.621678
0.863023
0.157632
0.99243
0.085001
0.094458
0.633608
0.949297
0.936746
0.447378
0.727696
0.742238
0.306986
0.119771
0.443879
0.391774
0.531849
0.845358
0.536275
0.68027
0.609178
0.098478
0.092028
0.055966
0.086532
0.237173
0.839513
0.522371
0.513075
0.649832
0.544591
0.032465
0.580152
0.771089
0.376227
0.491025
0.98164
0.244651
0.374323
0.04566
0.310068
0.831519
0.807023
0.640024
0.368102
0.312753
0.801836
0.070447
0.683573
0.380729