128 4
0
21
94
98
105
0
1
58
61
67
0
2
18
29
47
3
18
51
84
126
4
5
21
49
65
5
18
20
63
96
6
28
36
62
90
0
7
33
59
91
8
20
47
88
126
9
25
33
35
98
10
22
46
80
105
11
19
43
75
102
12
26
36
60
105
13
51
74
83
91
14
23
61
65
79
1
11
15
35
88
16
28
61
63
125
17
73
86
91
108
14
18
30
82
95
19
32
54
80
123
19
20
51
72
99
2
21
37
53
65
17
22
82
86
125
6
23
34
113
123
24
82
83
104
126
25
79
84
92
101
26
59
101
107
108
23
27
92
100
122
28
38
94
108
115
11
29
52
63
93
3
4
15
30
93
3
26
31
47
71
7
32
45
80
127
33
43
51
66
90
33
34
61
108
127
20
23
35
43
106
28
36
40
113
125
5
13
37
55
102
38
49
51
77
100
0
11
39
76
87
23
36
40
105
114
41
69
75
83
84
2
26
42
109
124
16
43
52
99
112
3
14
38
44
109
10
11
16
45
101
26
31
43
46
110
42
47
48
90
103
42
48
72
92
107
2
28
49
102
126
34
47
50
84
116
38
51
73
86
88
14
19
23
52
84
17
53
75
105
116
54
59
86
104
118
40
55
68
92
99
56
74
89
102
126
10
55
57
105
119
11
15
17
58
120
16
26
59
99
112
30
60
84
100
118
26
34
61
86
108
0
10
16
31
62
40
48
63
81
91
19
36
64
70
125
15
38
44
65
108
22
31
46
63
66
18
48
67
80
122
68
77
97
105
118
38
59
66
69
88
10
14
48
70
127
14
42
60
71
82
4
72
78
101
124
28
61
73
82
87
21
59
68
74
126
12
49
75
112
115
28
46
76
79
109
16
19
77
99
113
5
8
21
78
103
31
32
76
79
87
48
69
80
98
103
15
29
64
81
101
81
82
85
89
105
13
36
48
55
83
35
49
77
84
89
22
51
65
85
102
44
70
86
102
114
19
27
85
87
101
48
56
81
88
120
58
87
89
96
118
18
25
90
108
111
12
61
73
91
105
13
72
92
116
125
10
11
66
93
103
34
38
94
102
109
13
31
95
102
107
26
59
64
96
100
42
54
64
97
108
80
87
92
98
118
31
34
94
99
105
18
19
38
94
100
2
27
31
85
101
41
53
57
102
107
14
101
103
107
116
30
60
61
82
104
19
25
56
68
105
20
65
106
114
122
50
59
62
99
107
38
83
91
100
108
10
56
99
109
118
2
36
83
95
110
20
24
110
111
121
41
79
111
112
113
0
22
106
112
113
6
23
46
88
114
37
110
115
120
121
34
46
77
102
116
2
61
72
101
117
19
43
96
104
118
25
31
47
99
119
4
48
58
60
120
16
29
57
69
121
0
14
60
62
122
12
33
47
123
127
18
29
63
118
124
43
56
65
116
125
11
39
107
121
126
0
10
23
65
127
0.076034
0.801508
0.233571
0.46843
0.915957
0.585937
0.210118
0.28409
0.920447
0.427144
0.586985
0.459932
0.378438
0.223279
0.686192
0.718242
0.274885
0.789011
0.854535
0.920675
0.161212
0.303924
0.860353
0.19854
0.003468
0.870827
0.326449
0.414498
0.446334
0.848275
0.337892
0.89228
0.616939
0.527287
0.325615
0.243712
0.624058
0.446894
0.910516
0.491639
0.511795
0.416723
0.789263
0.424839
0.269342
0.862031
0.596828
0.59151
0.610822
0.71884
0.313068
0.033844
0.810593
0.128905
0.72182
0.082315
0.375308
0.063026
0.522214
0.653136
0.171433
0.371628
0.930239
0.442389
0.802544
0.927185
0.974346
0.898322
0.317405
0.962573
0.812395
0.837176
0.015173
0.954239
0.77809
0.767967
0.081525
0.232569
0.962262
0.500677
0.397858
0.839941
0.08734
0.416942
0.375701
0.349851
0.307692
0.210075
0.172911
0.640406
0.919395
0.508852
0.297975
0.15916
0.830143
0.971492
0.349155
0.29095
0.601493
0.775329
0.455403
0.630073
0.716549
0.960592
0.165037
0.997382
0.392157
0.7232
0.572414
0.486669
0.698075
0.395754
0.12611
0.488893
0.521916
0.201902
0.935619
0.227476
0.409228
0.15493
0.535797
0.307638
0.489273
0.224617
0.053775
0.779227
0.641086
0.340739
0.047494
0.865575
0.169795
0.930742
0.478595
0.340387
0.741759
0.876839
0.370714
0.407344
0.433158
0.922323
0.692564
0.247646
0.185
0.230368
0.263564
0.230183
0.658506
0.115934
0.387358
0.625054
0.29086
0.065274
0.081824
0.125967
0.835843
0.657864
0.064522
0.391069
0.278585
0.57804
0.522806
0.481124
0.314512
0.1378
0.742376
0.879857
0.944151
0.058619
0.739909
0.726503
0.94711
0.252915
0.742179
0.054626
0.631246
0.350848
0.768909
0.863304
0.364821
0.525586
0.117404
0.416907
0.3608
0.183123
0.894479
0.148088
0.635739
0.890143
0.911969
0.79324
0.176141
0.817431
0.276565
0.922398
0.709087
0.785268
0.085032
0.582765
0.821142
0.86159
0.028632
0.939159
0.043339
0.614519
0.693388
0.107345
0.048012
0.784912
0.384671
0.107113
0.762668
0.849163
0.587386
0.161237
0.015222
0.700802
0.55014
0.650797
0.813185
0.434228
0.124515
0.939983
0.545262
0.615294
0.933411
0.931584
0.572095
0.297611
0.997114
0.680817
0.408437
0.559837
0.415834
0.888305
0.482499
0.823528
0.840176
0.824332
0.722189
0.854878
0.38723
0.114663
0.842454
0.498168
0.127376
0.115313
0.159242
0.750973
0.710857
0.203819
0.846923
0.281295
0.792986
0.488806
0.731549
0.381388
0.347141
0.84136
0.035302
0.974737
0.64818
0.432483
0.628055
0.122741
0.514052
0.985096
0.235269
0.722278
0.434971
0.652458
0.204887
0.470465
0.980093
0.195287
0.636445
0.575598
0.565052
0.615123
0.502238
0.016931
0.900097
0.826979
0.174168
0.413273
0.770549
0.980062
0.951137
0.899359
0.158374
0.914475
0.878445
0.37695
0.394523
0.459909
0.656176
0.260836
0.022948
0.14123
0.440116
0.282003
0.764517
0.10669
0.917465
0.895327
0.908757
0.73961
0.107
0.438138
0.131405
0.987699
0.333038
0.585331
0.779393
0.920616
0.755548
0.674504
0.465982
0.6054
0.094164
0.883923
0.543777
0.040135
0.919902
0.489302
0.868589
0.856888
0.815752
0.061403
0.247067
0.875548
0.898991
0.458069
0.440041
0.175141
0.968411
0.213138
0.190937
0.660729
0.242844
0.938772
0.010907
0.005753
0.504877
0.488062
0.163364
0.49452
0.411661
0.89033
0.009254
0.97627
0.624393
0.151843
0.04676
0.538106
0.23489
0.301166
0.245132
0.650172
0.553529
0.077974
0.526527
0.79119
0.081195
0.889739
0.578307
0.950624
0.148141
0.993565
0.644273
0.567494
0.51528
0.023654
0.939639
0.643994
0.091626
0.020952
0.050784
0.609396
0.614015
0.499667
0.306766
0.531743
0.516302
0.019416
0.282469
0.053185
0.900155
0.725223
0.996115
0.302171
0.878486
0.603054
0.453125
0.222573
0.738392
0.904141
0.235308
0.17539
0.696222
0.976973
0.749955
0.284581
0.419955
0.384318
0.852095
0.771371
0.588975
0.274959
0.937989
0.653315
0.970477
0.580117
0.821193
0.813105
0.337329
0.964021
0.021941
0.768711
0.965557
0.338908
0.648111
0.562223
0.761507
0.866178
0.603045
0.815905
0.312286
0.228587
0.430668
0.677737
0.187247
0.680352
0.394094
0.795575
0.036836
0.667983
0.649822
0.940935
0.713368
0.796302
0.904591
0.675052
0.290154
0.869774
0.747578
0.424438
0.710529
0.867689
0.975652
0.952352
0.325328
0.421694
0.109537
0.247544
0.882421
0.36085
0.620553
0.665966
0.781829
0.1828
0.304813
0.448336
0.364841
0.982905
0.834941
0.479687
0.879269
0.347653
0.785828
0.223676
0.772322
0.456453
0.107499
0.273262
0.402275
0.749293
0.072983
0.659547
0.716014
0.653921
0.76067
0.178169
0.587103
0.941145
0.610784
0.611336
0.73644
0.333204
0.700476
0.916234
0.010895
0.870113
0.218618
0.455923
0.852348
0.823912
0.891927
0.940417
0.447157
0.656364
0.390478
0.350717
0.431595
0.743076
0.501441
0.81406
0.745218
0.020478
0.630238
0.436571
0.456629
0.818373
0.547608
0.885622
0.712806
0.55284
0.754538
0.038349
0.027084
0.083349
0.437565
0.23545
0.984261
0.54229
0.662416
0.27882
0.321797
0.335462
0.698736
0.473706
0.517684
0.592003
0.768812
0.09037
0.776874
0.563235
0.669095
0.327552
0.409387
0.231166
0.9793
0.497003
0.996077
0.489786
0.219751
0.507452
0.039596
0.90477
0.81855
0.725821
0.609827
0.579834
0.996728
0.277997
0.779684
0.581405
0.975881
0.827803
0.998525
0.588325
0.204544
0.503687
0.711111
0.77436
0.00051
0.505027
0.235235
0.874912
0.152905
0.666456
0.266062
0.356542
0.940559
0.240448
0.095003
0.069285
0.504615
0.641711
0.327294
0.69026
0.061034
0.857335
0.816567
0.985496
0.936505
0.356197
0.399275
0.745965
0.134083
0.314015
0.118541
0.454886
0.552004
0.21116
0.026632
0.719356
0.020005
0.973403
0.221607
0.6639
0.434752
0.059674
0.472184
0.516761
0.854683
0.732349
0.079302
0.209163
0.311888
0.116408
0.456899
0.984309
0.514613
0.741882
0.682938
0.849911
0.215723
0.753826
0.881355
0.17151
0.346802
0.970102
0.780788
0.282591
0.563942
0.404326
0.489965
0.355166
0.279331
0.674763
0.778542
0.873957
0.15533
0.822856
0.254801
0.427336
0.901444
0.454504
0.197064
0.159869
0.472984
0.762672
0.997205
0.787409
0.877012
0.747832
0.895435
0.076294
0.929932
0.396406
0.921614
0.075733
0.715243
0.735689
0.996911
0.768855
0.382574
0.557249
0.366551
0.196019
0.248502
0.222011
0.548815
0.906161
0.912727
0.054764
0.079899
0.245119
0.255059
0.094889
0.388463
0.587725
0.578162
0.54343
0.338672
0.706456
0.826484
0.346274
0.085535
0.29633
0.137369
0.467359
0.155935
0.462845
0.221003
0.738731
0.027568
0.554746
0.169488
0.000992
0.8692
0.671528
0.098943
0.664072
0.611647
0.473357
0.419258
0.88707
0.245148
0.39831
0.329115
0.771201
0.916465
0.849782
0.797704
0.98679
0.697145
0.751054
0.982803
0.006991
0.634048
0.738972
0.917827
0.883844
0.841961
0.945791
0.537379
0.00692
0.011054
0.544639
0.435272
0.451245
0.400405
0.917726
0.35917
0.856227
0.902865
0.499502
0.446938
0.761021
0.707972
0.328535
0.102548
0.264852
0.131029
0.294732
0.261822
0.637711
0.954496
0.685744
0.926649
0.784132
0.727878
0.414062
0.324795
0.846277
0.905393
0.451882
0.009063
0.792531
0.285069
0.009888
0.804989
0.517414
0.685211
0.91469
0.541174
0.503194
0.290662
0.305194
0.796542
0.449029
0.163526
0.094529
0.47292
0.464955
0.653458
0.471067
0.143476
0.507803
0.906789
0.159441
0.689755
0.593859
0.748586
0.1506
0.941605
0.620966
0.847071
0.246607
0.739413
0.781031
0.397435
0.383953
0.657796
0.093408
0.735624
0.042887
0.19059
0.664144
0.098324
0.971842
0.868396
0.626302
0.819057
0.88758
0.259476
0.849412
0.194794
0.413342
0.55826
0.713891
0.030141
0.290509
0.608519
0.357369
0.775025
0.651652
0.234401
0.145929
0.629047
0.450467
0.168957
0.326374
0.303047
0.108132
0.546909
0.763649
0.575467
0.826291
0.127569
0.435612
0.609415
0.676002
0.695786
0.728965
0.65143
0.094228
0.695306
0.724783
0.99348
0.693362
0.68683
0.514813
0.867923
0.996835
0.779045
0.6125
0.078955
0.726739
0.708562
0.775568
0.124555
0.653733
0.295724
0.760271
0.240374
0.683979
0.294993
0.008994
0.633358
0.113269
0.659291
0.925609
0.969246
0.235923
0.809253
0.353553
0.900457
0.78749
0.073922
0.407137
0.337318
0.785181
0.410286
0.684588
0.602435
0.975639
0.937785
0.4277
0.723578
0.82946
0.898886
0.068134
0.302079
0.32023
0.434446
0.169265
0.496206
0.663214
0.497364
0.665793
0.066442
0.875987
0.939069
0.617907
0.881391
0.131446
0.797449
0.119148
0.40801
0.323819
0.585592
0.301515
0.637314
0.367387
0.86079
0.633884
0.215298
0.336129
0.847421
0.38648
0.535799
0.648942
0.34781
0.293979
0.475255
0.214881
0.284211
0.062078
0.30397
0.320704
0.961833
0.589729
0.787382
0.045377
0.106537
0.814537
0.62355
0.190982
0.404795
0.538672
0.84361
0.060412
0.596722
0.717036
0.977892
0.80716
0.276227
0.709579
0.763278
0.729735
0.820144
0.90373
0.09843
0.104764
0.7964
0.252372
0.058541
0.401229
0.819877
0.126565
0.671842
0.003616
0.109737
0.35085
0.083602
0.845902
0.864071
0.755571
0.24248
0.523247
0.184189
0.281278
0.516005
0.735014
0.094654
0.296697
0.926621
0.429123
0.93887
0.991401
0.52666
0.288044
0.790777
0.159311
0.252047
0.78488
0.433646
0.201538
0.651126
0.732762
0.125071
0.27698
0.221277
0.379855
0.763445
0.713708
0.662524
0.006286
0.142143
0.223298
0.271956
0.146427
0.410316
0.075181
0.750022
0.787721
0.574267
0.089705
0.890083
0.965636
0.202364
0.70464
0.841939
0.539844
0.323323
0.478559
0.512269
0.400637
0.929842
0.743883
0.241302
0.585557
0.688689
0.140156
0.358426
0.905548
0.567173
0.216998
0.122785
0.518227
0.547686
0.334414
0.630416
0.068685
0.14514
0.546274
0.061816
0.880909
0.142146
0.67392
0.391203
0.399788
0.76489
0.499462
0.725655
0.505191
0.592905
0.760715
0.607309
0.615615
0.78922
0.949087
0.376716
0.577117
0.086273
0.358804
0.412049
0.835237
0.513392
0.731066
0.019007
0.464493
0.901318
0.224314
0.031522
0.433409
0.704432
0.454464
0.459978
0.669805
0.254389
0.75189
0.153114
0.395751
0.656008
0.828369
0.791531
0.721686
0.359096
0.122304
0.216834
0.864834
0.857331
0.951561
0.075989
0.536809
0.648683
0.710657
0.643863
0.770011
0.359472
0.179433
0.204583
0.011979
0.350322
0.091744
0.321489
0.62821
0.894478
0.839605
0.252674
0.134083
0.193072
0.970987
0.549474
0.182502
0.840746
0.395191
0.899222
0.260677
0.393222
0.504948
0.892615
0.868757
0.574355
0.221776
0.403357
0.975633
0.607773
0.781098
0.449865
0.532007
0.428954
0.702921
0.851471
0.507364
0.480867
0.340286
0.177097
0.939248
0.31608
0.800691
0.715347
0.790918
0.936768
0.623371
0.89795
0.167697
0.626713
0.772276
0.271641
0.740754
0.778477
0.831188
0.312883
0.681607
0.304253
0.73904
0.462974
0.597544
0.41584
0.161983
0.17803
0.077569
0.618073
0.848638
0.020837
0.06624
0.457467
0.737721
0.157708
0.271651
0.232006
0.399051
0.224999
0.352599
0.728543
0.611009
0.081182
0.637746
0.477077
0.934566
0.289304
0.726166
0.730861
0.221501
0.903224
0.491183
0.678883
0.145856
0.257804
0.586107
0.319027
0.499693
0.374005
0.640554
0.487145
0.00461
0.649681
0.422122
0.341698
0.094147
0.22037
0.223772
0.935369
0.432513
0.042066
0.138817
0.079033
0.588869
0.186621
0.498558
0.370062
0.803876
0.32049
0.458265
0.721286
0.433351
0.793216
0.661684
0.410529
0.503982
0.967203
0.661611
0.904995
0.178759
0.483236
0.908662
0.322612
0.967664
0.097077
0.902671
0.445212
0.073744
0.879522
0.25194
0.02225
0.135807
0.659115
0.977811
0.111462
0.461948
0.180637
0.745037
0.118059
0.239842
0.196406
0.55252
0.873184
0.51109
0.058243
0.563389
0.797521
0.132156
0.072711
0.187808
0.746086
0.59168
0.540595
0.24948
0.332237
0.965885
0.240625
0.901645
0.580532
0.123296
0.467312
0.948549
0.418566
0.863387
0.256429
0.570922
0.843852
0.920688
0.485823
0.639688
0.00298
0.253223
0.278712
0.093493
0.279695
0.321122
0.968766
0.668602
0.426005
0.988054
0.153232
0.476051
0.647062
0.055581
0.716999
0.099867
0.140282
0.15969
0.92889
0.683236
0.655428
0.555493
0.292806
0.62089
0.41015
0.145416
0.689597
0.129582
0.190669
0.817699
0.660117
0.630991
0.418203
0.396281
0.690263
0.740006
0.510213
0.969269
0.9557
0.412429
0.820622
0.543268
0.511756
0.054964
0.573975
0.900578
0.780134
0.786317
0.159929
0.358449
0.233205
0.315915
0.579539
0.364784
0.560698
0.438501
0.286616
0.095403
0.891838
0.011373
0.001652
0.826798
0.996811
0.727103
0.015274
0.22669
0.971823
0.808604
0.5668
0.236861
0.01437
0.020861
0.611981
0.021832
0.99363
0.183384
0.710707
0.15506
0.540093
0.080611
0.766778
0.584921
0.086167
0.848586
0.547019
0.921592
0.916623
0.920508
0.077785
0.120958
0.987706
0.487601
0.238214
0.769664
0.264285
0.727216
0.837286
0.784263
0.274048
0.401619
0.413251
0.491273
0.167373
0.45247
0.510783
0.531709
0.8199
0.517334
0.230784
0.663129
0.797314
0.319372
0.645306
0.146938
0.341926
0.909224
0.911308
0.575325
0.702351
0.854015
0.958553
0.489886
0.561576
0.415642
0.071982
0.422803
0.790627
0.804885
0.892377
0.051467
0.527155
0.107424
0.200742
0.900217
0.496791
0.758545
0.064384
0.416827
0.67424
0.133406
0.325818
0.064548
0.65134
0.970891
0.827045
0.974623
0.845605
0.855196
0.577177
0.518252
0.406254
0.818095
0.182068
0.056225
0.947894
0.003778
0.976829
0.728853
0.328499
0.69782
0.817875
0.245362
0.770896
0.80437
0.249355
0.041926
0.204122
0.200646
0.06524
0.726007
0.379975
0.884386
0.252171
0.453232
0.639017
0.877465
0.524621
0.373525
0.867015
0.310246
0.079424
0.445042
0.785093
0.030781
0.585882
0.594464
0.928542
0.286465
0.278837
0.440484
0.356915
0.736346
0.641752
0.758921
0.820042
0.922981
0.430937
0.984697
0.215661
0.714365
0.534009
0.816901
0.476771
0.783939
0.930169
0.732294
0.776094
0.067175
0.204958
0.974304
0.693187
0.561449
0.366976
0.044389
0.369136
0.498913
0.21146
0.173137
0.508417
0.585904
0.239918
0.587389
0.90034
0.473173
0.85739
0.927271
0.092394
0.095812
0.476044
0.588102
0.425883
0.326451
0.640994
0.002082
0.968073
0.232079
0.917099
0.109015
0.238087
0.234874
0.996153
0.004601
0.639638
0.869687
0.672274
0.362734
0.958309
0.893521
0.433955
0.573328
0.967519
0.98256
0.449823
0.84735
0.30198
0.371813
0.164822
0.209185
0.656873
0.510782
0.231132
0.40291
0.373183
0.98736
0.853566
0.387966
0.913917
0.342635
0.667902
0.96665
0.390279
0.679885
0.295924
0.266312
0.574157
0.979265
0.453134
0.937637
0.914364
0.253763
0.401819
0.643302
0.518046
0.095959
0.993698
0.752654
0.437694
0.618169
0.087573
0.495302
0.930832
0.896601
0.337381
0.531368
0.697384
0.340009
0.064879
0.505442
0.601636
0.005842
0.095575
0.207291
0.348052
0.541051
0.293843
0.276184
0.869349
0.145051
0.49546
0.952825
0.625013
0.717205
0.431237
0.019932
0.64613
0.631924
0.110428
0.46216
0.915329
0.205085
0.461099
0.461103
0.810761
0.824576
0.759269
0.365454
0.072037
0.349483
0.679791
0.702747
0.965
0.453641
0.632436
0.539191
0.150619
0.461202
0.544835
0.95075
0.366539
0.980099
0.5423
0.242469
0.191664
0.141695
0.452933
0.021926
0.445045
0.988405
0.670107
0.759786
0.119005
0.473101
0.286223
0.894098
0.181292
0.458733
0.588048
0.514041
0.830244
0.231453
0.377391
0.792084
0.528071
0.402117
0.029443
0.753385
0.972182
0.620287
0.856541
0.516876
0.231681
0.014442
0.653398
0.493109
0.782098
0.694682
0.987952
0.510313
0.427175
0.28674
0.476861
0.872871
0.04244
0.9779
0.993307
0.597821
0.331544
0.223049
0.27649
0.050105
0.475111
0.057324
0.718474
0.371929
0.199365
0.544854
0.973759
0.695131
0.491747
0.776914
0.737476
0.891735
0.204669
0.858878
0.301026
0.940999
0.281065
0.926849
0.963791
0.145491
0.9745
0.085723
0.218568
0.444169
0.993597
0.488563
0.550409
0.694425
0.968294
0.783351
0.224154
0.302991
0.097628
0.644452
0.18074
0.257405
0.888114
0.326756
0.566647
0.397566
0.074031
0.362864
0.408068
0.895701
0.324451
0.379241
0.782897
0.758957
0.798285
0.953771
0.795557
0.407608
0.821509
0.508675
0.277714
0.302917
0.223842
0.144993
0.18449
0.063178
0.888451
0.931008
0.58677
0.84049
0.183571
0.901674
0.506362
0.067165
0.141313
0.308976
0.043558
0.309293
0.05993
0.236028
0.26567
0.994369
0.235547
0.239186
0.686789
0.859357
0.387055
0.875618
0.340142
0.197016
0.329639
0.609356
0.367143
0.672894
0.236936
0.700993
0.347438
0.455868
0.557745
0.686225
0.238714
0.835946
0.721843
0.234098
0.974975
0.664797
0.452427
0.157527
0.533221
0.164776
0.429492
0.408713
0.71994
0.192383
0.821871
0.326132
0.443989
0.772341
0.625392
0.308025
0.386203
0.305787
0.59477
0.332625
0.725698
0.579787
0.145707
0.310269
0.221447
0.390313
0.515984
0.506763
0.754524
0.189172
0.946473
0.342845
0.300249
0.685179
0.805517
0.378472
0.746847
0.883736
0.766804
0.034196
0.827369
0.774481
0.66929
0.760022
0.979425
0.431113
0.067223
0.46089
0.046434
0.29425
0.58688
0.309623
0.685395
0.821986
0.420439
0.900138
0.079839
0.840113
0.828573
0.321994
0.298715
0.305095
0.811394
0.831653
0.329722
0.59259
0.138933
0.468779
0.998793
0.158839
0.947563
0.824255
0.972215
0.179579
0.213518
0.016867
0.724702
0.644095
0.178065
0.791145
0.299196
0.134996
0.422563
0.09097
0.263244
0.371333
0.851864
0.792549
0.442754
0.724575
0.56865
0.340842
0.725874
0.683499
0.619094
0.617956
0.682982
0.384546
0.869076
0.162308
0.883885
0.342282
0.125032
0.600027
0.375987
0.8155
0.430785
0.668563
0.308258
0.209452
0.388049
0.606808
0.656947
0.578207
0.988056
0.69109
0.93152
0.117933
0.061373
0.310995
0.136589
0.525869
0.518981
0.575047
0.745228
0.97133
0.878259
0.118367
0.338514
0.255823
0.176817
0.544725
0.553264
0.227245
0.711897
0.732914
0.02098
0.395758
0.890141
0.520319
0.347628
0.253676
0.243355
0.099768
0.817226
0.086657
0.292295
0.045676
0.781387
0.039284
0.308301
0.573297
0.409561
0.282271
0.275189
0.79779
0.973978
0.348041
0.039146
0.036566
0.759213
0.55237
0.783593
0.697497
0.907506
0.885824
0.788327
0.475189
0.308126
0.507027
0.502072
0.610276
0.186098
0.65562
0.456601
0.620205
0.239605
0.434395
0.210201
0.875305
0.487961
0.224981
0.041209
0.675739
0.214645
0.989582
0.5337
0.288977
0.657677
0.27522
0.820274
0.308236
0.988248
0.605145
0.844411
0.072815
0.348299
0.737487
0.655059
0.194243
0.356203
0.263443
0.61337
0.344568
0.309054
0.207378
0.409027
0.195503
0.96257
0.154502
0.913305
0.428473
0.377866
0.23132
0.635756
0.685528
0.467571
0.055707
0.91851
0.980329
0.431043
0.613661
0.450299
0.32188
0.077319
0.456068
0.818385
0.017031
0.582108
0.880772
0.217549
0.183256
0.772277
0.255086
0.191984
0.377989
0.392502
0.874101
0.618443
0.405961
0.534388
0.953965
0.113215
0.207716
0.962529
0.957325
0.177165
0.145109
0.421085
0.049718
0.654904
0.077496
0.05803
0.485187
0.957787
0.426796
0.356481
0.997957
0.531969
0.375241
0.385861
0.194959
0.512223
0.438855
0.270795
0.16054
0.311239
0.508683
0.058333
0.153744
0.947657
0.542855
0.063449
0.693088
0.061803
0.738874
0.749963
0.651079
0.732205
0.087966
0.726781
0.136688
0.339506
0.942745
0.502875
0.967426
0.088922
0.477557
0.062402
0.63021
0.078707
0.175368
0.25883
0.748744
0.163962
0.846632
0.131904
0.035244
0.395045
0.979442
0.110342
0.101718
0.751167
0.312162
0.717282
0.200011
0.460072
0.26529
0.451528
0.769097
0.76201
0.515772
0.928372
0.263784
0.240311
0.613806
0.621297
0.04654
0.607778
0.374436
0.747443
0.808106
0.552154
0.001705
0.636366
0.748881
0.248983
0.464646
0.965727
0.298116
0.223153
0.210855
0.558801
0.949787
0.60869
0.303323
0.63857
0.624842
0.596925
0.159426
0.634567
0.430164
0.018592
0.539764
0.989267
0.34974
0.965559
0.096206
0.73245
0.11433
0.273572
0.570841
0.59278
0.775211
0.615311
0.593615
0.912353
0.452161
0.225266
0.161789
0.399995
0.712753
0.042543
0.129053
0.106113
0.58525
0.242865
0.166259
0.592771
0.76131
0.332155
0.578205
0.098124
0.935191
0.336896
0.997506
0.978588
0.778823
0.020067
0.543475
0.086836
0.895138
0.789636
0.97234
0.608383
0.522173
0.518974
0.386448
0.46869
0.635413
0.932948
0.595884
0.857116
0.86278
0.518833
0.34747
0.639574
0.445877
0.081441
0.377809
0.994072
0.048512
0.696667
0.841189
0.648726
0.569748
0.707554
0.429343
0.091362
0.962372
0.432301
0.665389
0.53131
0.054673
0.952747
0.792537
0.149098
0.981649
0.736901
0.472322
0.61137
0.106737
0.560412
0.073661
0.544855
0.552696
0.874439
0.725058
0.249552
0.888426
0.573243
0.606379
0.168981
0.857774
0.930965
0.774991
0.940752
0.3023
0.861119
0.488893
0.163917
0.668801
0.68412
0.286925
0.027493
0.199847
0.399778
0.167563
0.19403
0.391391
0.961787
0.764244
0.319748
0.951604
0.645647
0.45545
0.4683
0.410744
0.232992
0.386632
0.527896
0.528027
0.761737
0.358798
0.716798
0.578092
0.961845
0.385285
0.901216
0.820643
0.637664
0.654514
0.08465
0.950225
0.106936
0.563233
0.330071
0.429852
0.610183
0.908851
0.457567
0.98773
0.592812
0.160554
0.190009
0.716111
0.050398
0.480342
0.148219
0.433219
0.749917
0.458813
0.163451
0.251925
0.36754
0.069561
0.584338
0.607534
0.062152
0.402311
0.414001
0.33382
0.55774
0.345957
0.416409
0.797524
0.162109
0.619115
0.505594
0.305072
0.727535
0.551188
0.477362
0.667669
0.80229
0.972669
0.62935
0.87444
0.001092
0.530236
0.214648
0.094192
0.531971
0.746827
0.412273
0.670107
0.489719
0.437086
0.290257
0.382594
0.349796
0.646187
0.116019
0.092636
0.660013
0.546298
0.4302
0.152443
0.411027
0.789732
0.889621
0.702577
0.059912
0.67041
0.240986
0.315251
0.195873
0.775756
0.648602
0.611835
0.667973
0.236772
0.444644
0.633254
0.636594
0.791852
0.287104
0.770336
0.440184
0.670173
0.455719
0.94861
0.179302
0.675005
0.576535
0.172731
0.066006
0.799144
0.157451
0.186507
0.978434
0.717261
0.250487
0.590949
0.534112
0.844473
0.729321
0.831721
0.211507
0.640219
0.040241
0.068941
0.713527
0.02442
0.579765
0.840405
0.379942
0.04484
0.713847
0.929686
0.717171
0.578447
0.230029
0.015376
0.694672
0.231026
0.858163
0.466364
0.530636
0.753937
0.779431
0.642651
0.938432
0.982298
0.946885
0.824179
0.705625
0.663326
0.10375
0.271484
0.005688
0.13741
0.439229
0.146537
0.901663
0.805699
0.071612
0.248914
0.819072
0.803046
0.945451
0.997548
0.97627
0.410138
0.250328
0.75841
0.299273
0.8064
0.533955
0.793927
0.27588
0.508027
0.564024
0.943108
0.266598
0.936688
0.804859
0.730894
0.78687
0.605425
0.24408
0.189495
0.866341
0.725139
0.213204
0.615093
0.447546
0.158655
0.531857
0.281519
0.096244
0.466958
0.590109
0.046906
0.402093
0.257662
0.030651
0.125663
0.139034
0.182874
0.803378
0.439492
0.147086
0.100297
0.29794
0.798016
0.36446
0.159897
0.404116
0.555312
0.029584
0.627642
0.395101
0.009726
0.673889
0.712388
0.62884
0.34193
0.529605
0.387158
0.700622
0.58358
0.081799
0.643094
0.687238
0.370702
0.875786
0.843014
0.175167
0.904266
0.440872
0.72375
0.814097
0.505112
0.399102
0.915451
0.230854
0.25697
0.36162
0.859466
0.938788
0.220068
0.86387
0.258203
0.970641
0.597408
0.007086
0.03413
0.147485
0.187573
0.767619
0.222766
0.969142
0.636112
0.692518
0.217817
0.892706
0.667815
0.864406
0.956481
0.125641
0.096587
0.803408
0.866126
0.583761
0.366001
0.65263
0.305664
0.238386
0.488145
0.216154
0.483704
0.956607
0.839784
0.941631
0.806329
0.354751
0.812045
0.922916
0.947036
0.683198
0.211367
0.039729
0.1472
0.965547
0.462097
0.854986
0.465044
0.660818
0.024141
0.249865
0.436269
0.630631
0.171521
0.764551
0.364405
0.817435
0.097969
0.679757
0.293328
0.795383
0.40217
0.66535
0.934305
0.020627
0.011117
0.770279
0.646393
0.29298
0.494397
0.041936
0.192446
0.424496
0.834044
0.479667
0.586363
0.873754
0.308819
0.700699
0.861667
0.202616
0.356478
0.97981
0.983219
0.22323
0.066446
0.270922
0.397732
0.441006
0.618806
0.899503
0.330348
0.849985
0.093479
0.041875
0.504045
0.059662
0.39249
0.896778
0.241483
0.705976
0.302365
0.04492
0.556691
0.834853
0.409468
0.617294
0.900024
0.789695
0.193876
0.733384
0.501893
0.745967
0.494516
0.127958
0.569909
0.492134
0.517922
0.878902
0.894837
0.453537
0.455732
0.515187
0.519589
0.950387
0.6494
0.277457
0.531537
0.627224
0.639772
0.585254
0.177736
0.033593
0.337843
0.427522
0.061804
0.814967
0.344077
0.913633
0.15441
0.056935
0.482316
0.189129
0.937399
0.010303
0.41262
0.926748
0.384418
0.093109
0.302895
0.49801
0.185152
0.466562
0.836343
0.872618
0.049261
0.160903
0.27529
0.594866
0.360995
0.844041
0.716672
0.100456
0.624558
0.113013
0.255036
0.177871
0.173062
0.616396
0.563605
0.176028
0.990173
0.421837
0.097069
0.120569
0.583894
0.979069
0.571951
0.949041
0.444133
0.435841
0.500007
0.697425
0.367616
0.863886
0.029281
0.439764
0.510992
0.607032
0.276072
0.42748
0.484538
0.68691
0.773544
0.737827
0.341583
0.999451
0.848665
0.260023
0.195106
0.314021
0.452345
0.850799
0.778362
0.851246
0.271957
0.593461
0.283249
0.109023
0.684198
0.142998
0.667698
0.647964
0.810248
0.139555
0.78348
0.999277
0.851042
0.751812
0.662165
0.421781
0.7305
0.724178
0.631498
0.796278
0.448764
0.121253
0.559068
0.265044
0.384433
0.017415
0.382791
0.808801
0.542722
0.009801
0.469844
0.291452
0.477551
0.404693
0.931979
0.041177
0.683588
0.851027
0.959239
0.177636
0.531305
0.04359
0.499184
0.125458
0.837897
0.11387
0.513288
0.521096
0.97165
0.654981
0.28784
0.240799
0.128248
0.756515
0.690757
0.609877
0.04084
0.762829
0.641888
0.963889
0.587202
0.303952
0.381521
0.175841
0.722914
0.707722
0.20065
0.158489
0.077005
0.911976
0.23307
0.344164
0.280505
0.413625
0.714049
0.870596
0.182599
0.686412
0.352562
0.980527
0.298919
0.007193
0.51564
0.150731
0.044494
0.698269
0.732259
0.460699
0.676886
0.538239
0.629801
0.596704
0.665823
0.199631
0.268707
0.439963
0.446128
0.774412
0.367394
0.162505
0.251466
0.214734
0.73166
0.47034
0.708631
0.41622
0.889736
0.98352
0.669843
0.863813
0.507933
0.934621
0.831586
0.991779
0.623094
0.779207
0.542868
0.25912
0.354755
0.894005
0.055948
0.59148
0.372484
0.386693
0.884571
0.853822
0.598842
0.272919
0.475456
0.408293
0.353618
0.102786
0.543114
0.301831
0.660808
0.319204
0.431163
0.05236
0.992538
0.50761
0.024238
0.541231
0.870354
0.772552
0.700907
0.139465
0.657737
0.766298
0.572419
0.892749
0.27699
0.242145
0.86957
0.625398
0.001447
0.353131
0.857856
0.02732
0.003248
0.281259
0.914
0.901478
0.518762
0.553237
0.332008
0.243737
0.815222
0.106295
0.487354
0.634397
0.10368
0.519607
0.577521
0.742496
0.234836
0.293328
0.569521
0.983126
0.217493
0.985904
0.714343
0.826082
0.089641
0.30042
0.057736
0.371547
0.98129
0.105273
0.562373
0.006071
0.712683
0.197193
0.129585
0.337018
0.771044
0.106613
0.229839
0.008464
0.968415
0.592146
0.7199
0.651383
0.144365
0.59494
0.131416
0.401236
0.568963
0.558881
0.119073
0.034436
0.798234
0.725922
0.081819
0.127416
0.892584
0.769129
0.99616
0.253987
0.487803
0.23646
0.6228
0.115414
0.127243
0.071888
0.693586
0.494073
0.617731
0.879301
0.740328
0.461723
0.984356
0.456256
0.112451
0.992655
0.022821
0.549884
0.309095
0.503552
0.558713
0.240096
0.556859
0.756061
0.26651
0.383426
0.268243
0.82056
0.724982
0.871196
0.17005
0.07358
0.119384
0.161018
0.533083
0.970912
0.357235
0.958508
0.038201
0.926872
0.181153
0.912475
0.056227
0.948219
0.200798
0.302714
0.490942
0.380721
0.667528
0.974808
0.606426
0.721485
0.088005
0.627812
0.45385
0.885782
0.388211
0.679454
0.228154
0.259373
0.376122
0.304064
0.253879
0.049669
0.836746
0.064302
0.887366
0.125465
0.065262
0.563005
0.502442
0.491235
0.574504
0.287057
0.662949
0.502402
0.334743
0.826501
0.727721
0.39361
0.847618
0.920258
0.536866
0.214952
0.915792
0.18948
0.048423
0.327487
0.726966
0.923274
0.637286
0.951839
0.092371
0.060754
0.604192
0.966116
0.502721
0.051515
0.221219
0.244793
0.337857
0.043603
0.904893
0.515564
0.670931
0.067173
0.054115
0.586468
0.887296
0.528482
0.877819
0.810991
0.075854
0.201957
0.657711
0.443501
0.2907
0.418634
0.4452
0.910552
0.103458
0.279731
0.537565
0.698287
0.630637
0.941643
0.795609
0.557077
0.214683
0.450874
0.693382
0.837962
0.959736
0.605453
0.526919
0.017692
0.072099
0.156105
0.05476
0.400863
0.336879
0.637354
0.535665
0.595971
0.471977
0.277737
0.952825
0.086409
0.938891
0.311238
0.512661
0.108842
0.070931
0.429545
0.741697
0.269365
0.562348
0.27865
0.388613
0.906446
0.85584
0.516018
0.238106
0.193184
0.954087
0.202717
0.808168
0.36897
0.98566
0.368156
0.351517
0.637464
0.961517
0.97621
0.707206
0.754606
0.563402
0.755776
0.85978
0.486095
0.619862
0.537317
0.562471
0.890048
0.355617
0.208184
0.45628
0.208085
0.4984
0.903508
0.617434
0.855433
0.166191
0.900874
0.601787
0.03176
0.633119
0.951397
0.079167
0.582456
0.915479
0.009695
0.630913
0.474902
0.346989
0.627536
0.052702
0.753063
0.004479
0.306936
0.503959
0.377022
0.307476
0.830835
0.934833
0.873713
0.522431
0.884164
0.920862
0.409238
0.283446
0.098265
0.479092
0.946297
0.560908
0.667562
0.112884
0.14352
0.464473
0.951265
0.360785
0.877484
0.120289
0.617017
0.600613
0.859875
0.003317
0.189932
0.219688
0.949966
0.153694
0.036962
0.534461
0.528558
0.844047
0.94886
0.538545
0.929994
0.725159
0.264559
0.928421
0.667443
0.414096
0.680242
0.401313
0.114184
0.718979
0.824088
0.728806
0.229115
0.956635
0.025255
0.332685
0.260092
0.048126
0.40573
0.623115
0.882553
0.98969
0.80809
0.468681
0.723704
0.843624
0.465307
0.785054
0.482652
0.386496
0.526091
0.675855
0.726882
0.356736
0.57132
0.909871
0.976313
0.227248
0.192831
0.676686
0.414684
0.024222
0.346862
0.806745
0.797427
0.494685
0.472578
0.579507
0.219397
0.526044
0.011046
0.47556
0.336051
0.67487
0.638354
0.380836
0.007273
0.252274
0.633348
0.072373
0.107642
0.647035
0.755767
0.32155
0.489673
0.945711
0.945544
0.307503
0.809988
0.593944
0.975484
0.477614
0.774707
0.768137
0.497433
0.79563
0.26104
0.122253
0.425164
0.943631
0.500745
0.635259
0.624162
0.132573
0.390297
0.706939
0.97199
0.168018
0.410442
0.095094
0.242376
0.376759
0.540643
0.230567
0.227563
0.77783
0.962642
0.323613
0.687992
0.25808
0.927952
0.672902
0.802677
0.049354
0.598506
0.527612
0.292997
0.26243
0.580025
0.706486
0.033173
0.567402
0.17046
0.140363
0.623119
0.31087
0.44088
0.359999
0.648336
0.47012
0.963459
0.352383
0.740284
0.257293
0.508753
0.55257
0.329109
0.471781
0.279279
0.006001
0.215648
0.700064
0.770963
0.280203
0.408043
0.037366
0.237063
0.779219
0.605986
0.205771
0.257442
0.816802
0.209084
0.334158
0.664359
0.561112
0.46087
0.899741
0.21971
0.74142
0.159064
0.615734
0.870624
0.457902
0.724295
0.820393
0.136026
0.705827
0.919841
0.576371
0.186122
0.126943
0.259735
0.103513
0.513394
0.069705
0.223405
0.43991
0.473915
0.565398
0.705615
0.047229
0.080621
0.060859
0.42315
0.041848
0.746081
0.223
0.939212
0.486404
0.446326
0.780539
0.713154
0.607309
0.935147
0.422259
0.808532
0.380093
0.838346
0.259475
0.289267
0.67787
0.212713
0.229154
0.305262
0.678929
0.889388
0.674568
0.827814
0.543561
0.068923
0.100466
0.554392
0.327801
0.220568
0.466257
0.666497
0.384992
0.802542
0.738523
0.734915
0.98519
0.29523
0.644726
0.855478
0.579524
0.789502
0.414452
0.590491
0.055666
0.985768
0.800018
0.868809
0.694294
0.18605
0.031028
0.864657
0.396331
0.263865
0.561673
0.420899
0.651666
0.483793
0.697233
0.853423
0.195557
0.329433
0.436816
0.962058
0.365334
0.3811
0.653473
0.4192
0.951224
0.894469
0.513409
0.644775
0.058031
0.695731
0.707201
0.359199
0.219683
0.915078
0.426705
0.653706
0.033329
0.414067
0.817259
0.387576
0.603161
0.209856
0.416526
0.927638
0.566452
0.901931
0.902019
0.944148
0.895392
0.003281
0.934015
0.137459
0.039926
0.055389
0.348916
0.620804
0.402311
0.025554
0.476483
0.442131
0.756849
0.279613
0.217531
0.255939
0.30374
0.599165
0.471525
0.336895
0.374314
0.370924
0.972407
0.232997
0.818062
0.708211
0.00557
0.993176
0.756439
0.68245
0.405325
0.555203
0.253271
0.035483
0.836022
0.896484
0.162471
0.787056
0.741153
0.178375
0.421829
0.422758
0.759964
0.837661
0.094775
0.562969
0.761748
0.786191
0.147994
0.525505
0.857559
0.318519
0.425117
0.804359
0.08932
0.859493
0.311157
0.00145
0.234159
0.089501
0.092385
0.692836
0.213976
0.934742
0.516445
0.460098
0.434284
0.692588
0.452263
0.1286
0.880172
0.428395
0.074005
0.529366
0.647347
0.275582
0.80034
0.669776
0.650341
0.420825
0.961915
0.274189
0.577706
0.309055
0.744805
0.047791
0.045894
0.810861
0.434268
0.34118
0.607527
0.701899
0.201201
0.185431
0.958151
0.589664
0.390116
0.801442
0.525159
0.241663
0.206735
0.396859
0.859896
0.061448
0.218526
0.893152
0.121735
0.629626
0.213511
0.605867
0.383104
0.101677
0.582475
0.683043
0.680273
0.637034
0.500225
0.519473
0.63564
0.690259
0.654877
0.586946
0.155839
0.210617
0.260224
0.919662
0.759395
0.552867
0.252057
0.110892
0.898759
0.892666
0.110696
0.797217
0.446645
0.323967
0.739105
0.61433
0.78003
0.074329
0.318587
0.319317
0.329753
0.50248
0.283014
0.444384
0.367778
0.735296
0.603501
0.653629
0.210584
0.325502
0.021165
0.108375
0.265054
0.065464
0.602632
0.99813
0.100815
0.82123
0.118816
0.669914
0.643158
0.902717
0.113946
0.315444
0.09078
0.407383
0.911593
0.781523
0.7229
0.533028
0.883486
0.449442
0.149686
0.837585
0.279638
0.053634
0.126038
0.609059
0.607082
0.260183
0.72718
0.77364
0.920503
0.584937
0.779423
0.7531
0.257809
0.310226
0.478482
0.019039
0.297398
0.473883
0.108069
0.126276
0.463237
0.730965
0.833749
0.546314
0.474749
0.384281
0.192949
0.146562
0.791896
0.465007
0.79032
0.704083
0.193896
0.510307
0.444017
0.423874
0.542571
0.982082
0.812901
0.903712
0.02964
0.140336
0.084764
0.263231
0.441892
0.642053
0.500831
0.903184
0.939856
0.163521
0.852913
0.481722
0.453329
0.784939
0.093141
0.882493
0.670863
0.875262
0.994478
0.518004
0.093262
0.166524
0.323618
0.103553
0.815342
0.296868
0.975886
0.702591
0.17343
0.476043
0.466884
0.492512
0.535691
0.031173
0.686301
0.487192
0.790965
0.81535
0.230535
0.048423
0.703234
0.977763
0.446658
0.259613
0.156672
0.287446
0.32792
0.423875
0.655407
0.273163
0.050977
0.373279
0.85563
0.498352
0.964784
0.503622
0.275899
0.193314
0.694524
0.536381
0.603999
0.755127
0.725903
0.043363
0.802572
0.532703
0.391709
0.537519
0.612451
0.149506
0.417415
0.335586
0.350409
0.091335
0.159843
0.161832
0.373225
0.894492
0.206027
0.416193
0.311609
0.787383
0.050126
0.196543
0.210642
0.992963
0.570775
0.138958
0.272199
0.167822
0.124605
0.797182
0.495753
0.63121
0.331251
0.553695
0.257569
0.308036
0.652238
0.15035
0.617222
0.852235
0.120423
0.897461
0.079446
0.348909
0.610509
0.559415
0.096391
0.798913
0.973153
0.181228
0.895131
0.556809
0.935934
0.176086
0.792021
0.059782
0.883196
0.674159
0.370255
0.190467
0.816533
0.603241
0.360416
0.443836
0.826543
0.338927
0.089633
0.911282
0.387344
0.348388
0.2044
0.897423
0.217505
0.636673
0.880765
0.034914
0.828792
0.410599
0.657975
0.372405
0.695516
0.254295
0.021931
0.947788
0.016368
0.824099
0.169138
0.39222
0.822492
0.205932
0.865708
0.497759
0.366153
0.662438
0.34139
0.347288
0.733526
0.309832
0.200773
0.807646
0.805371
0.497586
0.526656
0.696077
0.509274
0.41704
0.994894
0.14764
0.592728
0.885863
0.687215
0.880923
0.336335
0.271993
0.851272
0.394115
0.709682
0.147749
0.755838
0.548983
0.268612
0.494504
0.696944
0.011886
0.637467
0.541591
0.220286
0.752981
0.303461
0.276861
0.471218
0.67615
0.928846
0.141357
0.396468
0.06699
0.758551
0.447733
0.706929
0.322194
0.844317
0.534828
0.943608
0.078815
0.514277
0.766455
0.600153
0.023194
0.972339
0.298264
0.249278
0.48566
0.542158
0.766288
0.393274
0.43996
0.53496
0.394387
0.914548
0.851252
0.454974
0.000195
0.900934
0.124337
0.244512
0.152361
0.179816
0.802878
0.579501
0.956095
0.231454
0.485635
0.977428
0.826444
0.728616
0.188975
0.769405
0.347565
0.530537
0.609161
0.609364
0.726523
0.661702
0.068371
0.457347
0.664022
0.295993
0.313057
0.124568
0.418615
0.98683
0.285319
0.531437
0.743237
0.013497
0.90044
0.38655
0.869116
0.038948
0.145664
0.322529
0.345462
0.847794
0.011201
0.641112
0.131312
0.823216
0.778573
0.499921
0.212687
0.634495
0.156258
0.190024
0.62669
0.991228
0.891061
0.593107
0.538537
0.998385
0.547397
0.420117
0.909556
0.234184
0.097526
0.63409
0.09585
0.373149
0.423577
0.547538
0.99166
0.220982
0.375756
0.13224
0.607614
0.727673
0.482077
0.245831
0.620888
0.539158
0.171186
0.405682
0.435197
0.982618
0.849286
0.734371
0.888777
0.735484
0.903402
0.054553
0.456066
0.746898
0.583296
0.175166
0.340492
0.317774
0.261347
0.343136
0.514853
0.854869
0.742033
0.83525
0.883604
0.41615
0.346026
0.057623
0.930492
0.065823
0.741136
0.378108
0.948781
0.419602
0.816608
0.282655
0.299089
0.595519
0.997983
0.517572
0.936309
0.78625
0.795864
0.43596
0.386542
0.191922
0.963941
0.959394
0.747068
0.296252
0.24518
0.98861
0.066543
0.843564
0.355458
0.41887
0.831978
0.090603
0.35417
0.952024
0.699066
0.754939
0.757505
0.06057
0.203208
0.491263
0.36815
0.410912
0.781447
0.014679
0.660492
0.00011
0.063059
0.408286
0.840949
0.144996
0.554621
0.678505
0.229533
0.51233
0.911407
0.512229
0.157323
0.627814
0.5922
0.026955
0.090594
0.156781
0.136289
0.259466
0.454105
0.371716
0.89065
0.612109
0.876144
0.527039
0.08987
0.463287
0.822033
0.194104
0.091214
0.329435
0.388898
0.306258
0.135241
0.25084
0.682282
0.385929
0.632549
0.536304
0.549053
0.24855
0.521543
0.023595
0.431744
0.572623
0.181996
0.256559
0.219531
0.070558
0.347857
0.978966
0.35388
0.460537
0.653087
0.648498
0.949895
0.857564
0.793951
0.951627
0.230765
0.617054
0.887197
0.624138
0.97742
0.100353
0.439331
0.977363
0.379568
0.739556
0.030403
0.694837
0.934627
0.382706
0.0213
0.02791
0.892023
0.722516
0.106686
0.05459
0.804825
0.809861
0.120522
0.30152
0.780026
0.525412
0.956585
0.481063
0.676958
0.509783
0.942965
0.398659
0.229796
0.326634
0.852775
0.497939
0.354252
0.54426
0.13323
0.005359
0.280585
0.605006
0.711681
0.826611
0.926664
0.412112
0.740517
0.074673
0.05753
0.124798
0.448569
0.211281
0.286925
0.64788
0.358522
0.557372
0.412404
0.168969
0.07402
0.236231
0.0577
0.618612
0.795718
0.339741
0.387111
0.816191
0.222613
0.11916
0.501118
0.64619
0.599654
0.713873
0.056751
0.428202
0.238571
0.759121
0.87273
0.281336