128 4
0
8
44
48
57
1
21
31
68
86
2
41
52
68
95
3
38
58
73
122
4
14
28
70
121
2
5
82
110
122
6
9
28
78
91
5
7
11
34
110
8
18
37
76
92
7
9
66
118
121
3
10
46
50
83
7
11
44
66
84
12
15
66
76
86
8
13
59
77
111
14
70
76
116
120
14
15
70
97
101
16
21
23
40
112
0
9
17
43
100
18
71
79
106
109
19
49
55
88
112
11
20
59
80
88
21
25
77
109
111
22
35
40
42
120
5
23
42
68
110
12
17
24
42
61
17
25
27
58
77
26
56
59
62
91
26
27
31
50
55
8
28
95
103
110
29
67
83
91
96
30
45
97
111
120
5
7
25
31
66
23
32
47
79
102
12
33
44
68
93
19
24
34
81
117
35
65
73
81
110
36
44
46
113
118
37
62
75
76
110
38
54
110
113
120
18
34
39
74
102
13
25
40
52
109
41
43
44
87
117
42
50
64
104
118
22
43
55
85
117
18
44
54
75
81
32
45
58
59
91
18
27
46
51
122
36
47
48
124
125
25
48
97
98
126
37
39
49
79
98
50
76
86
123
125
15
21
27
51
53
34
44
52
59
111
45
53
54
71
107
25
54
84
85
118
24
55
84
103
104
5
22
56
64
114
42
57
63
86
106
22
29
58
76
95
17
59
78
86
106
20
56
60
96
102
22
43
44
61
90
46
62
81
87
114
6
39
41
50
63
47
49
64
83
90
5
8
65
90
116
20
30
56
66
108
39
44
67
89
111
19
48
68
76
86
69
91
100
116
117
16
27
40
65
70
24
40
57
71
113
5
72
74
120
124
5
37
44
73
74
2
13
39
65
74
75
96
98
116
118
17
18
23
63
76
77
87
112
115
124
0
34
61
78
108
24
44
48
79
99
80
97
106
123
125
15
81
88
92
97
15
18
22
24
82
0
53
72
83
114
18
33
41
84
96
54
79
85
103
107
17
33
86
88
124
5
20
44
87
121
47
69
88
95
104
30
38
89
105
106
9
29
90
115
120
17
59
87
91
115
14
72
92
94
124
3
8
39
62
93
3
8
25
94
108
14
15
80
95
98
51
68
96
118
120
4
17
19
78
97
1
12
92
98
110
3
41
73
99
108
7
60
94
100
104
62
66
101
109
111
8
93
102
116
127
10
98
100
103
124
12
35
41
104
119
11
12
36
73
105
51
72
106
119
123
1
55
70
107
117
22
39
59
102
108
22
63
84
102
109
28
50
77
89
110
68
88
94
111
118
19
30
49
107
112
1
54
80
108
113
12
24
102
114
121
69
91
105
115
118
57
66
81
98
116
63
68
74
83
117
58
59
82
85
118
61
82
110
119
125
15
87
104
120
127
14
67
88
107
121
13
34
48
54
122
6
82
99
101
123
29
48
82
88
124
15
103
110
117
125
50
71
81
91
126
41
79
82
115
127
0.545924
0.926205
0.871315
0.785084
0.273698
0.911819
0.097508
0.853329
0.32816
0.053772
0.669357
0.23128
0.243571
0.306047
0.063685
0.177127
0.00514
0.44541
0.084255
0.682653
0.235623
0.943574
0.871252
0.289441
0.783215
0.803245
0.986563
0.59784
0.081966
0.646837
0.62498
0.638351
0.307146
0.85968
0.959472
0.217713
0.088152
0.194535
0.820552
0.676645
0.636047
0.401793
0.577828
0.307874
0.4772
0.793063
0.981242
0.932489
0.933866
0.402224
0.46879
0.705635
0.922192
0.141994
0.304242
0.139247
0.612009
0.306301
0.326108
0.070916
0.349796
0.862497
0.233073
0.695187
0.629628
0.863485
0.132288
0.97759
0.582629
0.995474
0.911515
0.221517
0.056162
0.255639
0.527564
0.171596
0.16746
0.462594
0.033268
0.121888
0.415861
0.06313
0.396755
0.474006
0.451267
0.869175
0.530062
0.46798
0.410709
0.817623
0.895057
0.853242
0.673547
0.137362
0.27687
0.046063
0.930824
0.660799
0.746363
0.311572
0.845654
0.259603
0.001644
0.376415
0.570761
0.478705
0.862076
0.105405
0.553823
0.512979
0.281393
0.822228
0.752849
0.732859
0.876192
0.722785
0.231841
0.705563
0.307703
0.242175
0.073004
0.744029
0.711001
0.234499
0.749379
0.917841
0.108029
0.232637
0.750261
0.274507
0.624664
0.081164
0.452202
0.739091
0.686514
0.815072
0.877452
0.773184
0.671588
0.031722
0.534967
0.037698
0.808068
0.320725
0.562429
0.279445
0.7825
0.886503
0.398642
0.862922
0.267075
0.534661
0.858761
0.325881
0.954042
0.12188
0.018275
0.904135
0.068649
0.991889
0.951397
0.137021
0.537585
0.18492
0.428155
0.061425
0.223925
0.363273
0.438648
0.977496
0.807866
0.73741
0.537041
0.839998
0.339323
0.708899
0.993784
0.314629
0.674018
0.844315
0.915808
0.717933
0.283608
0.326282
0.020758
0.760886
0.04274
0.864652
0.118661
0.171877
0.476526
0.73788
0.139002
0.440071
0.482851
0.212286
0.115558
0.836421
0.502466
0.014381
0.802981
0.980794
0.605926
0.503708
0.878416
0.952517
0.754537
0.445453
0.592221
0.700935
0.194274
0.447201
0.829821
0.654725
0.411204
0.663363
0.118222
0.401498
0.793129
0.220509
0.185962
0.950819
0.209898
0.260919
0.969616
0.734709
0.699597
0.852926
0.115823
0.705956
0.503689
0.829151
0.508142
0.620241
0.477742
0.478159
0.76797
0.628566
0.633263
0.450282
0.531109
0.745718
0.825941
0.696561
0.924073
0.820324
0.561864
0.671406
0.926308
0.619168
0.824807
0.688811
0.551936
0.241838
0.425998
0.967743
0.657765
0.564395
0.932957
0.586512
0.526083
0.759311
0.712666
0.19316
0.471308
0.472515
0.378225
0.517293
0.413107
0.199345
0.412366
0.072277
0.575786
0.853655
0.725287
0.360394
0.087071
0.202149
0.54549
0.207057
0.543973
0.231599
0.848924
0.397271
0.245551
0.812326
0.342839
0.111488
0.570409
0.581564
0.714696
0.240219
0.443771
0.282368
0.080954
0.876614
0.72887
0.301463
0.599373
0.201264
0.890237
0.114906
0.003837
0.502008
0.583128
0.578965
0.054512
0.314044
0.499199
0.216579
0.872626
0.087109
0.487384
0.691416
0.261751
0.624241
0.829385
0.190337
0.917221
0.553559
0.299232
0.430858
0.312192
0.725111
0.796301
0.832937
0.985768
0.791284
0.601384
0.33922
0.544595
0.041068
0.744825
0.445956
0.020023
0.062507
0.387466
0.583422
0.464204
0.619204
0.480294
0.661704
0.219126
0.112843
0.596434
0.48469
0.026868
0.380482
0.106126
0.531357
0.395778
0.613152
0.805602
0.299669
0.962102
0.535635
0.618291
0.680672
0.666732
0.510971
0.428764
0.053782
0.022086
0.357961
0.333661
0.387695
0.138368
0.738168
0.856964
0.938715
0.492362
0.700866
0.855551
0.418291
0.309413
0.936725
0.515677
0.497254
0.178416
0.108155
0.842107
0.614133
0.325825
0.191736
0.555497
0.583919
0.206994
0.851406
0.084264
0.356093
0.680384
0.27412
0.827675
0.739868
0.789023
0.119107
0.140547
0.286474
0.518077
0.748016
0.836531
0.704335
0.928597
0.738744
0.306268
0.265081
0.696192
0.192871
0.092715
0.532223
0.821642
0.10138
0.791891
0.811572
0.482274
0.05731
0.17459
0.707426
0.711778
0.898355
0.582686
0.124107
0.121415
0.721132
0.183785
0.328385
0.487212
0.024765
0.248819
0.40789
0.279636
0.13637
0.728012
0.813148
0.257479
0.774419
0.385554
0.506686
0.856001
0.749954
0.805117
0.136845
0.069719
0.893405
0.387834
0.28788
0.724696
0.836416
0.86249
0.315997
0.852212
0.040934
0.049661
0.623519
0.063106
0.324609
0.672756
0.337267
0.1796
0.281351
0.457575
0.475386
0.783
0.750153
0.456818
0.845667
0.114237
0.255353
0.827976
0.377994
0.981182
0.466253
0.791936
0.402307
0.424954
0.382883
0.719076
0.547518
0.943778
0.25089
0.100563
0.393261
0.616713
0.860799
0.346197
0.653787
0.350199
0.61722
0.884808
0.231358
0.404242
0.993265
0.868557
0.56464
0.516628
0.2846
0.517209
0.848181
0.685175
0.290044
0.201464
0.265209
0.169759
0.095641
0.419136
0.1133
0.171913
0.547325
0.164599
0.06388
0.317389
0.220319
0.515305
0.102367
0.751771
0.906234
0.743435
0.532827
0.860668
0.694918
0.010551
0.39409
0.850952
0.345859
0.035215
0.74618
0.802038
0.160594
0.53734
0.191955
0.719234
0.27155
0.316215
0.844971
0.476322
0.669754
0.402373
0.298007
0.625478
0.154858
0.373
0.209037
0.695795
0.944209
0.995511
0.450277
0.25253
0.442829
0.847269
0.206006
0.952096
0.341866
0.985804
0.838609
0.808571
0.317905
0.008777
0.382133
0.301809
0.037397
0.505365
0.403031
0.634556
0.621186
0.120747
0.976966
0.186931
0.445274
0.488118
0.813063
0.09923
0.428644
0.628502
0.215156
0.627468
0.923665
0.997518
0.032451
0.235588
0.310307
0.399126
0.242257
0.203488
0.954554
0.918522
0.046993
0.338813
0.405149
0.239015
0.628873
0.640381
0.850504
0.740869
0.542573
0.653587
0.273989
0.593056
0.489227
0.133344
0.242544
0.291693
0.92431
0.230387
0.289244
0.369354
0.663743
0.118238
0.953945
0.865571
0.577216
0.674038
0.01666
0.338945
0.79566
0.077483
0.282314
0.585297
0.256413
0.933978
0.131059
0.797394
0.507949
0.750331
0.310715
0.51449
0.856835
0.466878
0.35972
0.536155
0.717363
0.443563
0.938877
0.294946
0.475464
0.756928
0.689121
0.863641
0.996809
0.426858
0.111151
0.030416
0.726877
0.874014
0.220713
0.158448
0.062205
0.822703
0.311382
0.401697
0.50275
0.839453
0.650833
0.615065
0.175672
0.51319
0.715381
0.973261
0.201406
0.009543
0.075301
0.375852
0.820545
0.007142
0.456731
0.329231
0.052482
0.450236
0.254749
0.351885
0.705615
0.521551
0.124647
0.961415
0.635911
0.765868
0.079213
0.047058
0.019448
0.188794
0.414408
0.935826
0.45706
0.290255
0.561935
0.111935
0.609506
0.568432
0.791993
0.986688
0.250873
0.509656
0.908865
0.78519
0.487406
0.945372
0.057237
0.930999
0.050507
0.547305
0.890441
0.262721
0.472248
0.324329
0.952144
0.823646
0.709002
0.587627
0.820592
0.392267
0.447552
0.730002
0.357755
0.063901
0.074335
0.115363
0.869681
0.472226
0.712882
0.392909
0.258711
0.347192
0.794182
0.625216
0.93764
0.679705
0.570182
0.610196
0.942371
0.788201
0.024041
0.53414
0.688338
0.748698
0.213142
0.867177
0.955843
0.236715
0.882615
0.096979
0.055707
0.129224
0.057741
0.845012
0.05905
0.271664
0.103756
0.295422
0.090559
0.668003
0.133327
0.851846
0.817191
0.013662
0.895726
0.028944
0.239646
0.032389
0.335843
0.513867
0.796645
0.337982
0.70549
0.187504
0.750598
0.235997
0.143545
0.185409
0.182063
0.512863
0.844798
0.079605
0.706956
0.654346
0.87252
0.244148
0.45011
0.925827
0.659993
0.388768
0.131412
0.262485
0.581215
0.718168
0.124422
0.599597
0.550351
0.513955
0.690123
0.83745
0.32299
0.889012
0.160634
0.173024
0.266772
0.119531
0.230319
0.106412
0.821752
0.138969
0.747298
0.047914
0.94852
0.71116
0.006797
0.763857
0.514082
0.779365
0.522497
0.641025
0.786332
0.405108
0.002708
0.849946
0.38089
0.496043
0.007767
0.492092
0.986487
0.278268
0.395418
0.68719
0.814794
0.417392
0.309669
0.937826
0.677145
0.119021
0.068928
0.48355
0.22009
0.253985
0.877692
0.089566
0.715364
0.271142
0.760328
0.722411
0.007392
0.509135
0.139319
0.866227
0.871586
0.418346
0.444396
0.303283
0.716606
0.358661
0.267792
0.432231
0.091488
0.746603
0.012596
0.644485
0.182865
0.232404
0.635632
0.992943
0.777717
0.22584
0.176025
0.866233
0.444184
0.137053
0.862211
0.816092
0.983906
0.909744
0.85179
0.052574
0.104415
0.568983
0.531479
0.457963
0.396789
0.43121
0.569298
0.002077
0.260709
0.51828
0.722216
0.174157
0.546881
0.71446
0.444628
0.027081
0.449268
0.296445
0.92965
0.124613
0.652476
0.05272
0.44617
0.553979
0.297955
0.455076
0.163554
0.304124
0.621106
0.3018
0.899743
0.628407
0.438649
0.038757
0.499548
0.764776
0.265558
0.806774
0.251807
0.823746
0.085268
0.866184
0.499186
0.296538
0.265113
0.432011
0.999049
0.220327
0.103217
0.585035
0.488542
0.524196
0.666935
0.267144
0.910665
0.435672
0.129086
0.742299
0.643104
0.315743
0.621519
0.219862
0.444839
0.899413
0.133534
0.386696
0.821142
0.969491
0.453926
0.507
0.572172
0.932348
0.858207
0.170601
0.436758
0.464
0.789096
0.602893
0.65422
0.9982
0.07496
0.22301
0.407896
0.347782
0.021646
0.091778
0.680953
0.879324
0.514227
0.539191
0.255093
0.767876
0.751795
0.588366
0.212664
0.097018
0.064239
0.592696
0.825035
0.85833
0.463622
0.784271
0.94688
0.27517
0.39796
0.931479
0.338231
0.913876
0.981045
0.661811
0.81689
0.749546
0.699534
0.306931
0.057094
0.343052
0.666936
0.102529
0.011918
0.139692
0.715736
0.972794
0.983065
0.493979
0.869352
0.736826
0.50104
0.572761
0.137227
0.937661
0.35193
0.446149
0.67166
0.333902
0.254259
0.631049
0.024984
0.720725
0.514023
0.605754
0.63188
0.52705
0.582534
0.683788
0.753119
0.727452
0.869616
0.189443
0.401148
0.947796
0.396591
0.12487
0.525445
0.109491
0.202853
0.998319
0.541363
0.284058
0.994775
0.966559
0.440739
0.260403
0.8384
0.715621
0.686941
0.893114
0.689417
0.283798
0.693863
0.305814
0.759239
0.619748
0.077412
0.512835
0.343301
0.328571
0.602256
0.322325
0.776894
0.070791
0.660388
0.809195
0.672832
0.497229
0.950307
0.299938
0.019168
0.431989
0.033012
0.953937
0.209918
0.788927
0.774572
0.217729
0.621227
0.048079
0.483575
0.014647
0.921144
0.976086
0.222283
0.208106
0.75372
0.253379
0.895077
0.573929
0.350778
0.832694
0.493407
0.911633
0.928014
0.16542
0.002323
0.983931
0.906138
0.055445
0.833034
0.457805
0.258962
0.878747
0.196667
0.9473
0.205621
0.613683
0.223086
0.545669
0.683975
0.190228
0.520886
0.46906
0.071037
0.818308
0.335682
0.574582
0.514784
0.513261
0.107222
0.423482
0.452367
0.733643
0.840019
0.544982
0.086783
0.236849
0.164934
0.124615
0.365899
0.229394
0.218303
0.054693
0.01767
0.102768
0.172197
0.430984
0.51052
0.140592
0.424783
0.341749
0.183424
0.006841
0.467018
0.685652
0.226277
0.131807
0.887043
0.275025
0.223613
0.857097
0.817107
0.448346
0.489239
0.217749
0.078302
0.573432
0.098345
0.449275
0.940497
0.952834
0.239332
0.624113
0.474076
0.875685
0.271431
0.003702
0.162561
0.349523
0.315721
0.791363
0.680561
0.299556
0.457744
0.095559
0.898146
0.935425
0.979804
0.868553
0.173961
0.046196
0.579597
0.912605
0.177351
0.007043
0.805496
0.076796
0.413706
0.678887
0.236798
0.083963
0.770021
0.630175
0.98849
0.344308
0.061762
0.73435
0.521733
0.213204
0.781729
0.203755
0.260662
0.092529
0.399432
0.418929
0.514562
0.708964
0.906101
0.137734
0.054348
0.018531
0.143621
0.657949
0.727477
0.786506
0.243708
0.305895
0.483135
0.063183
0.611142
0.983735
0.360806
0.752847
0.500034
0.127812
0.582237
0.299874
0.034403
0.63493
0.858932
0.34477
0.390296
0.891022
0.813609
0.714953
0.248797
0.910217
0.154416
0.626771
0.028801
0.64372
0.277144
0.449677
0.345265
0.172757
0.621981
0.881976
0.959084
0.192346
0.717373
0.664339
0.343378
0.019099
0.689791
0.945495
0.63212
0.435293
0.525154
0.199629
0.750544
0.74642
0.145517
0.877978
0.26919
0.982256
0.382903
0.177884
0.35172
0.44018
0.069308
0.578218
0.597632
0.73893
0.02917
0.541238
0.052907
0.701144
0.055728
0.911728
0.702083
0.50739
0.441504
0.130673
0.290999
0.868959
0.904453
0.000748
0.594136
0.719301
0.618747
0.08168
0.217725
0.25034
0.831725
0.463199
0.486828
0.934893
0.637086
0.898668
0.456509
0.149436
0.929936
0.458705
0.181631
0.302396
0.050803
0.468301
0.853128
0.93358
0.932602
0.12523
0.382054
0.028229
0.855165
0.358756
0.631117
0.714898
0.429845
0.306442
0.962213
0.964488
0.289436
0.479625
0.972844
0.004868
0.412678
0.100458
0.509158
0.02467
0.406898
0.220699
0.533308
0.995994
0.800536
0.845642
0.635265
0.04156
0.206798
0.925065
0.366113
0.103637
0.702405
0.299458
0.268857
0.997977
0.858139
0.407938
0.980261
0.650113
0.742022
0.031513
0.121605
0.633085
0.899024
0.623744
0.134025
0.11576
0.844186
0.139302
0.520232
0.037113
0.08067
0.672348
0.689181
0.341469
0.21561
0.81371
0.217103
0.542027
0.968209
0.147852
0.940876
0.182893
0.567443
0.377008
0.964929
0.273542
0.399658
0.98286
0.53647
0.50263
0.257778
0.701364
0.014373
0.049513
0.599359
0.341675
0.953316
0.903191
0.713706
0.818146
0.667332
0.125582
0.765543
0.210192
0.323443
0.819234
0.536526
0.859941
0.213035
0.607778
0.083791
0.643061
0.762534
0.584931
0.266232
0.031343
0.119449
0.622303
0.93442
0.206534
0.735026
0.866451
0.520882
0.669266
0.815015
0.260675
0.296896
0.000628
0.963094
0.917545
0.764568
0.079076
0.447503
0.101892
0.01592
0.616183
0.960829
0.902868
0.696755
0.096641
0.274164
0.320057
0.76315
0.802249
0.385106
0.417884
0.044509
0.289137
0.451285
0.116983
0.453267
0.853176
0.581321
0.07893
0.191671
0.474544
0.361487
0.358727
0.529267
0.584396
0.796862
0.340967
0.805466
0.338611
0.055433
0.554188
0.587902
0.93454
0.726061
0.917773
0.908347
0.604574
0.527762
0.557441
0.978331
0.773168
0.106266
0.778428
0.170538
0.447351
0.21046
0.689583
0.87731
0.290362
0.082011
0.298493
0.672362
0.32876
0.278112
0.184435
0.497516
0.275949
0.73101
0.076622
0.664033
0.23756
0.489279
0.28609
0.722769
0.945307
0.917077
0.583426
0.46261
0.818301
0.683326
0.183564
0.820919
0.428884
0.188986
0.281797
0.267527
0.519207
0.23437
0.123566
0.123691
0.583276
0.734759
0.321533
0.034651
0.127225
0.914695
0.493544
0.453573
0.038049
0.728637
0.528068
0.202081
0.110074
0.383388
0.837162
0.865295
0.602846
0.727536
0.115156
0.588126
0.666966
0.200713
0.880155
0.194997
0.313477
0.620557
0.63835
0.699385
0.112012
0.849464
0.532847
0.471322
0.981098
0.740378
0.118006
0.756539
0.095249
0.027471
0.403626
0.993578
0.174884
0.672644
0.173396
0.724787
0.505354
0.679972
0.202873
0.745628
0.995619
0.665651
0.49348
0.923174
0.015852
0.729924
0.888747
0.061675
0.450064
0.204719
0.566518
0.649543
0.302623
0.459982
0.279339
0.369391
0.15954
0.885559
0.01001
0.882409
0.571679
0.331658
0.723057
0.507752
0.499109
0.110142
0.389516
0.241064
0.015696
0.3601
0.089822
0.25683
0.092517
0.100942
0.199011
0.999849
0.002184
0.638673
0.141244
0.920628
0.093633
0.955063
0.610926
0.001268
0.894007
0.521712
0.26267
0.767279
0.926666
0.483691
0.315553
0.788945
0.681785
0.888752
0.692514
0.243528
0.931659
0.104836
0.267943
0.520195
0.565742
0.015311
0.780573
0.361607
0.406419
0.80937
0.379283
0.047225
0.17644
0.955903
0.070405
0.354931
0.503179
0.493281
0.00396
0.501163
0.383772
0.972079
0.159159
0.354154
0.419481
0.390694
0.665831
0.215513
0.221072
0.729211
0.500291
0.415156
0.169203
0.187527
0.010552
0.091426
0.556839
0.891873
0.287165
0.327747
0.115606
0.388631
0.037222
0.917601
0.673111
0.990749
0.882823
0.472991
0.519685
0.190576
0.462039
0.903028
0.050853
0.863557
0.340948
0.899513
0.94088
0.670865
0.664424
0.452754
0.83554
0.961613
0.775082
0.621937
0.606793
0.84947
0.541204
0.80386
0.508885
0.062444
0.383947
0.444441
0.141617
0.102496
0.535465
0.085144
0.302945
0.744597
0.964432
0.717871
0.992626
0.698338
0.293794
0.672053
0.702157
0.371727
0.017714
0.7032
0.0217
0.631188
0.163616
0.565604
0.503913
0.013514
0.362866
0.601091
0.848607
0.888642
0.48385
0.728422
0.316455
0.342186
0.194464
0.561948
0.314564
0.084371
0.685006
0.707753
0.359992
0.076723
0.426298
0.442335
0.668671
0.315416
0.682599
0.871489
0.237486
0.97892
0.386368
0.267259
0.421511
0.094397
0.125706
0.414434
0.762445
0.900312
0.664818
0.10522
0.67202
0.635428
0.805764
0.825249
0.868203
0.414132
0.697864
0.26825
0.999336
0.175334
0.010114
0.148809
0.775872
0.446784
0.4475
0.955023
0.919635
0.311195
0.209058
0.848482
0.906019
0.541597
0.629424
0.256914
0.800803
0.632122
0.503514
0.060109
0.915935
0.615451
0.192691
0.606386
0.677463
0.52577
0.718102
0.581454
0.94777
0.053697
0.106246
0.173672
0.690171
0.645596
0.892059
0.732877
0.508355
0.991832
0.266108
0.833192
0.42679
0.648735
0.727268
0.633754
0.140507
0.442951
0.561438
0.849044
0.443646
0.918747
0.440374
0.54878
0.796286
0.583068
0.960218
0.660336
0.522709
0.023592
0.413733
0.299248
0.748106
0.208278
0.20522
0.189519
0.125616
0.311007
0.885922
0.774928
0.735251
0.797337
0.269418
0.887442
0.137303
0.336346
0.586748
0.102905
0.73013
0.387246
0.784406
0.492896
0.180875
0.734762
0.252144
0.49081
0.075533
0.617867
0.665858
0.378674
0.954423
0.874169
0.707941
0.713652
0.252402
0.656815
0.198206
0.144003
0.999468
0.622376
0.430988
0.288165
0.60392
0.049594
0.094681
0.032857
0.49917
0.600607
0.06248
0.721224
0.230395
0.685201
0.981897
0.691106
0.883193
0.948199
0.486751
0.702325
0.851969
0.356609
0.261397
0.946599
0.726304
0.219682
0.449083
0.796452
0.547063
0.649952
0.753768
0.622009
0.540079
0.749614
0.727563
0.629872
0.359789
0.405812
0.970439
0.112386
0.268505
0.492402
0.83673
0.163676
0.276955
0.065798
0.705985
0.238209
0.388675
0.443701
0.891314
0.41133
0.145225
0.524315
0.962958
0.607686
0.983387
0.841107
0.035966
0.6584
0.286767
0.559617
0.279345
0.34887
0.923169
0.206643
0.874109
0.030458
0.090877
0.854675
0.630556
0.747236
0.209418
0.537083
0.737219
0.627314
0.471699
0.959784
0.676157
0.907751
0.729771
0.735464
0.080018
0.359465
0.858369
0.232604
0.115506
0.326106
0.220438
0.925288
0.867967
0.499683
0.061344
0.714562
0.623412
0.970555
0.558953
0.336394
0.519022
0.979263
0.696362
0.671976
0.240682
0.743603
0.750272
0.317289
0.483714
0.294603
0.258705
0.025896
0.285212
0.55397
0.001601
0.283219
0.88141
0.593649
0.607863
0.403364
0.676472
0.189933
0.818747
0.116689
0.656001
0.341149
0.747513
0.549765
0.452353
0.169422
0.636821
0.97477
0.825603
0.060008
0.376229
0.925583
0.503044
0.662112
0.912599
0.873795
0.50182
0.437646
0.339693
0.719019
0.286987
0.249888
0.35625
0.177215
0.69512
0.616241
0.482879
0.390326
0.909063
0.029124
0.769108
0.90191
0.446355
0.55069
0.944464
0.212278
0.520135
0.474721
0.258393
0.818593
0.899601
0.781933
0.195359
0.086749
0.605444
0.057095
0.672826
0.530424
0.662786
0.590171
0.422703
0.200877
0.305702
0.524501
0.651868
0.779483
0.767171
0.972689
0.285841
0.071111
0.345657
0.743294
0.438112
0.817788
0.549326
0.929792
0.947863
0.069305
0.456413
0.609689
0.255873
0.407077
0.677682
0.226734
0.601981
0.697448
0.090496
0.497529
0.26308
0.724386
0.189556
0.892238
0.430941
0.198003
0.438022
0.408744
0.428919
0.585561
0.521174
0.149777
0.065579
0.729415
0.559717
0.359001
0.808358
0.388058
0.795965
0.305756
0.072845
0.93264
0.394551
0.792693
0.279144
0.646365
0.873311
0.041644
0.830636
0.571333
0.607472
0.523158
0.874475
0.043433
0.261028
0.875763
0.752346
0.017645
0.517006
0.529573
0.400882
0.297393
0.681725
0.20779
0.798949
0.803037
0.415261
0.283548
0.283878
0.482291
0.719579
0.358869
0.610043
0.382484
0.304523
0.02486
0.003914
0.227208
0.406406
0.851261
0.798484
0.267165
0.24454
0.227322
0.339237
0.498199
0.438668
0.218273
0.130451
0.012578
0.153963
0.705356
0.243639
0.468602
0.591301
0.886841
0.888855
0.745734
0.035157
0.57507
0.786583
0.017288
0.549685
0.857764
0.474102
0.004106
0.011013
0.416636
0.155009
0.664451
0.708799
0.17788
0.888533
0.441908
0.142846
0.764252
0.789975
0.639295
0.853466
0.737373
0.882206
0.433888
0.747597
0.999752
0.724931
0.114184
0.518319
0.587348
0.174211
0.962892
0.17558
0.177558
0.915167
0.465205
0.063188
0.598187
0.601826
0.064501
0.972522
0.54403
0.559796
0.520115
0.610732
0.2643
0.287241
0.511339
0.806686
0.049865
0.603404
0.806778
0.156917
0.015023
0.312713
0.588144
0.138283
0.426122
0.552321
0.598883
0.274412
0.40003
0.778339
0.941215
0.86188
0.564284
0.410293
0.332957
0.124957
0.106551
0.688358
0.259794
0.254662
0.998195
0.187926
0.14806
0.098685
0.579805
0.627864
0.365228
0.535413
0.7884
0.818104
0.957912
0.824268
0.564841
0.179657
0.099764
0.054512
0.666526
0.807536
0.508684
0.054714
0.535471
0.935749
0.597613
0.809427
0.800153
0.932129
0.770229
0.747701
0.234103
0.059925
0.517599
0.124434
0.962196
0.289925
0.852944
0.387625
0.323194
0.935159
0.363323
0.390288
0.106092
0.670447
0.288839
0.585604
0.591352
0.7192
0.745241
0.514452
0.330992
0.837451
0.309866
0.507509
0.401253
0.855078
0.431919
0.386099
0.689824
0.602441
0.107247
0.508169
0.735478
0.992075
0.629147
0.370293
0.226152
0.87283
0.814565
0.233923
0.200632
0.715137
0.314952
0.306399
0.15229
0.263976
0.427508
0.732838
0.336308
0.328604
0.284913
0.478284
0.180637
0.485631
0.704176
0.029791
0.009779
0.075123
0.53566
0.854455
0.004884
0.936661
0.106279
0.841984
0.482855
0.659357
0.510683
0.477048
0.834899
0.755886
0.483402
0.111636
0.115403
0.801539
0.529391
0.481589
0.680567
0.858842
0.628873
0.762848
0.765271
0.356261
0.274083
0.801164
0.377179
0.903336
0.069691
0.058218
0.927004
0.648455
0.379599
0.75506
0.672327
0.531201
0.098873
0.81218
0.866023
0.172169
0.850512
0.877847
0.549429
0.656179
0.382237
0.281792
0.721983
0.861875
0.654078
0.511591
0.158925
0.053459
0.445692
0.04935
0.569335
0.382729
0.757189
0.305648
0.592983
0.537684
0.004712
0.072389
0.290368
0.882235
0.147015
0.710894
0.973367
0.790568
0.242945
0.908365
0.093107
0.468142
0.887542
0.641266
0.413645
0.292813
0.375099
0.508942
0.319044
0.968968
0.933078
0.870671
0.42183
0.691302
0.902829
0.850429
0.414327
0.112386
0.07563
0.577064
0.642628
0.849843
0.292515
0.16747
0.379006
0.353575
0.132469
0.672283
0.508692
0.721123
0.352691
0.325702
0.472576
0.877407
0.040281
0.804833
0.368988
0.854619
0.802203
0.348761
0.693877
0.159633
0.896282
0.404491
0.455626
0.705759
0.82084
0.236343
0.66135
0.391998
0.368703
0.690026
0.387183
0.346109
0.835888
0.101276
0.675893
0.248725
0.015498
0.166764
0.606662
0.709127
0.021058
0.036425
0.902542
0.073306
0.894182
0.228166
0.740018
0.309733
0.858752
0.700455
0.401813
0.076302
0.7327
0.616885
0.002912
0.00942
0.808793
0.2594
0.636134
0.454214
0.86343
0.916961
0.996808
0.153684
0.862964
0.266021
0.590816
0.505773
0.017988
0.932771
0.078327
0.688219
0.785007
0.795288
0.135495
0.44757
0.829429
0.302679
0.467749
0.272794
0.463551
0.887838
0.455124
0.555912
0.403976
0.460117
0.015174
0.283746
0.436582
0.633797
0.450052
0.337817
0.388099
0.242293
0.924494
0.521743
0.013409
0.019446
0.972962
0.221451
0.805608
0.058275
0.921163
0.874417
0.571093
0.008999
0.257811
0.406823
0.460064
0.297679
0.032948
0.590127
0.524155
0.283001
0.037976
0.994594
0.481986
0.756004
0.452314
0.04317
0.309601
0.32011
0.838353
0.65423
0.27543
0.96774
0.321542
0.998234
0.996164
0.191211
0.312741
0.486044
0.664101
0.528047
0.969441
0.723989
0.212045
0.105098
0.688401
0.158452
0.787677
0.311037
0.326893
0.010798
0.701011
0.11327
0.772881
0.491868
0.78428
0.583927
0.082433
0.765652
0.069799
0.478702
0.172349
0.752335
0.911591
0.554126
0.527147
0.763963
0.005079
0.917759
0.197449
0.984119
0.736254
0.774251
0.656203
0.471663
0.571628
0.046403
0.62396
0.626098
0.891201
0.505656
0.077144
0.306196
0.655629
0.239259
0.280528
0.820469
0.58432
0.508527
0.318452
0.730928
0.287718
0.737064
0.070101
0.864541
0.499566
0.438508
0.611023
0.624192
0.132035
0.756234
0.275928
0.904962
0.817851
0.346266
0.807739
0.35639
0.100948
0.961888
0.652602
0.4561
0.397773
0.324705
0.981448
0.134747
0.314805
0.485498
0.478
0.471366
0.175784
0.144933
0.254768
0.914526
0.113053
0.757425
0.757548
0.80977
0.886615
0.263036
0.224559
0.465506
0.265089
0.73431
0.63594
0.874988
0.082738
0.915083
0.293349
0.490694
0.438611
0.760312
0.420333
0.943553
0.902534
0.872161
0.071258
0.854258
0.781635
0.103513
0.107414
0.101164
0.011333
0.548634
0.973394
0.438685
0.540758
0.96797
0.255182
0.85847
0.54639
0.569477
0.343174
0.561584
0.073143
0.764644
0.284688
0.887608
0.367851
0.142824
0.695882
0.164578
0.753681
0.968112
0.779553
0.022449
0.599886
0.695411
0.825458
0.056002
0.480108
0.535371
0.169125
0.32245
0.440222
0.83321
0.929408
0.628423
0.394945
0.254031
0.982135
0.98302
0.924977
0.785669
0.32578
0.817
0.408793
0.326773
0.744865
0.079654
0.048563
0.447954
0.445639
0.895644
0.126153
0.123284
0.147453
0.029736
0.071732
0.65987
0.431584
0.763603
0.992598
0.659035
0.050456
0.104563
0.881004
0.527496
0.824837
0.856612
0.927675
0.949829
0.554826
0.34102
0.961865
0.547406
0.064253
0.642777
0.587685
0.895793
0.653187
0.349052
0.966226
0.801619
0.630418
0.292925
0.37354
0.66997
0.071981
0.256681
0.713901
0.480019
0.402394
0.151458
0.441849
0.770692
0.264013
0.005399
0.668505
0.972627
0.606827
0.119922
0.320733
0.867642
0.232568
0.607696
0.402671
0.207844
0.813407
0.742831
0.661591
0.236337
0.097857
0.576159
0.553678
0.188385
0.056247
0.080708
0.992771
0.783584
0.921987
0.195055
0.960569
0.142654
0.509082
0.829696
0.349803
0.424829
0.128185
0.122922
0.619568
0.675532
0.777333
0.556682
0.645759
0.013517
0.162171
0.984915
0.075994
0.678788
0.176083
0.716719
0.70599
0.234199
0.269634
0.654771
0.390086
0.194548
0.73168
0.154148
0.855644
0.51467
0.105701
0.694072
0.519163
0.298058
0.422539
0.298338
0.263026
0.163608
0.362767
0.250987
0.683434
0.683877
0.50184
0.777945
0.84134
0.579766
0.618935
0.282886
0.894869
0.024206
0.348602
0.7218
0.08009
0.18317
0.589286
0.559994
0.738928
0.812613
0.12858
0.018381
0.689639
0.301392
0.625984
0.150545
0.46904
0.504425
0.585078
0.51317
0.495691
0.332734
0.07118
0.08952
0.433778
0.355793
0.516135
0.304838
0.68791
0.863955
0.298863
0.192984
0.116181
0.616254
0.443856
0.188016
0.653137
0.148483
0.554301
0.527148
0.734228
0.05511
0.887873
0.702992
0.216126
0.183405
0.43166
0.817565
0.84295
0.520456
0.860811
0.005444
0.035175
0.911822
0.775332
0.450706
0.75361
0.955639
0.77209
0.842371
0.760607
0.168211
0.833574
0.195109
0.892611
0.45865
0.676977
0.497241
0.093991
0.290722
0.983732
0.960715
0.320487
0.996297
0.845551
0.610959
0.040125
0.901447
0.557429
0.868476
0.834429
0.833006
0.698174
0.291415
0.33616
0.308469
0.020046
0.582569
0.698834
0.853866
0.140165
0.544183
0.008008
0.095094
0.054212
0.725478
0.08106
0.716453
0.249625
0.877713
0.81315
0.95783
0.883762
0.933329
0.858742
0.693382
0.170259
0.271708
0.212727
0.603586
0.50362
0.86708
0.952673
0.40486
0.506351
0.971516
0.276239
0.792391
0.22524
0.68146
0.253616
0.883733
0.561478
0.185934
0.224369
0.493849
0.961602
0.769642
0.48831
0.337719
0.549268
0.748361
0.783929
0.324609
0.721159
0.657789
0.959112
0.93109
0.789379
0.723395
0.274042
0.845965
0.427506
0.272241
0.384161
0.835935
0.148633
0.456159
0.492358
0.03663
0.195746
0.826742
0.830767
0.292415
0.874897
0.771783
0.417907
0.748406
0.961335
0.45897
0.238427
0.941817
0.603744
0.105265
0.572683
0.500581
0.855589
0.530695
0.255232
0.675644
0.542575
0.233045
0.573628
0.821536
0.028571
0.630851
0.349585
0.292671
0.392588
0.342023
0.832239
0.274798
0.733153
0.09406
0.951396
0.622317
0.706719
0.298039
0.412097
0.223778
0.932536
0.488104
0.630448
0.734272
0.371106
0.720102
0.675992
0.705659
0.48923
0.382937
0.222082
0.824626
0.60835
0.444352
0.943996
0.047839
0.850172
0.997583
0.886942
0.810437
0.374306
0.231314
0.734851
0.304575
0.17604
0.786526
0.312544
0.914442
0.840633
0.84764
0.77157
0.880881
0.805747
0.602511
0.295823
0.888209
0.840604
0.472879
0.039079
0.638544
0.050597
0.92628
0.961631
0.18949
0.676389
0.092269
0.729517
0.347288
0.68105
0.372877
0.145568
0.40611
0.112674
0.576883
0.040952
0.52732
0.886369
0.837873
0.882782
0.922049
0.104528
0.128747
0.557007
0.893973
0.974349
0.046262
0.355774
0.212894
0.755966
0.640194
0.119888
0.483522
0.685441
0.779005
0.020053
0.89047
0.569281
0.811909
0.807938
0.189853
0.110172
0.721287
0.156427
0.849937
0.726189
0.841825
0.299013
0.316598
0.671222
0.031446
0.726497
0.835783
0.415164
0.764879
0.174611
0.32226
0.974305
0.986328
0.512605
0.93427
0.522731
0.291588
0.266899
0.929506
0.172446
0.579632
0.555525
0.739622
0.499243
0.272286
0.169396
0.620819
0.718991
0.569521
0.738351
0.141521
0.88247
0.582396
0.126844
0.461925
0.844792
0.897562
0.26465
0.711266
0.099985
0.033546
0.560399
0.694828
0.795787
0.340216
0.006525
0.479519
0.015854
0.091985
0.326689
0.437172
0.279469
0.581865
0.05535
0.14458
0.695258
0.142141
0.639775
0.054685
0.407382
0.177409
0.109636
0.567033
0.928336
0.054787
0.421554
0.707535
0.462688
0.806496
0.179645
0.959594
0.385163
0.34157
0.874606
0.563867
0.516444
0.726978
0.579834
0.162516
0.674198
0.133469
0.805858
0.989737
0.377388
0.444756
0.046434
0.013733
0.921419
0.128624
0.445779
0.815355
0.889319
0.519398
0.565033
0.669684
0.961382
0.60267
0.559475
0.014534
0.08095
0.577172
0.93624
0.866691
0.982579
0.527834
0.787931
0.8404
0.648032
0.33875
0.469978
0.857917
0.298548
0.923743
0.229806
0.749516
0.630559
0.749599
0.437348
0.932641
0.632472
0.288296
0.638455
0.286816
0.293632
0.399599
0.85243
0.500298
0.678901
0.391968
0.263605
0.95464
0.603581
0.933951
0.203413
0.146894
0.855823
0.680917
0.186578
0.26936
0.800664
0.453869
0.670541
0.318352
0.38123
0.990713
0.247617
0.506456
0.844402
0.239223
0.415214
0.615091
0.481188
0.459502
0.36251
0.586646
0.624373
0.65329
0.070368
0.631034
0.953237
0.540986
0.715267
0.556732
0.854741
0.929583
0.18422
0.43686
0.392382
0.405215
0.125524
0.813616
0.035766
0.528227
0.661878
0.207469
0.90585
0.838549
0.471084
0.411149
0.236568
0.729993
0.131744
0.680238
0.842457
0.228472
0.866427
0.033323
0.912787
0.118362
0.645759
0.250082
0.836552
0.5123
0.135241
0.570992
0.407883
0.661448
0.881903
0.409389
0.289881
0.014515
0.574839
0.402275
0.374649
0.182935
0.430055
0.984442
0.297754
0.599704
0.776487
0.749158
0.328774
0.61086
0.871265
0.015447
0.435734
0.224273
0.388632
0.41599
0.746671
0.093822
0.512584
0.564195
0.494158
0.731873
0.383791
0.944967
0.481803
0.571214
0.825531
0.275236
0.075202
0.707784
0.483012
0.896504
0.98268
0.399109
0.415439
0.407963
0.324554
0.781687
0.758996
0.478645
0.044661
0.309559
0.292303
0.811087
0.087576
0.805675
0.669184
0.732441
0.432213
0.679726
0.609029
0.76898
0.44677
0.472826
0.643576
0.108077
0.436244
0.971951
0.037552
0.316005
0.31411
0.633464
0.1058
0.628544
0.09504
0.094954
0.728183
0.324135
0.977423
0.037353
0.445107
0.113136
0.351379
0.998222
0.888843
0.048324
0.563256
0.647822
0.209535
0.145106
0.904381
0.968816
0.991893
0.789762
0.663502
0.34573
0.171398
0.078981
0.693297
0.784723
0.826454
0.913765
0.87993
0.999741
0.244064
0.763308
0.58646
0.261245
0.981905
0.897898
0.128516
0.026158
0.688331
0.604131
0.935816
0.234005
0.084388
0.259215
0.018928
0.035893
0.914858
0.352017
0.410809
0.018372
0.270522
0.804726
0.615491
0.753781
0.447214
0.309729
0.48281
0.323071
0.838971
0.297674
0.659764
0.136982
0.686866
0.9133
0.608583
0.559855
0.961118
0.627397
0.25955
0.292391
0.705307
0.735437
0.303496
0.345344
0.991057
0.101953
0.404645
0.062448
0.821078
0.092346
0.674007
0.056483
0.672855
0.843037
0.398822
0.522126
0.401542
0.300489
0.803263
0.272003
0.722943
0.206197
0.249854
0.336461
0.589156
0.454422
0.745145
0.213567
0.010672
0.776557
0.821649
0.05948
0.610908
0.378207
0.793896
0.874415
0.851004
0.777204
0.269052
0.81189
0.533478
0.052757
0.456939
0.942158
0.887859
0.102264
0.744127
0.805793
0.271388
0.471609
0.710988
0.439041
0.112797
0.705882
0.911639
0.652485
0.773801
0.358363
0.183198
0.642774
0.327771
0.860074
0.122628
0.433464
0.396728
0.938054
0.153135
0.009847
0.238085
0.820277
0.209322
0.240878
0.129899
0.715436
0.069174
0.331208
0.282499
0.55516
0.730416
0.532876
0.931026
0.951443
0.361465
0.77768
0.738801
0.892965
0.447944
0.530473
0.415774
0.850377
0.229702
0.239709
0.372605
0.230343
0.561007
0.13449
0.320186
0.913445
0.409225
0.748234
0.113462
0.247565
0.807346
0.762993
0.386156
0.954397
0.910643
0.962301
0.427915
0.197474
0.626659
0.684773
0.125442
0.786483
0.01806
0.482728
0.331016
0.740303
0.312761
0.826807
0.594953
0.793893
0.989341
0.679158
0.98495
0.028836
0.33814
0.107853
0.262305
0.838888
0.032323
0.520183
0.567129
0.561151
0.475297
0.790603
0.133543
0.310577
0.615726
0.690951
0.404148
0.875371
0.415493
0.402776
0.036207
0.551141
0.708681
0.114438
0.305433
0.781257
0.365919
0.241602
0.672201
0.196759
0.895653
0.105598
0.70655
0.499549
0.86993
0.126195
0.677895
0.572055
0.48009
0.491407
0.721977
0.937742
0.091252
0.019503
0.805705
0.108169
0.986697
0.619348
0.650866
0.198892
0.240312
0.65935
0.909727
0.982391
0.198031
0.13412
0.056401
0.868297
0.294715
0.001812
0.223818
0.340441
0.990986
0.523542
0.204714
0.334818
0.330308
0.019726
0.135183
0.695196
0.120251
0.230734
0.350737
0.757735
0.582401
0.689
0.567012
0.683592
0.002842
0.930898
0.11092
0.406249
0.771038
0.435231
0.946843
0.467589
0.874939
0.810828
0.980986
0.926548
0.898124
0.731604
0.366998
0.106125
0.688645
0.978654
0.726604
0.928729
0.804305
0.163115
0.249204
0.341866
0.16826
0.581651
0.975451
0.761459
0.423387
0.004504
0.313276
0.526759
0.324251
0.111035
0.442765
0.253253
0.909232
0.101755
0.049153
0.005314
0.32807
0.660387
0.730414
0.453262
0.684329
0.359914
0.667806
0.040596
0.390753
0.79085
0.803006
0.716149
0.204239
0.247205
0.996089
0.103378
0.180663
0.130026
0.327655
0.210176
0.497688
0.476021
0.901506
0.03474
0.31988
0.596658
0.604802
0.480126
0.815666
0.062722
0.815488
0.494754
0.133761
0.885702
0.649229
0.163546
0.03365
0.14111
0.608798
0.179296
0.225763
0.02514
0.722931
0.810364
0.796848
0.127568
0.903301
0.672279
0.897529
0.447161
0.436955
0.784537
0.093298
0.520874
0.836384
0.830193
0.956133
0.698273
0.207771
0.02028
0.479416
0.513704
0.240263
0.124697
0.586208
0.764256
0.993154
0.758303
0.793632
0.616461
0.985923
0.639956
0.860253
0.945785
0.929859
0.381415
0.078662
0.171874
0.059223
0.105397
0.184651
0.341094
0.54354
0.711682
0.210927
0.672522
0.704259
0.558622
0.903618
0.110995
0.177121
0.428665
0.126713
0.566296
0.3984
0.284596
0.16999
0.335338
0.607959
0.575785
0.163624
0.12492
0.026677
0.012426
0.87981
0.045089
0.731221
0.871985
0.098058
0.436301
0.962303
0.834139
0.489704
0.762571
0.833378
0.348027
0.892153
0.470473
0.527807
0.999708
0.843303
0.36177
0.010346
0.626174
0.703913
0.650803
0.967862
0.862971
0.448832
0.062857
0.476059
0.689244
0.60771
0.538137
0.468819
0.293762
0.277347
0.500231
0.160603
0.340685
0.323979
0.587133
0.066682
0.829669
0.562378
0.670827
0.703094
0.291484
0.470372
0.956246
0.766705
0.969557
0.746254
0.1756
0.064536
0.577661
0.357813
0.275458
0.807211
0.366993
0.317001
0.849988
0.846287
0.356367
0.832499
0.850778
0.423931
0.066473
0.001585
0.523292
0.344075
0.997132
0.772411
0.761275
0.955243
0.887724
0.318187
0.165987
0.745892
0.378274
0.473173
0.630398
0.907873
0.419088
0.783317
0.26834
0.697972
0.001579
0.871507
0.03038
0.712754
0.046258
0.266246
0.497202
0.419939
0.191836
0.333815
0.727706
0.669257
0.071815
0.747316
0.053046
0.542926
0.260063
0.58769
0.261328
0.984958
0.309728
0.241961
0.278465
0.896473
0.636219
0.730684
0.918011
0.911872
0.738946
0.197824
0.843373
0.203776
0.742899
0.685603
0.758889
0.532686
0.638726
0.95332
0.101089
0.308847
0.611357
0.964054
0.095574
0.022549
0.05575
0.052406
0.907816
0.721258
0.677106
0.522573
0.781953
0.155648
0.391941
0.490004
0.110409
0.419514
0.316502
0.035582
0.136735
0.764037
0.018038
0.934253
0.086425
0.799238
0.898617
0.941136
0.867477
0.28755
0.333087
0.426546
0.139297
0.022272
0.869122
0.554129
0.608723
0.926988
0.66512
0.690854
0.786969
0.116348
0.360162
0.968208
0.92293
0.884075
0.452089
0.857193
0.048396
0.148517
0.413968
0.483392
0.263507
0.356477
0.162776
0.489134
0.793843
0.66136
0.107792
0.487582
0.697646
0.529895
0.391676
0.621914
0.968639
0.094908
0.390016
0.406606
0.576967
0.152175
0.176643
0.285361
0.95587
0.734109
0.661693
0.816958
0.127576
0.859333
0.594833
0.335329
0.815855
0.802565
0.845709
0.115518
0.969361
0.959626
0.35747
0.065894
0.167056
0.992831
0.563013
0.356622
0.288203
0.256992
0.664153
0.419388
0.965411
0.683843
0.792045
0.292742
0.079186
0.487823
0.314582
0.202083
0.952642
0.443988
0.174709
0.198651
0.28071
0.999316
0.268012
0.328802
0.659328
0.293961
0.215804
0.158637
0.312683
0.105916
0.018647
0.804642
0.137895
0.775977
0.797542
0.53792
0.309682
0.145033
0.736805
0.601387
0.655453
0.008669
0.927517
0.06629
0.366806
0.402712
0.001356
0.497089
0.752809
0.823269
0.879397
0.487719
0.630636
0.07952
0.488038
0.154816
0.369643
0.329305
0.423541
0.571637
0.902877
0.394485
0.981131
0.759028
0.511481
0.644026
0.102224
0.844522
0.582357
0.986067
0.636429
0.834112
0.799763
0.345461
0.259611
0.430494
0.467241
0.240085
0.894598
0.542548
0.978444
0.810018
0.555705
0.94704
0.504875
0.887107
0.358145
0.378642
0.418131
0.546626
0.55349
0.496399
0.306001
0.927206
0.588586
0.407739
0.651177
0.767967
0.960728
0.499549
0.112099
0.440766
0.478971
0.896994
0.394801
0.953324
0.485132
0.973781
0.008198
0.898815
0.93112
0.961021
0.013077
0.171701
0.653765
0.025473
0.063609
0.221079
0.51244
0.545903
0.034261
0.170367
0.499706
0.593941
0.148402
0.398841
0.904401
0.998899
0.987214
0.881675
0.39466
0.686574
0.416592
0.648527
0.309432
0.606202
0.523758
0.02448
0.790703
0.011898
0.293156
0.005924
0.376201
0.063161
0.913511
0.415679
0.459496
0.34985
0.627506
0.784408
0.648147
0.748207
0.905974
0.863547
0.674058
0.214638
0.637703
0.506083
0.717219
0.832932