128 4
0
16
38
41
70
1
45
62
89
90
2
19
69
91
106
3
7
18
31
95
4
18
23
55
125
5
11
17
80
119
6
40
47
86
119
7
15
63
79
81
8
22
38
85
99
9
23
32
54
60
10
60
83
94
96
11
39
57
71
118
0
12
24
73
84
13
45
52
60
95
14
50
59
73
109
15
72
111
120
124
16
39
47
83
122
6
17
74
84
101
14
18
69
109
110
9
19
55
60
127
20
45
74
79
108
21
34
56
71
91
2
22
52
65
77
23
51
52
53
92
2
14
24
46
64
25
33
49
83
85
1
2
26
32
72
3
15
27
32
53
8
28
39
56
101
7
15
29
51
81
30
35
59
86
125
2
14
31
101
126
22
32
81
96
126
2
29
33
44
106
16
34
57
113
127
35
56
57
95
109
6
36
38
57
77
11
14
37
43
55
7
33
38
40
79
28
39
45
87
119
4
15
29
40
115
4
41
49
113
116
12
42
48
98
106
13
43
49
88
107
44
45
81
89
125
33
45
46
70
83
46
59
73
78
80
10
47
84
90
97
3
48
49
94
120
40
49
58
59
112
50
61
80
111
112
24
51
83
86
103
18
32
52
56
78
14
40
53
68
79
54
59
95
108
111
12
21
31
42
55
25
37
56
80
115
4
48
57
96
124
4
58
70
90
100
5
17
47
59
94
41
60
65
76
126
10
25
51
61
116
20
39
55
62
65
19
50
63
80
117
4
56
64
79
105
13
23
65
67
114
46
47
51
66
87
2
59
67
72
118
8
68
81
82
99
3
8
23
69
96
0
34
70
114
115
11
17
71
73
77
9
17
23
72
73
0
71
73
78
93
74
81
98
104
121
14
15
61
75
84
4
44
51
76
117
6
26
70
77
111
12
78
85
88
111
12
16
43
79
104
4
72
80
89
102
3
25
32
81
91
15
21
67
82
100
35
54
57
83
101
24
34
71
80
84
17
57
60
85
113
56
75
86
96
120
10
11
62
86
87
12
26
34
88
103
44
66
88
89
112
66
73
80
90
126
21
77
91
101
108
19
41
47
90
92
17
76
93
105
127
69
73
92
94
100
5
10
38
95
111
24
54
93
96
107
15
36
57
83
97
69
92
94
95
98
36
52
72
86
99
15
17
18
43
100
1
9
57
75
101
18
37
45
81
102
36
90
103
111
126
33
44
77
104
116
1
43
82
96
105
26
47
93
106
123
6
26
70
84
107
88
101
108
111
127
17
32
95
109
121
3
13
24
37
110
9
61
81
107
111
34
98
103
112
117
22
64
81
88
113
24
52
78
95
114
16
56
74
83
115
19
76
88
116
127
24
41
44
112
117
30
51
64
116
118
20
79
91
111
119
2
29
97
120
122
2
28
42
69
121
32
44
57
74
122
31
68
110
113
123
51
81
83
110
124
63
102
112
115
125
12
39
91
124
126
73
79
88
89
127
0.906019
0.359832
0.063015
0.600597
0.124818
0.796596
0.641746
0.874727
0.784837
0.112114
0.381071
0.77456
0.417341
0.972365
0.73574
0.0155
0.879986
0.100805
0.140524
0.734492
0.864969
0.53635
0.28905
0.351316
0.342889
0.326678
0.24291
0.608867
0.900405
0.307082
0.186694
0.838578
0.741783
0.930837
0.16552
0.144251
0.541429
0.614434
0.480173
0.598967
0.18038
0.479614
0.658093
0.432706
0.679447
0.451191
0.3336
0.303605
0.410902
0.02309
0.668525
0.845106
0.354627
0.046033
0.986776
0.263698
0.126621
0.369753
0.738557
0.293917
0.574703
0.41556
0.117764
0.330287
0.724871
0.612004
0.119778
0.163322
0.640733
0.813415
0.349474
0.595311
0.170644
0.311376
0.02027
0.768276
0.40101
0.816126
0.708373
0.828744
0.285659
0.185109
0.971906
0.717328
0.834042
0.013133
0.354462
0.742817
0.077983
0.56734
0.429073
0.017617
0.235976
0.284792
0.11186
0.631537
0.242398
0.277619
0.898239
0.467123
0.392128
0.723871
0.909614
0.025036
0.448239
0.610781
0.318563
0.772408
0.971477
0.943427
0.265983
0.226338
0.957491
0.458628
0.208298
0.706997
0.28442
0.267247
0.879249
0.162479
0.064393
0.269186
0.606945
0.123088
0.471595
0.627337
0.848737
0.22987
0.817346
0.234906
0.676767
0.430674
0.114681
0.714263
0.217763
0.176623
0.358323
0.65329
0.233996
0.183662
0.009954
0.471643
0.428646
0.233868
0.053652
0.429256
0.788205
0.715282
0.860795
0.009583
0.966419
0.341412
0.990398
0.252619
0.471536
0.353928
0.355761
0.842282
0.746419
0.992151
0.613515
0.463257
0.090074
0.996561
0.551531
0.700477
0.406742
0.547716
0.942578
0.166419
0.292373
0.15206
0.792216
0.062045
0.081632
0.298494
0.514188
0.406275
0.044816
0.957492
0.95287
0.279356
0.731526
0.578575
0.237477
0.262172
0.491153
0.419237
0.291229
0.807512
0.481463
0.654848
0.189274
0.533508
0.317976
0.526414
0.780826
0.768913
0.354221
0.694277
0.94129
0.625669
0.14841
0.679709
0.104904
0.87211
0.51666
0.385141
0.057007
0.380784
0.903207
0.020983
0.474648
0.931158
0.394841
0.428176
0.57856
0.462937
0.168602
0.018556
0.609812
0.920807
0.106364
0.210953
0.370229
0.808742
0.26926
0.882054
0.054958
0.940957
0.560747
0.658778
0.36769
0.781994
0.166566
0.048912
0.395517
0.853696
0.754927
0.517156
0.572138
0.129893
0.840682
0.78696
0.65647
0.466191
0.964459
0.879032
0.64443
0.371801
0.618022
0.575441
0.394242
0.306674
0.407011
0.573911
0.428135
0.263574
0.760963
0.531467
0.067675
0.368317
0.884913
0.755237
0.323247
0.938183
0.076603
0.961235
0.245705
0.009094
0.433808
0.35897
0.539089
0.796773
0.842431
0.40123
0.429846
0.148178
0.047548
0.641215
0.064438
0.73383
0.53909
0.198583
0.539523
0.182998
0.438737
0.79956
0.461919
0.148699
0.723829
0.186768
0.73855
0.479352
0.453742
0.851435
0.708604
0.032911
0.296174
0.870921
0.018326
0.545253
0.727826
0.621856
0.760532
0.725692
0.692031
0.82154
0.645691
0.402418
0.471909
0.716725
0.876306
0.272219
0.342077
0.930739
0.578512
0.178962
0.663695
0.990762
0.823454
0.745741
0.208047
0.87614
0.525789
0.88929
0.329828
0.062051
0.475976
0.269838
0.715229
0.957107
0.690974
0.886934
0.453024
0.771641
0.843043
0.710876
0.507777
0.625866
0.700507
0.253084
0.809579
0.950325
0.465239
0.701067
0.737026
0.662248
0.547115
0.881648
0.448927
0.061103
0.844556
0.673981
0.849259
0.138547
0.030753
0.934375
0.147728
0.809652
0.82321
0.708705
0.131262
0.667399
0.889087
0.425532
0.413517
0.442858
0.082272
0.892026
0.869183
0.997909
0.585183
0.751192
0.202672
0.667529
0.649733
0.901209
0.830793
0.938466
0.868833
0.868694
0.063723
0.845962
0.607478
0.380444
0.056515
0.677674
0.328202
0.467776
0.681728
0.911775
0.825437
0.450597
0.387783
0.23978
0.372427
0.111046
0.971106
0.573917
0.127806
0.352806
0.547039
0.532886
0.035503
0.950841
0.275376
0.016185
0.076444
0.580195
0.137786
0.041725
0.379626
0.622761
0.11184
0.313328
0.417761
0.15946
0.506074
0.085214
0.046518
0.519835
0.247897
0.095374
0.423913
0.915141
0.724192
0.815616
0.871914
0.972628
0.763247
0.608408
0.365426
0.181643
0.68666
0.99495
0.467359
0.723679
0.495092
0.431933
0.410306
0.504625
0.366896
0.748773
0.874272
0.882885
0.227699
0.895909
0.341551
0.309308
0.726756
0.304696
0.052966
0.373618
0.721466
0.326958
0.629559
0.660119
0.733736
0.89713
0.432564
0.166432
0.318926
0.432167
0.713891
0.013122
0.315785
0.779843
0.670858
0.73174
0.811811
0.783236
0.682183
0.439662
0.983598
0.569073
0.202769
0.292813
0.693562
0.92474
0.17872
0.082346
0.881531
0.915278
0.276379
0.377286
0.660188
0.32993
0.877159
0.107579
0.037982
0.208486
0.286088
0.112927
0.06569
0.755608
0.164277
0.913922
0.368
0.670606
0.225402
0.240323
0.574709
0.560643
0.768729
0.757813
0.670688
0.449131
0.89064
0.622578
0.990198
0.81937
0.04431
0.320594
0.571876
0.72147
0.550336
0.78613
0.282656
0.183912
0.053917
0.573314
0.6886
0.32615
0.613584
0.052157
0.099293
0.701755
0.36807
0.671334
0.831721
0.852622
0.172168
0.486286
0.733927
0.773981
0.784676
0.228167
0.192535
0.590012
0.741086
0.31914
0.104705
0.716746
0.299698
0.166363
0.147724
0.31491
0.592678
0.358402
0.020662
0.096908
0.290503
0.659704
0.098515
0.560657
0.119886
0.211615
0.172189
0.067229
0.67133
0.463404
0.831053
0.098891
0.144733
0.306458
0.765866
0.305759
0.408419
0.301604
0.080224
0.939434
0.548539
0.787833
0.658357
0.514254
0.089678
0.642734
0.15537
0.414383
0.629113
0.782229
0.685045
0.671534
0.149042
0.346129
0.042912
0.719477
0.952586
0.26411
0.087697
0.47557
0.856698
0.551974
0.046777
0.974272
0.82865
0.131594
0.921798
0.450688
0.371898
0.461053
0.834572
0.65948
0.059248
0.957604
0.147784
0.745568
0.636137
0.187528
0.170732
0.870328
0.419695
0.654577
0.504071
0.727354
0.479242
0.28738
0.363383
0.859078
0.468035
0.213449
0.934605
0.7966
0.055666
0.998943
0.694927
0.160267
0.237168
0.692445
0.779761
0.239036
0.256969
0.307121
0.598018
0.171816
0.104243
0.678864
0.779098
0.500929
0.363833
0.432043
0.388408
0.959985
0.76809
0.208087
0.384189
0.544012
0.612986
0.468184
0.810127
0.767606
0.505158
0.854429
0.75109
0.778582
0.956401
0.266467
0.267648
0.888952
0.772226
0.926546
0.06313
0.627757
0.144628
0.503897
0.155747
0.128079
0.012168
0.630239
0.359023
0.105188
0.322838
0.168944
0.941695
0.320005
0.333954
0.839858
0.647756
0.710172
0.636002
0.946196
0.207001
0.989039
0.830956
0.588973
0.662372
0.648826
0.058396
0.218016
0.961471
0.534364
0.378354
0.762038
0.524519
0.013163
0.736238
0.732218
0.165149
0.95666
0.223908
0.457749
0.114736
0.603282
0.375451
0.353173
0.826977
0.009562
0.797947
0.571449
0.986099
0.589443
0.055379
0.050645
0.883153
0.841214
0.34589
0.618032
0.489591
0.967164
0.949961
0.983839
0.866449
0.909552
0.217279
0.831007
0.708857
0.962787
0.571262
0.085167
0.597399
0.686581
0.220321
0.394113
0.598503
0.374106
0.374948
0.133087
0.940747
0.750494
0.001243
0.765613
0.739795
0.009731
0.369604
0.606748
0.452751
0.777986
0.425458
0.153863
0.976416
0.24204
0.717692
0.143156
0.329013
0.442028
0.192232
0.44996
0.157163
0.559007
0.663713
0.062434
0.871132
0.185141
0.225362
0.66135
0.468751
0.499396
0.128155
0.805736
0.617054
0.135382
0.373999
0.81041
0.568355
0.108649
0.372777
0.242694
0.517466
0.843361
0.436267
0.433342
0.905351
0.576185
0.566191
0.26191
0.607723
0.57591
0.396851
0.990696
0.881891
0.749586
0.537346
0.46206
0.184897
0.305737
0.773961
0.453749
0.88227
0.147911
0.508347
0.646966
0.516848
0.889227
0.989563
0.115835
0.129955
0.130324
0.681177
0.372676
0.733315
0.405471
0.627607
0.769858
0.548216
0.539504
0.088234
0.410782
0.545777
0.461981
0.900782
0.906531
0.821917
0.375298
0.717299
0.395288
0.232594
0.342903
0.070965
0.331778
0.460742
0.955481
0.313411
0.902454
0.228858
0.190969
0.518995
0.672511
0.044332
0.221066
0.455684
0.331004
0.712621
0.511161
0.160359
0.894465
0.292906
0.731131
0.779916
0.963158
0.498507
0.615836
0.334876
0.678179
0.463383
0.437652
0.855468
0.050169
0.881962
0.85207
0.506366
0.490203
0.361807
0.994174
0.111169
0.590215
0.681682
0.93433
0.780203
0.643847
0.116812
0.373734
0.138842
0.881213
0.749621
0.757537
0.652257
0.507044
0.149971
0.329695
0.136916
0.724913
0.160229
0.702114
0.692255
0.459304
0.135229
0.314801
0.320093
0.700385
0.113743
0.829069
0.761007
0.186307
0.719164
0.668513
0.748121
0.188929
0.15759
0.236484
0.365872
0.793665
0.737924
0.925452
0.05863
0.011556
0.699139
0.279287
0.334079
0.546802
0.102413
0.642694
0.325147
0.632715
0.834007
0.171111
0.930873
0.530688
0.922928
0.20773
0.604563
0.403887
0.774222
0.605909
0.494515
0.912985
0.377117
0.21998
0.608101
0.624028
0.439095
0.48661
0.959553
0.732686
0.110602
0.21213
0.975577
0.726466
0.915045
0.303861
0.741867
0.714003
0.29469
0.550816
0.627415
0.481132
0.827179
0.832869
0.850601
0.803424
0.488083
0.381438
0.831376
0.490201
0.246371
0.507344
0.14185
0.691629
0.335921
0.260659
0.956509
0.776881
0.78707
0.623722
0.839173
0.759162
0.598774
0.961124
0.191595
0.94338
0.401438
0.528399
0.122739
0.540107
0.611207
0.997702
0.975192
0.966397
0.348388
0.991266
0.455478
0.851836
0.21632
0.505833
0.966012
0.947031
0.683735
0.797814
0.176427
0.721659
0.618051
0.091552
0.113159
0.108444
0.724357
0.141715
0.467732
0.356982
0.550504
0.706476
0.684723
0.51552
0.464335
0.397816
0.86191
0.330852
0.259366
0.743315
0.359763
0.846999
0.327889
0.701945
0.045109
0.385563
0.34323
0.816679
0.967055
0.460881
0.824836
0.699695
0.967386
0.811109
0.077478
0.713282
0.5355
0.016436
0.251313
0.921755
0.926061
0.79885
0.98178
0.806545
0.010204
0.287834
0.030624
0.094108
0.218841
0.503559
0.847532
0.861967
0.616202
0.928176
0.500062
0.889036
0.454065
0.277225
0.916413
0.387935
0.503404
0.328861
0.662838
0.995031
0.025514
0.899848
0.003926
0.364228
0.168607
0.757342
0.050611
0.553485
0.294926
0.13367
0.771818
0.217417
0.223675
0.275077
0.586767
0.659666
0.017603
0.24187
0.430971
0.331977
0.884171
0.787709
0.62589
0.338042
0.700672
0.843638
0.59483
0.784461
0.749105
0.571737
0.312183
0.745782
0.206796
0.779488
0.804547
0.822145
0.472916
0.192481
0.099724
0.743361
0.886261
0.650838
0.14416
0.934896
0.989102
0.433379
0.594825
0.777229
0.73639
0.967787
0.114883
0.580725
0.691931
0.890098
0.87411
0.978
0.512078
0.830761
0.427282
0.422314
0.253348
0.818237
0.985815
0.256342
0.056132
0.815542
0.62023
0.959699
0.252239
0.071028
0.492442
0.085466
0.26179
0.125978
0.224132
0.106145
0.953906
0.278563
0.443898
0.898612
0.677322
0.618037
0.705563
0.828822
0.877669
0.64264
0.890007
0.535398
0.277291
0.880077
0.541473
0.906138
0.040168
0.397516
0.947805
0.24965
0.941536
0.953902
0.882142
0.563668
0.646939
0.869617
0.775897
0.630094
0.982259
0.685677
0.975482
0.057388
0.13896
0.451459
0.384879
0.782735
0.160614
0.976095
0.315066
0.428924
0.274745
0.579364
0.058629
0.149678
0.745798
0.186501
0.235514
0.792982
0.093301
0.437474
0.023063
0.346807
0.698981
0.090103
0.888335
0.909499
0.10499
0.990732
0.29753
0.084102
0.005067
0.408523
0.62981
0.332179
0.836717
0.716606
0.350162
0.73431
0.940488
0.093096
0.306104
0.463326
0.49799
0.542196
0.300627
0.66726
0.645085
0.577822
0.113762
0.476968
0.356227
0.491038
0.921866
0.480531
0.013981
0.438837
0.820648
0.780061
0.51339
0.249769
0.465089
0.563702
0.999871
0.644178
0.694265
0.491454
0.35449
0.812953
0.494932
0.99469
0.457121
0.068
0.682578
0.046641
0.250502
0.353738
0.739484
0.494236
0.028646
0.61685
0.411436
0.921835
0.499562
0.708975
0.218868
0.760974
0.720955
0.904082
0.033822
0.447501
0.679155
0.095164
0.410604
0.942147
0.435934
0.985405
0.056839
0.71783
0.581016
0.50054
0.970847
0.12965
0.895999
0.69124
0.258996
0.901669
0.429295
0.814227
0.388837
0.850931
0.636629
0.141047
0.649663
0.191345
0.411923
0.170296
0.022016
0.211887
0.536372
0.481561
0.501497
0.247687
0.685161
0.704263
0.357968
0.88117
0.644023
0.713039
0.27734
0.000612
0.865376
0.822424
0.123192
0.374105
0.661339
0.652111
0.86035
0.140268
0.42994
0.097224
0.389595
0.015107
0.898273
0.527044
0.849802
0.059905
0.227458
0.25938
0.386691
0.802866
0.386558
0.204654
0.06499
0.079492
0.760047
0.444803
0.726181
0.682287
0.135362
0.142888
0.755342
0.721268
0.378031
0.077422
0.012098
0.288157
0.009222
0.230073
0.419501
0.121416
0.104278
0.896437
0.58547
0.934456
0.345826
0.677145
0.204692
0.61834
0.129586
0.002081
0.931532
0.554894
0.926941
0.333832
0.327786
0.400655
0.706041
0.565809
0.925355
0.025441
0.708196
0.330328
0.180234
0.510396
0.505064
0.137011
0.201896
0.408165
0.408811
0.317558
0.148545
0.004374
0.970235
0.943499
0.48365
0.995052
0.673654
0.068858
0.117718
0.916111
0.630052
0.843184
0.89827
0.447942
0.048526
0.18828
0.066572
0.18874
0.410533
0.118197
0.166733
0.445822
0.340171
0.467658
0.429172
0.644478
0.93719
0.107864
0.09926
0.852806
0.506397
0.766405
0.215422
0.828863
0.923847
0.635483
0.105879
0.895295
0.792488
0.750878
0.036728
0.798963
0.137951
0.222386
0.577135
0.264981
0.661348
0.60807
0.10815
0.656015
0.923955
0.16111
0.597062
0.341865
0.459612
0.287
0.354131
0.028912
0.981552
0.6248
0.500706
0.383715
0.539375
0.380106
0.359908
0.463947
0.275983
0.18005
0.556606
0.842765
0.152828
0.032734
0.246812
0.979721
0.828758
0.595866
0.929249
0.445279
0.983281
0.296302
0.240306
0.638048
0.378154
0.626366
0.304996
0.617918
0.275746
0.050972
0.912136
0.883205
0.970798
0.716527
0.682721
0.559003
0.125942
0.189235
0.28947
0.890156
0.17297
0.922873
0.522786
0.71557
0.110244
0.269034
0.958519
0.26615
0.296522
0.197597
0.129074
0.233258
0.642327
0.455368
0.553756
0.122365
0.802116
0.784095
0.02159
0.383515
0.068771
0.792106
0.73727
0.901988
0.236404
0.456296
0.184488
0.371235
0.522243
0.053331
0.71487
0.543293
0.828959
0.271781
0.903321
0.998694
0.919298
0.777892
0.812369
0.573744
0.190154
0.677041
0.712753
0.985385
0.541301
0.271369
0.683673
0.979376
0.177214
0.325998
0.541881
0.170215
0.022221
0.336983
0.865371
0.043468
0.428929
0.762201
0.953183
0.985475
0.421969
0.950384
0.035419
0.745917
0.642746
0.249522
0.507319
0.129554
0.871597
0.357898
0.626044
0.158776
0.206165
0.991956
0.753086
0.961972
0.295851
0.164563
0.503068
0.494668
0.174947
0.73322
0.361778
0.186365
0.331983
0.563659
0.726471
0.481891
0.525595
0.138946
0.914691
0.928724
0.683427
0.017631
0.537074
0.629219
0.994654
0.996067
0.857611
0.063831
0.953276
0.612661
0.800887
0.407193
0.319669
0.463244
0.146875
0.357066
0.857617
0.03795
0.150878
0.125116
0.403076
0.996987
0.173358
0.145483
0.915056
0.882051
0.03224
0.751706
0.655466
0.767741
0.494502
0.991379
0.043847
0.234372
0.396546
0.449778
0.921367
0.560004
0.045111
0.407863
0.41649
0.965491
0.599197
0.635651
0.713253
0.770039
0.635051
0.237194
0.874046
0.73212
0.74187
0.996557
0.802527
0.829151
0.951406
0.151134
0.497727
0.580567
0.329276
0.839403
0.76242
0.720883
0.997149
0.259381
0.735457
0.551404
0.312989
0.160587
0.895884
0.595455
0.824934
0.545345
0.219977
0.337549
0.381539
0.972935
0.005633
0.985666
0.980462
0.996151
0.476588
0.963809
0.395599
0.026294
0.224347
0.945296
0.013765
0.545994
0.075602
0.286397
0.088093
0.859529
0.591071
0.902106
0.688353
0.971029
0.509878
0.638711
0.576309
0.48426
0.845959
0.644525
0.801312
0.786364
0.191045
0.650164
0.199648
0.58332
0.677435
0.997235
0.030542
0.091242
0.077027
0.398361
0.821588
0.844056
0.73698
0.896878
0.32286
0.088155
0.058153
0.852133
0.730436
0.698615
0.339676
0.379905
0.958114
0.063805
0.773732
0.309633
0.039055
0.74257
0.330912
0.722148
0.707654
0.534787
0.777373
0.581038
0.286637
0.734115
0.58914
0.012727
0.901644
0.545644
0.868627
0.882737
0.444967
0.50766
0.415754
0.449437
0.895147
0.788144
0.126526
0.610308
0.995907
0.595551
0.785872
0.769061
0.350318
0.371849
0.724076
0.499984
0.570571
0.712906
0.777575
0.271517
0.146794
0.291795
0.507538
0.342141
0.568363
0.053466
0.50975
0.367985
0.534667
0.422533
0.284226
0.904108
0.184765
0.681366
0.924645
0.53867
0.876408
0.124851
0.493789
0.457025
0.008119
0.443257
0.36903
0.669799
0.93833
0.085791
0.327476
0.444065
0.455185
0.77481
0.443396
0.027161
0.710104
0.88483
0.513905
0.581109
0.162936
0.220646
0.23517
0.430742
0.928145
0.521785
0.192098
0.266088
0.384015
0.623259
0.440033
0.392445
0.564729
0.241835
0.078903
0.024414
0.251259
0.091592
0.336341
0.772934
0.716294
0.610928
0.8525
0.282068
0.885054
0.399239
0.400893
0.405352
0.098094
0.97549
0.138507
0.340886
0.3193
0.074679
0.15226
0.044858
0.292404
0.866657
0.339442
0.123692
0.645694
0.996601
0.232324
0.279571
0.971847
0.178776
0.511214
0.239652
0.932352
0.981521
0.814698
0.314784
0.403487
0.242306
0.890758
0.914558
0.418871
0.656533
0.165553
0.434936
0.631499
0.385403
0.3576
0.000999
0.804293
0.889338
0.969464
0.719271
0.548792
0.269285
0.999299
0.589753
0.681154
0.682406
0.845252
0.009673
0.220247
0.665534
0.895146
0.685339
0.413491
0.361555
0.737948
0.741238
0.607058
0.291467
0.925155
0.55188
0.790492
0.214308
0.344041
0.87458
0.050107
0.512315
0.481705
0.75123
0.281894
0.219067
0.926133
0.57171
0.10469
0.193036
0.998826
0.195609
0.610476
0.420128
0.885599
0.755169
0.596951
0.010739
0.879795
0.444667
0.931578
0.495539
0.694224
0.069293
0.745152
0.337996
0.351359
0.118656
0.146857
0.185759
0.328206
0.89197
0.36826
0.724363
0.082748
0.591099
0.481891
0.977958
0.846208
0.45483
0.775143
0.193039
0.562336
0.074619
0.348089
0.225862
0.71891
0.490091
0.75107
0.515295
0.086484
0.735368
0.833229
0.903531
0.571992
0.753585
0.752044
0.15575
0.164221
0.070886
0.319914
0.473509
0.997898
0.430993
0.726243
0.693397
0.204482
0.058507
0.546007
0.700306
0.998252
0.358611
0.896365
0.381932
0.689412
0.598253
0.052979
0.078388
0.020764
0.370834
0.745801
0.172755
0.605853
0.288828
0.796993
0.798396
0.775415
0.524834
0.284567
0.809444
0.186101
0.28976
0.183948
0.67421
0.686236
0.65251
0.415601
0.100171
0.91117
0.507731
0.406972
0.588825
0.19279
0.132549
0.405525
0.227221
0.24429
0.892511
0.530759
0.483469
0.68948
0.951548
0.112199
0.833535
0.584019
0.146165
0.297149
0.482361
0.691177
0.242607
0.534879
0.684672
0.448741
0.863026
0.869459
0.470691
0.972926
0.075585
0.003362
0.380668
0.601097
0.6292
0.476446
0.124883
0.170498
0.852148
0.867911
0.673899
0.664218
0.597682
0.202926
0.428251
0.695895
0.537252
0.01858
0.953557
0.844816
0.260545
0.616459
0.923239
0.096011
0.503029
0.456243
0.410205
0.835589
0.380646
0.063663
0.065838
0.042745
0.409145
0.718406
0.203722
0.646469
0.687088
0.255202
0.600558
0.684868
0.466614
0.336717
0.619152
0.977847
0.426841
0.391735
0.464267
0.076218
0.553163
0.328697
0.121422
0.466257
0.003384
0.401785
0.105735
0.024293
0.824475
0.916249
0.207675
0.539298
0.277958
0.493577
0.436631
0.269051
0.700394
0.126491
0.053073
0.767675
0.66593
0.498526
0.46779
0.497411
0.437024
0.392892
0.499691
0.528515
0.691902
0.711207
0.377629
0.413541
0.373697
0.536536
0.453354
0.889596
0.696361
0.898656
0.709137
0.970992
0.635737
0.96355
0.15817
0.052478
0.579125
0.983493
0.417605
0.212043
0.521541
0.648799
0.315179
0.714769
0.975115
0.896963
0.291585
0.326724
0.371541
0.394553
0.100319
0.761963
0.365339
0.87982
0.926941
0.024431
0.988503
0.710023
0.520392
0.389528
0.518518
0.324625
0.622688
0.09298
0.621123
0.275345
0.017635
0.552706
0.578448
0.426569
0.072286
0.893343
0.611431
0.115713
0.510931
0.497254
0.060402
0.60686
0.808326
0.749008
0.202969
0.862293
0.342542
0.946508
0.071748
0.486209
0.597124
0.24765
0.77138
0.626896
0.018109
0.608369
0.491478
0.196029
0.995748
0.897162
0.292508
0.541071
0.316502
0.775496
0.930331
0.358829
0.805584
0.498408
0.396579
0.938422
0.510405
0.467411
0.672434
0.261234
0.324793
0.932046
0.67853
0.826637
0.271112
0.54379
0.971396
0.318704
0.160476
0.510886
0.387821
0.159577
0.888551
0.990724
0.568582
0.774677
0.859038
0.700982
0.044156
0.157634
0.070989
0.00988
0.305996
0.392356
0.24103
0.064605
0.529863
0.273319
0.796037
0.008053
0.842527
0.954754
0.716135
0.733644
0.933562
0.209071
0.994566
0.773481
0.726571
0.361091
0.545777
0.653918
0.620343
0.704985
0.082382
0.355648
0.434
0.260629
0.172627
0.138927
0.366383
0.493442
0.062976
0.946458
0.765243
0.730852
0.172861
0.603801
0.529725
0.982469
0.747672
0.575762
0.850813
0.155094
0.015217
0.690233
0.098311
0.115434
0.744681
0.270535
0.628631
0.917407
0.316475
0.217144
0.106563
0.130462
0.062223
0.087642
0.432005
0.320865
0.706561
0.870242
0.784773
0.530637
0.102442
0.709767
0.362829
0.08565
0.842466
0.338217
0.218249
0.871452
0.902134
0.338971
0.354801
0.579629
0.733441
0.063149
0.593344
0.95282
0.262094
0.908827
0.950168
0.269154
0.754202
0.238775
0.737611
0.79742
0.247206
0.71587
0.812105
0.358579
0.167703
0.091965
0.575382
0.978098
0.82295
0.43584
0.536621
0.279528
0.163066
0.482081
0.463502
0.52193
0.952805
0.603895
0.605772
0.128025
0.996489
0.772845
0.877203
0.4143
0.502128
0.522084
0.194095
0.689489
0.902977
0.163706
0.086318
0.738219
0.273202
0.623863
0.695758
0.321911
0.815145
0.549989
0.868999
0.763294
0.868576
0.020161
0.243506
0.090008
0.442083
0.88996
0.46754
0.849713
0.327178
0.33957
0.895562
0.425817
0.789765
0.236644
0.948801
0.574578
0.759324
0.089516
0.492664
0.901038
0.877039
0.046814
0.303698
0.44332
0.172265
0.729998
0.184512
0.34664
0.663281
0.482089
0.738571
0.961208
0.116547
0.709568
0.230344
0.414477
0.032863
0.135907
0.319777
0.341986
0.899585
0.741813
0.972183
0.599072
0.241714
0.327655
0.319836
0.326494
0.672964
0.530808
0.385424
0.14909
0.022139
0.218835
0.107471
0.785445
0.112498
0.724228
0.385659
0.073378
0.81273
0.579631
0.235762
0.894681
0.045258
0.20182
0.752047
0.709378
0.289272
0.062025
0.858078
0.313698
0.195713
0.516062
0.910227
0.043547
0.765804
0.572473
0.425449
0.74408
0.965824
0.229206
0.143647
0.912882
0.668953
0.437986
0.57326
0.745614
0.773032
0.919894
0.426843
0.293411
0.639664
0.415728
0.594598
0.419986
0.152996
0.469427
0.690918
0.799284
0.493326
0.165238
0.414688
0.786294
0.412859
0.696531
0.507214
0.241223
0.796151
0.084213
0.52489
0.208891
0.067066
0.502934
0.499562
0.706901
0.744751
0.727791
0.409559
0.63169
0.576945
0.421562
0.597213
0.947248
0.192894
0.905772
0.053456
0.308389
0.288145
0.626365
0.131225
0.882348
0.828551
0.652066
0.458414
0.932956
0.830747
0.499315
0.701873
0.56693
0.587942
0.330976
0.462085
0.078121
0.357349
0.695829
0.953216
0.963064
0.555723
0.606622
0.185721
0.695308
0.070659
0.284686
0.668363
0.31031
0.049847
0.83187
0.31033
0.063105
0.074788
0.251759
0.178016
0.7743
0.321684
0.804696
0.173846
0.492879
0.688037
0.651991
0.601129
0.924822
0.228525
0.493719
0.883993
0.077894
0.055888
0.233302
0.633021
0.25988
0.19024
0.458802
0.613598
0.248558
0.300691
0.613559
0.945738
0.674742
0.782904
0.36681
0.272254
0.454268
0.807133
0.4563
0.846725
0.988772
0.072027
0.04541
0.14959
0.38437
0.131042
0.870664
0.023146
0.315793
0.184695
0.931539
0.669481
0.91203
0.972329
0.497098
0.234319
0.193729
0.222919
0.708593
0.040446
0.051361
0.608143
0.642057
0.665263
0.371881
0.805945
0.533625
0.105466
0.797099
0.953068
0.060036
0.391351
0.487516
0.146471
0.867709
0.28415
0.783009
0.670994
0.598046
0.192143
0.220704
0.047348
0.240712
0.345444
0.833145
0.366393
0.754622
0.439442
0.784868
0.976272
0.239842
0.862342
0.621824
0.817294
0.651586
0.42395
0.228075
0.070035
0.535518
0.990326
0.738042
0.327346
0.827205
0.768984
0.281636
0.014307
0.118163
0.877306
0.836563
0.295209
0.285195
0.792865
0.937737
0.779137
0.605579
0.242671
0.525748
0.233512
0.808011
0.386961
0.833697
0.381609
0.824149
0.333318
0.440133
0.615488
0.070288
0.948207
0.573606
0.50782
0.839394
0.865763
0.52226
0.927262
0.064738
0.113226
0.596788
0.354066
0.464225
0.328079
0.404725
0.822646
0.593476
0.997345
0.786879
0.273666
0.264345
0.335898
0.843259
0.027288
0.230181
0.904918
0.639896
0.226847
0.219145
0.862618
0.893758
0.256131
0.42051
0.834596
0.771007
0.813916
0.518398
0.911549
0.325952
0.156672
0.708732
0.539354
0.854586
0.081159
0.843692
0.293295
0.654856
0.040129
0.609581
0.717272
0.36875
0.215411
0.537631
0.833191
0.323547
0.252469
0.278935
0.949132
0.359277
0.003604
0.781681
0.699275
0.128568
0.984904
0.608062
0.500779
0.382219
0.898673
0.243963
0.285769
0.122411
0.759119
0.595549
0.609066
0.21847
0.651168
0.765458
0.357889
0.801347
0.348791
0.758138
0.03373
0.551165
0.969527
0.981245
0.281753
0.441399
0.062978
0.873341
0.568572
0.385101
0.112771
0.946767
0.530219
0.282928
0.350215
0.270697
0.60181
0.929964
0.856694
0.460381
0.826499
0.423105
0.252307
0.983415
0.303888
0.323724
0.989693
0.133927
0.760534
0.935813
0.511795
0.002522
0.375059
0.111569
0.416188
0.790027
0.438712
0.431925
0.556789
0.581691
0.856296
0.308355
0.821671
0.565934
0.30053
0.295126
0.361138
0.622693
0.230812
0.920334
0.574913
0.920016
0.046404
0.342611
0.022808
0.272252
0.862006
0.03661
0.436147
0.117567
0.416841
0.838852
0.623071
0.736756
0.349104
0.944398
0.709262
0.421799
0.426465
0.918684
0.576405
0.706379
0.417035
0.223693
0.723559
0.607824
0.501343
0.624021
0.208286
0.793939
0.948163
0.891103
0.321436
0.406006
0.808402
0.595117
0.547914
0.926642
0.536025
0.514939
0.042019
0.069417
0.00742
0.913244
0.408387
0.468561
0.845387
0.609246
0.609502
0.296534
0.833908
0.16583
0.05315
0.191603
0.267737
0.282311
0.670514
0.217825
0.676658
0.091132
0.147202
0.508821
0.921896
0.859568
0.968753
0.650479
0.675815
0.625023
0.622819
0.14712
0.543739
0.386068
0.442537
0.523601
0.128396
0.359488
0.06345
0.979668
0.118528
0.258525
0.891293
0.48271
0.135637
0.384231
0.115868
0.200216
0.05203
0.438227
0.806636
0.585969
0.606345
0.200584
0.343894
0.845242
0.087856
0.857931
0.48369
0.837147
0.318006
0.338843
0.751605
0.784996
0.229645
0.972871
0.08449
0.068503
0.595504
0.722741
0.960886
0.404946
0.025291
0.602896
0.289696
0.432947
0.488469
0.064513
0.485982
0.42632
0.712544
0.645666
0.185216
0.206139
0.251006
0.17895
0.657213
0.99443
0.652108
0.606682
0.409928
0.31258
0.911074
0.969002
0.496776
0.2902
0.770122
0.132457
0.765588
0.818948
0.124904
0.976861
0.985512
0.936719
0.496035
0.246074
0.582009
0.419934
0.205949
0.423676
0.66389
0.070913
0.333418
0.017795
0.749496
0.640691
0.062672
0.964738
0.022622
0.589961
0.776367
0.787896
0.034285
0.906415
0.918452
0.56139
0.482083
0.044867
0.561954
0.409379
0.772806
0.403884
0.683581
0.101408
0.132952
0.13971
0.045525
0.541329
0.793968
0.610411
0.574955
0.680624
0.339645
0.361954
0.31427
0.712109
0.16164
0.013025
0.596196
0.942381
0.609408
0.782922
0.672791
0.497437
0.718392
0.824104
0.224732
0.33613
0.223726
0.452173
0.885065
0.345207
0.374467
0.860367
0.515374
0.535449
0.860801
0.490527
0.681558
0.085645
0.178632
0.404376
0.494839
0.965734
0.970652
0.851197
0.315599
0.964028
0.689341
0.39294
0.701675
0.016523
0.146155
0.829686
0.645574
0.364195
0.500667
0.905142
0.631578
0.398149
0.120327
0.293747
0.97834
0.437363
0.471839
0.498598
0.884104
0.603928
0.693677
0.389414
0.029088
0.930973
0.949128
0.949153
0.943687
0.815242
0.684596
0.84451
0.600546
0.13437
0.391218
0.971295
0.351138
0.867828
0.093211
0.334184
0.350953
0.051603
0.119094
0.193165
0.837816
0.063402
0.298701
0.010175
0.695628
0.620303
0.644982
0.374383
0.208268
0.72032
0.811118
0.138601
0.486829
0.248716
0.168107
0.734325
0.538097
0.216185
0.31
0.966654
0.84868
0.879947
0.460012
0.623807
0.376768
0.077712
0.401069
0.593981
0.287144
0.847951
0.1511
0.367129
0.124904
0.404832
0.039661
0.272549
0.400735
0.478165
0.543696
0.274991
0.523041
0.509005
0.316178
0.8302
0.545641
0.33227
0.947339
0.845112
0.982588
0.692234
0.378223
0.280861
0.663318
0.980817
0.626715
0.881615
0.329103
0.406954
0.906275
0.756867
0.98141
0.774764
0.448516
0.531068
0.900515
0.551647
0.255397
0.43562
0.516316
0.09672
0.743763
0.109354
0.404918
0.804622
0.46757
0.842016
0.341881
0.957636
0.209468
0.038264
0.872427
0.752203
0.231984
0.984742
0.50228
0.951065
0.505029
0.471875
0.449139
0.334875
0.533701
0.452555
0.036747
0.260435
0.213123
0.867436
0.59887
0.763683
0.956826
0.644039
0.98261
0.311764
0.186267
0.40331
0.470799
0.895362
0.55994
0.292181
0.742634
0.505832
0.162132
0.57682
0.911395
0.842623
0.58681
0.377083
0.086979
0.469649
0.752079
0.360274
0.235447
0.93138
0.821556
0.638276
0.136783
0.144909
0.10322
0.616297
0.115563
0.842627
0.992965
0.366348
0.45367
0.711667
0.937153
0.894094
0.057592
0.169072
0.754597
0.688893
0.133219
0.502065
0.780815
0.218781
0.871288
0.052972
0.782195
0.615819
0.315199
0.720933
0.782366
0.933899
0.367775
0.686017
0.602616
0.525206
0.890416
0.003167
0.282112
0.538277
0.178293
0.907867
0.647595
0.477883
0.814702
0.450886
0.558653
0.002751
0.365701
0.13879
0.689689
0.479027
0.301758
0.467832
0.20963
0.925087
0.053973
0.865417
0.511359
0.618946
0.302606
0.966698
0.281851
0.588878
0.993417
0.881094
0.53633
0.990375
0.70137
0.2087
0.405596
0.334493
0.344014
0.760456
0.584263
0.038093
0.877448
0.296796
0.997075
0.954191
0.940531
0.811128
0.220613
0.532633
0.224303
0.259675
0.610952
0.040834
0.969459
0.918673
0.380768
0.515422
0.466119
0.8822
0.688602
0.278111
0.446841
0.428966
0.959335
0.175311
0.089576
0.880619
0.896686
0.871739
0.510977
0.659744
0.563363
0.069448
0.595835
0.013614
0.324987
0.932293
0.304045
0.939827
0.250134
0.314562
0.628407
0.761627
0.501388
0.882116
0.04024
0.922195
0.196308
0.884239
0.400863
0.832757
0.671666
0.175942
0.918048
0.245517
0.24414
0.814179
0.105873
0.222036
0.503678
0.830477
0.147484
0.547668
0.711241
0.860595
0.935566
0.78464
0.652828
0.43362
0.11211
0.709737
0.992737
0.736761
0.016711
0.49626
0.614647
0.689674
0.719726
0.558108
0.22336
0.942201
0.696666
0.23684
0.322322
0.921928
0.887485
0.405146
0.038307
0.048497
0.283918
0.629122
0.584195
0.633828
0.717283
0.019032
0.105086
0.359483
0.15486
0.07532
0.640964
0.815336
0.752627
0.81704
0.665857
0.735345
0.271779
0.993008
0.183166
0.214494
0.288922
0.975332
0.988289
0.794894
0.629058
0.520063
0.970621
0.695623
0.94473
0.316551
0.333775
0.854725
0.149855
0.945928
0.507474
0.926414
0.336793
0.715959
0.482875
0.626804
0.504372
0.967116
0.692105
0.251319
0.909677
0.29403
0.371605
0.102124
0.899967
0.286112
0.258918
0.920263
0.805527
0.141079
0.769325
0.913033
0.078511
0.825215
0.54742
0.669197
0.492854
0.697803
0.034098
0.762707
0.033344
0.4553
0.150965
0.823574
0.313661
0.454094
0.428751
0.772502
0.481144
0.788958
0.073508
0.191594
0.551534
0.947088
0.074758
0.043084
0.156551
0.641153
0.398993
0.825552
0.071933
0.196414
0.300026
0.62673
0.685173
0.124203
0.943805
0.341044
0.713169
0.524208
0.222758
0.846228
0.818238
0.396072
0.588608
0.257826
0.689852
0.309027
0.844079
0.217385
0.014803
0.268508
0.191052
0.508286
0.203703
0.76319
0.241371
0.706968
0.578471
0.98625
0.999901
0.869526
0.759983
0.386456
0.753277
0.956676
0.023378
0.537915
0.217998
0.557876
0.466447
0.575769
0.550962
0.960107
0.552186
0.846232
0.31982
0.438101
0.470413
0.278728
0.37979
0.598513
0.580188
0.636435
0.351818
0.315831
0.611618
0.132862
0.253032
0.042128
0.072611
0.243383
0.019529
0.245411
0.654976
0.061107
0.436737
0.913109
0.791285
0.305438
0.924805
0.329646
0.072515
0.994056
0.870023
0.465933
0.666377
0.671228
0.194482
0.200049
0.469581
0.911573
0.009994
0.782506
0.057527
0.478222
0.637873
0.686759
0.058479
0.418604
0.583837
0.066046
0.135095
0.663649
0.521638
0.161829
0.535239
0.912692
0.015588
0.642634
0.07365
0.006449
0.150654
0.422907
0.802344
0.281785
0.625673
0.411157
0.234332
0.514247
0.797464
0.832492
0.84652
0.338558
0.793456
0.212178
0.738425
0.948384
0.013744
0.440364
0.647771
0.701776
0.176088
0.972183
0.615265
0.164341
0.020523
0.783264
0.079705
0.141051
0.57483
0.603506
0.686887
0.393514
0.773899
0.974359
0.271095
0.703029
0.928469
0.686287
0.681109
0.223773
0.53513
0.562523
0.70013
0.996821
0.033644
0.065233
0.07795
0.742979
0.136354
0.622452
0.324669
0.45732
0.215663
0.866107
0.58615
0.944563
0.574596
0.123908
0.17087
0.989074
0.725565
0.049279
0.703781
0.412173
0.307208
0.154061
0.839904
0.063841
0.289835
0.306383
0.160905
0.508185
0.011703
0.300976
0.933629
0.31053
0.360459
0.473165
0.561693
0.808709
0.190321
0.871746
0.757549
0.72265
0.086805
0.021641
0.594013
0.863134
0.584441
0.213235
0.09052
0.699596
0.72177
0.172532
0.02819
0.408284
0.582719
0.706002
0.809945
0.610537
0.110881
0.682582
0.984177
0.905585
0.871669
0.30217
0.750788
0.851103
0.678326
0.250562
0.953834
0.450819
0.129806
0.109778
0.647519
0.43771
0.094484
0.740365
0.799325
0.725416
0.202261
0.689775
0.010723
0.305112
0.398822
0.835247
0.390394
0.011269
0.352346
0.498924
0.949005
0.941034
0.180874
0.185147
0.163381
0.788922
0.006022
0.127177
0.53796
0.247562
0.092356
0.359878
0.274208
0.511104
0.979234
0.124305
0.372727
0.931985
0.876873
0.394271
0.698953
0.087857
0.712541
0.972858
0.537488
0.49849
0.187319
0.633788
0.590437
0.651933
0.026083
0.548723
0.594935
0.20753
0.208333
0.276218
0.711722
0.606266
0.845763
0.295659
0.912068
0.743706
0.395012
0.095262
0.256984
0.956768
0.310363
0.329901
0.189589
0.806851
0.275644
0.330258
0.414348
0.433728
0.411341
0.503744
0.814513
0.819285
0.798313
0.101125
0.799679
0.120252
0.124724
0.947863
0.819398
0.55241
0.87497
0.989365
0.610642
0.612898
0.754427
0.232139
0.167125
0.759581
0.344905
0.13507
0.314878
0.358637
0.965228
0.69796
0.530856
0.968873
0.90314
0.512001
0.90568
0.404305
0.230421
0.232678
0.662316
0.50107
0.658951
0.686076
0.022323
0.05404
0.532678
0.191035
0.632534
0.552186
0.58576
0.302455
0.639844
0.829493
0.998071
0.838444
0.557499
0.19343
0.681446
0.937654
0.211867
0.255996
0.149009
0.736722
0.406562
0.062696
0.87495
0.557672
0.331094
0.343983
0.290251
0.45548
0.337042
0.547946
0.773517
0.674461
0.294457
0.528741
0.840126
0.068206
0.078297
0.55617
0.639115
0.211413
0.74522
0.646263
0.923289
0.168954
0.751374
0.083643
0.565292
0.551895
0.388385
0.844571
0.004371
0.520179
0.217154
0.743499
0.043067
0.831555
0.838092
0.832866
0.152569
0.630407
0.014367
0.847963
0.722975
0.531154
0.730591
0.094324
0.528656
0.291276
0.972619
0.857118
0.733276
0.933748
0.346843
0.90088
0.325238
0.732797
0.736417
0.01835
0.36106
0.019433
0.997092
0.122197
0.542811
0.790556
0.201264
0.485053
0.607429
0.160205
0.778555
0.299336
0.211023
0.558289
0.410314
0.920286
0.880063
0.483351
0.359264
0.325518
0.267564
0.544548
0.804979
0.310757
0.190094
0.475484
0.069034
0.701279
0.518358
0.496375
0.300445
0.904673
0.090486
0.869824
0.376705
0.880624
0.728761
0.104171
0.831536
0.682177
0.032302
0.133703
0.635628
0.662601
0.746651
0.720245
0.65952
0.766239
0.575086
0.260791
0.912377
0.018214
0.366562
0.72887
0.427156
0.024834
0.065981
0.648637
0.964865
0.551864
0.506758
0.318325
0.256691
0.020985
0.272955
0.44911
0.19795
0.087348
0.717728
0.89462
0.936772
0.617999
0.052775
0.740863
0.110095
0.669748
0.779366
0.725865
0.951884
0.738146
0.69321
0.261743
0.924769
0.179544
0.904897
0.312663
0.130164
0.826683
0.002495
0.832088
0.262312
0.884721
0.691479
0.666183
0.36532
0.059403
0.830073
0.170904
0.372259
0.600355
0.482254
0.198661
0.140616
0.123246
0.863008
0.03156
0.977014
0.198529
0.110322
0.576972
0.079986
0.602453
0.850627
0.047898
0.799869
0.394477
0.159491
0.176096
0.918765
0.110606
0.866783
0.544245
0.039056
0.464476
0.81745
0.726203
0.488782
0.86005
0.120365
0.909941
0.846441
0.708277
0.817888
0.543816
0.675162
0.560598
0.355429
0.568861
0.257465
0.440279
0.280775
0.122888
0.321862
0.851987
0.381081
0.748004
0.175198
0.424419
0.114856
0.138621
0.617436
0.607482
0.213372
0.474423
0.863306
0.174202
0.019211
0.651995
0.053498
0.97994
0.60962
0.470396
0.429993
0.573071
0.090624
0.930019
0.625642
0.183978
0.562581
0.133257
0.017553
0.630517
0.648483
0.583697
0.183483
0.60343
0.056511
0.609238
0.554017
0.655255
0.895476
0.850358
0.980654
0.976241
0.77232
0.95642
0.867284
0.727582
0.075384
0.04905
0.8376
0.489656
0.814607
0.312918
0.39765
0.700187
0.915327
0.087761
0.861478
0.793013
0.315539
0.355217
0.046461
0.015741
0.477006
0.09554
0.194002
0.846767
0.571028
0.633632
0.187479
0.828662
0.86798
0.523328
0.912558
0.844829
0.731324
0.734076
0.105393
0.270836
0.066847
0.008681
0.15831
0.880487
0.239874
0.970154
0.597291
0.237258
0.497131
0.219095
0.983974
0.847265
0.026239
0.947776
0.721065
0.082381
0.670638
0.646927
0.218789
0.758447
0.087065
0.489445
0.009923
0.968737
0.751564
0.158852
0.341674
0.160562
0.766617
0.058896
0.840407
0.942196
0.676628
0.212965
0.36009
0.47724
0.604625
0.668663
0.554215
0.351314
0.890917
0.081392
0.466256
0.775565
0.060873
0.705335
0.819712
0.660831
0.012937
0.180137
0.342113
0.23369
0.962652
0.651594
0.296971
0.929697
0.740594
0.284607
0.378882
0.199429
0.971074
0.517296
0.896057
0.3465
0.860842
0.053887
0.98209
0.912034
0.363203
0.774722
0.752258
0.901255
0.307255
0.46552
0.865
0.778579
0.393467
0.845725
0.046954
0.782046
0.206766
0.286121
0.493215
0.449735
0.52057
0.544776
0.331528
0.175228
0.768481
0.399976
0.505841
0.644697
0.909638
0.707553
0.045459
0.83856
0.989355
0.472485
0.96959
0.547329
0.459616
0.331405
0.657555
0.22982
0.104934
0.027237
0.29238
0.395771
0.552077
0.29275
0.98406
0.291745
0.440975
0.103276
0.260627
0.048332
0.559509
0.751065
0.19571
0.367911
0.016616
0.839522
0.779964
0.063254
0.364868
0.955287
0.392027
0.526209
0.355243
0.596131
0.978157
0.997503
0.774715
0.404311
0.494432
0.356731
0.985575
0.70776
0.448931
0.012115
0.520483
0.983928
0.523061
0.182427
0.022094
0.354704
0.918228
0.996554
0.945368
0.72942
0.558143
0.590686
0.538992