128 4
0
14
51
92
102
1
20
60
71
106
2
82
86
102
121
3
74
87
99
116
2
4
21
23
103
1
5
52
87
107
1
6
29
37
63
7
20
32
59
75
8
21
57
107
124
9
48
58
88
90
10
41
91
126
127
11
14
59
61
79
12
46
50
61
107
13
54
63
115
120
2
6
14
50
100
15
17
20
38
72
3
13
16
59
88
8
17
89
113
121
1
18
52
83
91
19
43
59
70
110
7
20
34
46
124
21
35
49
77
80
1
3
22
103
125
3
5
23
53
105
17
24
53
62
92
25
33
43
73
89
13
26
61
94
99
14
27
47
71
77
28
61
86
120
123
29
39
79
84
108
23
30
52
81
110
25
31
59
88
123
28
32
40
108
123
14
33
44
64
88
0
8
34
70
87
7
35
62
87
107
7
10
36
80
114
4
32
34
37
122
38
40
102
105
121
6
27
39
71
72
11
32
33
40
47
22
41
61
87
118
36
42
43
98
103
34
43
64
85
90
44
46
77
98
100
0
2
4
45
89
13
46
102
118
126
8
14
26
47
78
41
48
76
89
123
49
50
62
95
102
50
51
95
112
124
3
22
51
93
100
14
42
52
102
108
12
28
31
35
53
54
58
70
85
114
27
41
44
55
65
5
27
56
61
116
27
43
57
83
107
29
58
61
74
127
59
88
91
118
121
0
60
61
96
102
26
61
76
115
120
2
62
69
102
104
8
26
61
63
71
36
50
64
96
105
23
43
58
65
78
31
66
87
95
117
51
61
67
104
112
11
51
57
68
112
1
2
38
69
125
55
70
80
100
112
1
58
71
91
112
53
72
86
95
100
0
18
73
96
125
1
43
52
74
89
31
67
69
75
118
54
55
74
76
122
16
23
37
77
126
68
69
78
97
115
10
79
85
111
126
15
72
80
96
123
58
69
79
81
92
2
19
58
82
123
18
35
66
83
89
18
19
84
95
126
32
51
70
85
104
38
39
81
86
127
0
10
87
91
103
22
30
49
56
88
6
41
89
93
98
15
89
90
111
123
59
91
112
115
120
0
1
47
92
125
11
31
36
68
93
8
94
104
118
122
18
47
79
95
98
2
19
23
53
96
23
32
97
115
119
35
71
74
98
112
37
83
99
103
125
88
98
100
111
125
17
24
92
98
101
65
81
102
109
127
34
53
60
79
103
32
40
67
99
104
13
20
32
47
105
7
19
106
119
127
6
16
66
107
127
32
47
58
75
108
21
85
109
114
118
29
37
101
109
110
7
50
53
108
111
20
26
29
97
112
27
63
96
110
113
60
68
96
114
123
3
18
34
47
115
16
48
63
116
127
29
43
91
92
117
5
45
98
116
118
23
36
104
119
123
45
52
92
112
120
59
94
96
98
121
62
84
115
122
124
31
32
86
123
127
17
24
66
124
127
53
57
94
105
125
23
45
66
103
126
31
46
85
113
127
0.358647
0.254164
0.295291
0.322551
0.84867
0.136621
0.708911
0.55282
0.29651
0.419781
0.256207
0.611514
0.081594
0.005185
0.627894
0.194274
0.070941
0.396784
0.050769
0.886617
0.027617
0.578865
0.438474
0.672026
0.328153
0.155042
0.981841
0.838934
0.860405
0.250251
0.038835
0.303266
0.537082
0.326651
0.827869
0.271543
0.965252
0.457265
0.842023
0.19438
0.411354
0.699512
0.138353
0.132745
0.969537
0.714595
0.041068
0.398821
0.433521
0.744043
0.250861
0.184334
0.080873
0.428314
0.6885
0.058194
0.915214
0.442352
0.239787
0.093873
0.182866
0.934614
0.638271
0.516696
0.657111
0.435673
0.730039
0.047716
0.566037
0.158646
0.120165
0.34188
0.091799
0.094157
0.311413
0.979511
0.17533
0.017161
0.763364
0.806913
0.346304
0.464674
0.649774
0.048059
0.949146
0.88668
0.260894
0.015305
0.933436
0.50104
0.539377
0.683964
0.615851
0.943892
0.944252
0.867199
0.636404
0.800949
0.677168
0.573367
0.1285
0.811204
0.820639
0.62594
0.820427
0.651485
0.206684
0.273961
0.214589
0.377259
0.038963
0.618254
0.336554
0.655723
0.385397
0.681614
0.340625
0.260695
0.496037
0.69289
0.348337
0.936648
0.039186
0.417946
0.967581
0.547972
0.423471
0.56852
0.575925
0.731648
0.12769
0.250016
0.580544
0.867117
0.561867
0.238597
0.679845
0.739909
0.238236
0.377729
0.534327
0.496561
0.389618
0.297635
0.099985
0.053485
0.958541
0.847143
0.354905
0.956801
0.67677
0.482521
0.493026
0.083284
0.091704
0.602441
0.553703
0.212728
0.946195
0.781296
0.113465
0.930929
0.974248
0.995931
0.055871
0.737036
0.545916
0.705831
0.968652
0.68803
0.836964
0.866869
0.838481
0.426091
0.222576
0.396652
0.891897
0.146605
0.513326
0.233228
0.581305
0.863139
0.88036
0.236685
0.907694
0.591889
0.350218
0.708181
0.481667
0.377988
0.705084
0.248724
0.330253
0.434452
0.253682
0.405202
0.571473
0.740974
0.767195
0.82279
0.744212
0.681039
0.237506
0.400223
0.477715
0.082891
0.52837
0.436336
0.802109
0.977901
0.556005
0.322686
0.043401
0.924643
0.919116
0.25299
0.695411
0.075435
0.166215
0.216809
0.294494
0.995831
0.696925
0.384202
0.737101
0.915254
0.958702
0.057864
0.394522
0.106756
0.33566
0.16968
0.646848
0.388268
0.229395
0.265938
0.360345
0.25995
0.453241
0.032316
0.279764
0.411207
0.602782
0.270958
0.133185
0.0762
0.940532
0.416639
0.581163
0.919177
0.082748
0.876661
0.551588
0.164834
0.411255
0.777602
0.48037
0.985286
0.376739
0.749578
0.392989
0.829164
0.569081
0.063512
0.036822
0.133852
0.013672
0.075359
0.691714
0.534346
0.749911
0.913166
0.58515
0.726121
0.757081
0.377851
0.241085
0.205045
0.251442
0.274732
0.207228
0.878221
0.756999
0.046896
0.268672
0.022185
0.498165
0.476211
0.831371
0.307777
0.816386
0.967974
0.088408
0.791818
0.589956
0.480046
0.420536
0.784668
0.639361
0.805045
0.903151
0.617264
0.980463
0.608088
0.636644
0.554816
0.091002
0.726397
0.547446
0.45091
0.910471
0.297959
0.523602
0.697642
0.796472
0.459347
0.842091
0.768918
0.066236
0.045861
0.620806
0.347413
0.209131
0.57965
0.341563
0.537263
0.460119
0.584766
0.4003
0.697668
0.180067
0.696501
0.411661
0.874318
0.515236
0.97311
0.601935
0.223849
0.821791
0.345083
0.347619
0.031805
0.548715
0.534424
0.355991
0.894217
0.128748
0.3301
0.321583
0.092291
0.481145
0.687785
0.511657
0.156978
0.377286
0.002595
0.868301
0.084517
0.597278
0.986257
0.536591
0.924042
0.236117
0.759955
0.531266
0.720516
0.062341
0.147739
0.133117
0.687166
0.844441
0.749616
0.030472
0.867215
0.354147
0.397164
0.104869
0.737405
0.182284
0.563965
0.84071
0.089204
0.535336
0.233216
0.342927
0.47397
0.355104
0.648823
0.479582
0.584199
0.736822
0.557742
0.586535
0.564459
0.378773
0.337447
0.899647
0.607555
0.244353
0.498248
0.330348
0.933692
0.007534
0.225333
0.365357
0.48781
0.850818
0.087888
0.805865
0.055653
0.842314
0.051635
0.018242
0.696961
0.997256
0.89661
0.575998
0.917396
0.0053
0.975067
0.490749
0.722896
0.820861
0.718457
0.535037
0.476619
0.838583
0.205078
0.967994
0.710952
0.199507
0.736247
0.52984
0.70723
0.76778
0.08729
0.506104
0.932014
0.320642
0.593883
0.36923
0.454268
0.548603
0.548922
0.20173
0.684572
0.087868
0.138825
0.002711
0.116696
0.473166
0.606102
0.794289
0.106699
0.850727
0.745975
0.408518
0.932938
0.990929
0.205002
0.379229
0.926449
0.721597
0.048095
0.781514
0.827941
0.750502
0.799537
0.825133
0.186405
0.235692
0.633759
0.907866
0.316197
0.588307
0.682982
0.451949
0.713782
0.899667
0.624102
0.539781
0.438745
0.577486
0.355362
0.391482
0.531857
0.066619
0.229025
0.542849
0.431528
0.332816
0.730549
0.693718
0.166731
0.878629
0.495424
0.741461
0.573151
0.997693
0.752403
0.70698
0.778572
0.143128
0.204545
0.714064
0.493981
0.754635
0.102916
0.536481
0.378822
0.457
0.603958
0.502288
0.539861
0.486357
0.408955
0.771882
0.012203
0.598443
0.565508
0.716179
0.599029
0.826799
0.959075
0.342524
0.227351
0.423597
0.28793
0.61495
0.911852
0.139116
0.100795
0.256016
0.726096
0.592963
0.102213
0.918751
0.790085
0.023023
0.651367
0.771247
0.374435
0.068922
0.077321
0.104247
0.84044
0.910686
0.122811
0.235906
0.165521
0.186321
0.837491
0.332146
0.311444
0.227396
0.607894
0.379306
0.74425
0.20558
0.78779
0.603722
0.114267
0.414505
0.863518
0.92296
0.4657
0.480837
0.918455
0.587068
0.032847
0.912749
0.248226
0.577632
0.165513
0.033879
0.311473
0.780496
0.277587
0.220097
0.212681
0.515174
0.975541
0.458989
0.557305
0.860632
0.53507
0.184463
0.299596
0.309937
0.397318
0.426789
0.799782
0.349387
0.468232
0.624976
0.377726
0.836565
0.587454
0.294045
0.714059
0.527648
0.534456
0.481088
0.497012
0.765356
0.102981
0.334363
0.075503
0.753246
0.272302
0.89743
0.526578
0.80075
0.978931
0.839789
0.866994
0.407984
0.551723
0.253889
0.196113
0.505508
0.595049
0.339271
0.569444
0.88746
0.556722
0.720813
0.805315
0.988729
0.603197
0.80685
0.962649
0.94441
0.141082
0.406392
0.32399
0.086925
0.633241
0.735905
0.848128
0.122777
0.876444
0.642926
0.703946
0.910624
0.624761
0.335866
0.825107
0.363059
0.034228
0.830655
0.345192
0.773835
0.362758
0.861068
0.219511
0.974547
0.779759
0.114238
0.565777
0.985367
0.471065
0.182107
0.484778
0.512458
0.741687
0.698846
0.40255
0.218023
0.645054
0.421704
0.132276
0.900572
0.691222
0.683184
0.822584
0.529662
0.815054
0.498091
0.067175
0.405248
0.497465
0.720203
0.106579
0.140019
0.263684
0.266498
0.732185
0.250731
0.633098
0.494274
0.573294
0.838107
0.404382
0.770911
0.422036
0.353871
0.958627
0.184371
0.090337
0.770986
0.06825
0.837079
0.437193
0.915514
0.721533
0.610405
0.949307
0.396649
0.954087
0.135001
0.483755
0.269911
0.539843
0.162014
0.84153
0.846408
0.955236
0.154672
0.623333
0.474237
0.344384
0.35154
0.412794
0.704926
0.598286
0.459682
0.075933
0.077765
0.002339
0.967699
0.005254
0.103094
0.314597
0.80743
0.962099
0.790014
0.69056
0.521301
0.086705
0.958171
0.758392
0.638949
0.759036
0.724103
0.637232
0.980577
0.903364
0.646665
0.693175
0.051596
0.669917
0.044165
0.588264
0.999353
0.555807
0.47321
0.312855
0.120523
0.731024
0.192599
0.115282
0.421763
0.795342
0.745065
0.054883
0.455144
0.522435
0.644547
0.650167
0.364697
0.560677
0.481062
0.884998
0.530265
0.441032
0.404485
0.572428
0.803977
0.538401
0.661655
0.737856
0.520168
0.426817
0.876665
0.417506
0.461943
0.990341
0.000238
0.185473
0.383964
0.93259
0.07003
0.009485
0.052684
0.088543
0.037597
0.479781
0.580757
0.271687
0.398287
0.091699
0.33637
0.522519
0.732272
0.003346
0.467311
0.297003
0.852822
0.715553
0.589109
0.277266
0.910339
0.045101
0.109468
0.39163
0.124438
0.956416
0.797989
0.258983
0.588554
0.982331
0.884199
0.600798
0.903724
0.989185
0.743353
0.064986
0.40158
0.837826
0.230569
0.830643
0.120339
0.046945
0.384091
0.036732
0.95727
0.826206
0.80077
0.629778
0.216324
0.51826
0.597274
0.525032
0.260233
0.515248
0.491186
0.996336
0.897436
0.463381
0.622937
0.747872
0.034865
0.894921
0.860127
0.457432
0.39117
0.272959
0.476677
0.044377
0.852194
0.035422
0.329051
0.931589
0.735213
0.281391
0.252649
0.005082
0.695714
0.048784
0.532603
0.962122
0.109469
0.89448
0.991475
0.061517
0.882906
0.516079
0.906514
0.571319
0.662112
0.543779
0.864493
0.73391
0.52126
0.868161
0.245286
0.157341
0.1604
0.334009
0.23869
0.93009
0.105834
0.698991
0.189222
0.881637
0.961315
0.46547
0.879071
0.005145
0.819947
0.228625
0.908701
0.00112
0.556182
0.756636
0.258688
0.193133
0.084098
0.326434
0.559844
0.115844
0.376695
0.009072
0.818679
0.128449
0.283343
0.018428
0.432241
0.840122
0.392151
0.179497
0.753699
0.788807
0.173753
0.770854
0.947298
0.166378
0.770984
0.708572
0.473574
0.05792
0.074694
0.852415
0.990148
0.676052
0.445958
0.647574
0.594396
0.383612
0.065626
0.821513
0.371834
0.818786
0.252509
0.001029
0.158938
0.468539
0.944304
0.102194
0.85421
0.527024
0.825921
0.298374
0.839947
0.772823
0.230054
0.131335
0.868054
0.963237
0.031302
0.73127
0.909525
0.85736
0.96452
0.760094
0.442299
0.311952
0.320743
0.724423
0.745837
0.200359
0.868123
0.714924
0.56275
0.471532
0.543233
0.159246
0.203701
0.091164
0.153658
0.453694
0.530354
0.017862
0.796798
0.294168
0.911836
0.967511
0.185459
0.462097
0.001232
0.598327
0.607306
0.24754
0.558413
0.22554
0.160825
0.651519
0.325925
0.590264
0.433247
0.984351
0.149581
0.464599
0.680457
0.395545
0.9747
0.721888
0.656984
0.757059
0.952649
0.907819
0.724285
0.749162
0.145922
0.102792
0.570905
0.018368
0.482356
0.21035
0.346017
0.775805
0.941238
0.072416
0.534242
0.882533
0.082509
0.824514
0.357801
0.322095
0.977466
0.200859
0.693194
0.821441
0.041183
0.670385
0.95155
0.12422
0.896221
0.594777
0.616605
0.612944
0.298836
0.935202
0.94735
0.625305
0.783423
0.612258
0.484398
0.66082
0.553001
0.597476
0.783833
0.480904
0.040754
0.163999
0.438607
0.724827
0.593279
0.650294
0.479279
0.615742
0.329017
0.470183
0.744279
0.871833
0.433655
0.043662
0.161673
0.020861
0.653263
0.332315
0.542479
0.493277
0.081526
0.403261
0.220561
0.4184
0.203578
0.840452
0.174193
0.960781
0.415907
0.846245
0.628765
0.73535
0.767724
0.504845
0.543301
0.513996
0.588058
0.029394
0.395515
0.606189
0.597724
0.792956
0.655009
0.992133
0.283855
0.359151
0.383847
0.465813
0.835998
0.235792
0.776
0.40531
0.601855
0.632541
0.372849
0.512615
0.413031
0.069133
0.437165
0.097393
0.405021
0.592918
0.579415
0.662621
0.095262
0.652123
0.312148
0.399046
0.857986
0.00903
0.588413
0.598714
0.39666
0.237028
0.234674
0.88371
0.442024
0.330889
0.448778
0.66939
0.145757
0.449434
0.587884
0.948583
0.252528
0.359251
0.379359
0.605538
0.356732
0.533512
0.78179
0.705386
0.446369
0.864216
0.55814
0.539906
0.034188
0.986693
0.122971
0.231131
0.051697
0.640003
0.224701
0.18001
0.088556
0.103309
0.584671
0.688208
0.397379
0.479897
0.685968
0.01738
0.323131
0.973098
0.580112
0.254225
0.52173
0.342653
0.532245
0.125742
0.132715
0.143542
0.93982
0.732899
0.162382
0.188349
0.730829
0.156164
0.234561
0.963347
0.255307
0.661632
0.978631
0.374297
0.017516
0.244147
0.830877
0.864609
0.768519
0.11311
0.79551
0.918678
0.60061
0.940875
0.826839
0.666972
0.577185
0.348574
0.159287
0.604954
0.318112
0.866439
0.993337
0.752428
0.090482
0.288686
0.10911
0.650512
0.765191
0.925675
0.438172
0.901376
0.877891
0.317196
0.868901
0.375672
0.296869
0.649075
0.328381
0.630209
0.609832
0.563439
0.38042
0.5485
0.596485
0.545687
0.444419
0.014667
0.587062
0.168444
0.642576
0.759344
0.500445
0.542364
0.951479
0.847167
0.914237
0.813766
0.108918
0.148992
0.526624
0.24607
0.476695
0.394365
0.549414
0.746876
0.715491
0.521234
0.822393
0.430862
0.896714
0.07128
0.95466
0.654693
0.380075
0.197154
0.479183
0.194558
0.166332
0.617352
0.523085
0.670096
0.929606
0.53226
0.580932
0.089626
0.717636
0.399905
0.976725
0.823174
0.522481
0.123223
0.859416
0.799781
0.184585
0.295278
0.793407
0.185228
0.917752
0.424527
0.087039
0.815749
0.37351
0.526499
0.112304
0.002584
0.637985
0.515175
0.593539
0.793744
0.646606
0.174773
0.360773
0.905891
0.769945
0.556637
0.255645
0.302061
0.731958
0.851174
0.671425
0.80953
0.766656
0.149704
0.423945
0.152984
0.235236
0.86926
0.472892
0.535358
0.178446
0.312272
0.230246
0.206186
0.637961
0.256884
0.632015
0.058455
0.141774
0.27454
0.597047
0.675841
0.442717
0.445791
0.724517
0.015821
0.34109
0.818707
0.603219
0.337227
0.905525
0.772623
0.264895
0.64529
0.595751
0.401188
0.366956
0.34356
0.617156
0.44241
0.831863
0.669603
0.069932
0.640168
0.271147
0.592812
0.680132
0.230829
0.456859
0.190325
0.052339
0.378476
0.362944
0.99548
0.446352
0.33357
0.580475
0.088767
0.961666
0.63496
0.754838
0.170478
0.409478
0.422689
0.821806
0.001237
0.300853
0.981236
0.474887
0.382526
0.119829
0.974165
0.020026
0.73718
0.7686
0.243657
0.671558
0.092929
0.257047
0.787902
0.864686
0.608486
0.506838
0.159304
0.063109
0.117649
0.227357
0.341675
0.38091
0.346322
0.239055
0.509724
0.825286
0.279704
0.942387
0.873337
0.161764
0.786276
0.574587
0.566575
0.391043
0.501153
0.397179
0.539733
0.62795
0.674304
0.532481
0.721422
0.141278
0.211982
0.818735
0.322528
0.022894
0.153791
0.223614
0.957323
0.573041
0.932731
0.575163
0.479354
0.313728
0.606371
0.139198
0.898262
0.829332
0.317531
0.952798
0.825201
0.666307
0.121762
0.478234
0.506108
0.232551
0.079965
0.776724
0.122035
0.594291
0.936449
0.876105
0.277753
0.851449
0.000333
0.017688
0.602553
0.364798
0.386461
0.564441
0.191782
0.211755
0.484602
0.754254
0.619498
0.297355
0.430337
0.170665
0.07463
0.782696
0.265387
0.177766
0.691618
0.618052
0.63319
0.228895
0.232646
0.220803
0.173753
0.655724
0.848016
0.724317
0.792094
0.404798
0.654076
0.354236
0.525505
0.481635
0.176887
0.387079
0.963822
0.24858
0.133804
0.418581
0.790338
0.582148
0.680975
0.189695
0.618948
0.3235
0.834303
0.629299
0.198856
0.064617
0.042633
0.371409
0.265851
0.64609
0.499334
0.266019
0.149238
0.1272
0.86466
0.243478
0.651711
0.810686
0.614081
0.859565
0.392394
0.956222
0.133145
0.10215
0.658692
0.942831
0.808883
0.076417
0.279368
0.930319
0.253058
0.78117
0.825132
0.495452
0.386349
0.450124
0.226965
0.889391
0.45062
0.882459
0.105693
0.988275
0.443273
0.047831
0.038022
0.746207
0.659036
0.802131
0.105368
0.035571
0.508579
0.387595
0.461947
0.991588
0.97075
0.942315
0.783843
0.354841
0.412131
0.549616
0.830534
0.068713
0.424297
0.082618
0.514658
0.898901
0.782485
0.227842
0.975991
0.66735
0.010428
0.255413
0.260713
0.069254
0.959827
0.478255
0.895815
0.322216
0.125234
0.474336
0.113957
0.486016
0.920297
0.520768
0.6165
0.156638
0.043736
0.110808
0.598532
0.095012
0.375993
0.550092
0.388653
0.163684
0.273791
0.928318
0.675982
0.496048
0.012715
0.992415
0.671455
0.316922
0.879269
0.258432
0.544017
0.636071
0.221063
0.978397
0.748192
0.557813
0.180595
0.053858
0.32006
0.753187
0.269331
0.539556
0.727947
0.107944
0.685298
0.091871
0.96513
0.488394
0.150676
0.342384
0.413416
0.758185
0.743424
0.611941
0.105931
0.151569
0.093757
0.577173
0.877138
0.433801
0.160848
0.558042
0.811752
0.741712
0.881451
0.277902
0.193954
0.879816
0.65756
0.310929
0.742348
0.815118
0.614978
0.687884
0.37526
0.538696
0.524159
0.848048
0.839964
0.83268
0.011032
0.749545
0.758676
0.678379
0.756265
0.84197
0.470319
0.50205
0.124714
0.385376
0.643365
0.7804
0.217209
0.137823
0.663042
0.00188
0.178373
0.029071
0.166885
0.181319
0.387674
0.402327
0.874262
0.51011
0.723405
0.104137
0.225439
0.702943
0.052804
0.486598
0.599369
0.602146
0.022933
0.322108
0.636491
0.149
0.695416
0.745925
0.981969
0.209842
0.825131
0.520297
0.373463
0.122377
0.735506
0.235858
0.371422
0.062542
0.801367
0.766589
0.733616
0.299444
0.17348
0.637553
0.496166
0.178252
0.685911
0.991126
0.74722
0.739986
0.950313
0.202936
0.56555
0.979647
0.165294
0.700252
0.58581
0.586479
0.697671
0.929617
0.782582
0.056136
0.852728
0.225541
0.376914
0.461733
0.480906
0.43518
0.937353
0.706019
0.631171
0.049842
0.903913
0.90939
0.780213
0.007029
0.05728
0.225224
0.131349
0.398836
0.922623
0.47206
0.013403
0.282746
0.044595
0.036288
0.27572
0.275612
0.787127
0.974835
0.371207
0.428887
0.844789
0.268139
0.156382
0.85309
0.046501
0.619699
0.561993
0.34592
0.31519
0.771858
0.086425
0.236784
0.732449
0.548321
0.127988
0.882136
0.393448
0.827868
0.787713
0.624425
0.494481
0.979551
0.144965
0.725156
0.191191
0.338263
0.308699
0.947036
0.967356
0.183015
0.022035
0.720008
0.41799
0.08884
0.683754
0.545106
0.980517
0.227409
0.403978
0.542546
0.7917
0.548839
0.6129
0.226147
0.846919
0.428631
0.14096
0.664188
0.21609
0.097563
0.861987
0.460162
0.749284
0.290588
0.78697
0.111936
0.355973
0.978062
0.79399
0.497256
0.339777
0.872136
0.544848
0.758425
0.754108
0.017946
0.126254
0.659629
0.16162
0.255493
0.946638
0.560182
0.75073
0.557981
0.552514
0.094152
0.343663
0.282431
0.390728
0.798344
0.371933
0.451697
0.397381
0.093408
0.441072
0.195609
0.186723
0.094036
0.356671
0.757482
0.276442
0.312349
0.642675
0.195841
0.896958
0.520191
0.447603
0.55782
0.166034
0.613473
0.363101
0.897186
0.168854
0.507051
0.598113
0.033384
0.363693
0.732635
0.820378
0.313162
0.798593
0.967756
0.856874
0.117644
0.73973
0.319667
0.988416
0.485359
0.122434
0.725186
0.323011
0.997078
0.979782
0.656134
0.129826
0.686861
0.09303
0.029364
0.822958
0.209753
0.379027
0.973457
0.336841
0.29649
0.918208
0.110748
0.759582
0.988066
0.901296
0.651668
0.314061
0.254322
0.819255
0.879822
0.525435
0.24434
0.112943
0.087179
0.719077
0.420119
0.90536
0.739671
0.19126
0.613777
0.435505
0.57725
0.738069
0.806196
0.843737
0.253975
0.031116
0.739295
0.106344
0.31492
0.003817
0.681669
0.167132
0.655282
0.991743
0.072671
0.077078
0.34038
0.866387
0.21553
0.360378
0.068505
0.763155
0.408306
0.759249
0.903608
0.232763
0.807396
0.059094
0.898847
0.650769
0.874227
0.000188
0.169081
0.389759
0.379503
0.22673
0.381612
0.128849
0.412761
0.802354
0.47907
0.018
0.421444
0.027175
0.966243
0.127454
0.707688
0.972776
0.826039
0.699315
0.839461
0.981799
0.621344
0.559185
0.628238
0.532676
0.635089
0.449842
0.218443
0.120247
0.068341
0.263316
0.046124
0.567171
0.283828
0.824535
0.074241
0.226351
0.730246
0.598808
0.064491
0.877239
0.877262
0.330408
0.340406
0.989028
0.626176
0.531317
0.838152
0.28529
0.429183
0.267777
0.789161
0.573349
0.658825
0.252307
0.220225
0.488375
0.737566
0.52524
0.032646
0.868552
0.064687
0.955824
0.025142
0.69445
0.082207
0.910677
0.464433
0.137524
0.340816
0.164825
0.170582
0.948108
0.445246
0.788802
0.639606
0.676426
0.131693
0.234184
0.78675
0.970766
0.262676
0.271569
0.472897
0.98384
0.268959
0.406972
0.89148
0.002921
0.039766
0.604072
0.90738
0.238857
0.469642
0.450465
0.472971
0.62252
0.469744
0.447468
0.474288
0.590867
0.537007
0.854136
0.049497
0.833317
0.843925
0.284908
0.462852
0.438538
0.21851
0.396797
0.044388
0.277822
0.816682
0.284562
0.818207
0.531599
0.879863
0.57478
0.029668
0.67542
0.044854
0.450597
0.929427
0.165204
0.389872
0.72986
0.882259
0.670943
0.258173
0.674608
0.296728
0.718429
0.954033
0.721393
0.862881
0.002104
0.717572
0.829588
0.040559
0.871598
0.256694
0.665292
0.800355
0.662665
0.092285
0.596322
0.549584
0.900321
0.40424
0.321081
0.749851
0.412675
0.646096
0.64645
0.888039
0.598692
0.502154
0.138871
0.115738
0.154322
0.171848
0.637877
0.740981
0.529992
0.829018
0.991263
0.820013
0.694882
0.532493
0.448853
0.084392
0.399369
0.910135
0.808023
0.216051
0.466608
0.816723
0.067385
0.387393
0.851841
0.403898
0.077615
0.542534
0.861742
0.590286
0.226279
0.38424
0.450123
0.579266
0.759351
0.098874
0.889652
0.01231
0.370052
0.02742
0.392974
0.525813
0.511681
0.165628
0.645741
0.044778
0.761907
0.946644
0.339769
0.517239
0.37891
0.00671
0.385875
0.79172
0.595989
0.10126
0.847139
0.531085
0.841723
0.580222
0.559688
0.105259
0.16736
0.972025
0.228487
0.977452
0.531913
0.135789
0.099302
0.208864
0.925637
0.41415
0.395434
0.313206
0.147062
0.487851
0.130048
0.83548
0.370397
0.374804
0.474006
0.444128
0.994858
0.545381
0.088202
0.606877
0.151584
0.030938
0.970742
0.773539
0.980109
0.477878
0.532258
0.168337
0.246907
0.838549
0.356186
0.826815
0.709014
0.177171
0.507446
0.677387
0.235037
0.830689
0.544828
0.165242
0.582984
0.999714
0.150521
0.816757
0.207309
0.782388
0.734578
0.300489
0.325823
0.792521
0.461446
0.730818
0.147984
0.852558
0.710885
0.906943
0.132372
0.593015
0.599121
0.353461
0.458466
0.037982
0.74586
0.549322
0.057741
0.680756
0.466782
0.034461
0.969608
0.949112
0.512902
0.093672
0.754621
0.491931
0.302447
0.491418
0.522444
0.562712
0.441224
0.605755
0.918735
0.362268
0.725716
0.894453
0.455979
0.443456
0.602117
0.591407
0.806589
0.476483
0.996123
0.059472
0.003168
0.640198
0.298435
0.240382
0.311899
0.256048
0.03079
0.971533
0.220745
0.73403
0.762596
0.929257
0.030549
0.872048
0.527226
0.632544
0.64447
0.819798
0.333407
0.733051
0.528578
0.793394
0.990546
0.200651
0.994649
0.089812
0.002318
0.044162
0.341782
0.632906
0.06903
0.005666
0.937091
0.821927
0.809183
0.884424
0.700034
0.104404
0.3991
0.723149
0.280334
0.687406
0.024498
0.306137
0.54913
0.63209
0.577041
0.697756
0.006089
0.100941
0.868944
0.681749
0.112932
0.842074
0.242231
0.47826
0.145197
0.71011
0.666854
0.211112
0.863401
0.401306
0.292515
0.15233
0.266168
0.022027
0.583257
0.842231
0.54898
0.219274
0.033669
0.214628
0.416121
0.759611
0.187843
0.719791
0.866933
0.453947
0.821432
0.554657
0.637091
0.526278
0.463173
0.234653
0.303194
0.28997
0.563289
0.119954
0.916792
0.720655
0.401446
0.158624
0.881992
0.823778
0.721722
0.271547
0.402447
0.102748
0.18904
0.783017
0.715039
0.593486
0.895727
0.583267
0.466968
0.340371
0.940449
0.082715
0.930887
0.826715
0.12993
0.564984
0.866548
0.571809
0.9072
0.942984
0.422385
0.377314
0.936321
0.67514
0.116023
0.042292
0.564629
0.930171
0.844249
0.675848
0.139116
0.254231
0.875511
0.182807
0.278439
0.129601
0.676108
0.943982
0.268968
0.475407
0.63434
0.999466
0.104808
0.498571
0.38512
0.86582
0.475968
0.110978
0.634424
0.770781
0.002881
0.858957
0.186023
0.552069
0.415798
0.719654
0.371162
0.869763
0.730496
0.647713
0.796241
0.754023
0.035939
0.394734
0.930807
0.125724
0.737097
0.974592
0.052199
0.682194
0.468154
0.579175
0.085341
0.043007
0.666867
0.823309
0.782015
0.543806
0.099867
0.688044
0.241889
0.911069
0.838265
0.709383
0.948846
0.031422
0.7362
0.330243
0.906066
0.266675
0.724856
0.877647
0.041657
0.397648
0.762309
0.454919
0.267253
0.219805
0.131518
0.85713
0.575355
0.076385
0.38258
0.367734
0.181739
0.435508
0.332099
0.341804
0.739027
0.223263
0.64186
0.57065
0.568093
0.663007
0.548382
0.879255
0.67558
0.546963
0.829763
0.606147
0.291144
0.207095
0.152328
0.899455
0.710135
0.937378
0.603292
0.473401
0.059716
0.671642
0.582209
0.990209
0.239159
0.530737
0.650957
0.644591
0.561294
0.776928
0.204981
0.725627
0.619735
0.896075
0.847194
0.315147
0.276237
0.981653
0.527265
0.906421
0.163881
0.642819
0.80986
0.947395
0.33734
0.724981
0.538813
0.060629
0.69
0.690097
0.930607
0.497312
0.230251
0.044564
0.415642
0.301917
0.761088
0.354268
0.949071
0.96231
0.620909
0.92866
0.760854
0.54686
0.180308
0.458598
0.560874
0.863962
0.481333
0.897675
0.674349
0.136999
0.994981
0.527233
0.391858
0.659114
0.108893
0.636539
0.498236
0.406674
0.95302
0.52254
0.219117
0.458963
0.919387
0.176095
0.213957
0.01303
0.01419
0.829392
0.732123
0.355041
0.698311
0.395206
0.952897
0.967053
0.392794
0.854222
0.773089
0.31
0.23204
0.458235
0.781349
0.960168
0.763579
0.855207
0.603064
0.835408
0.784421
0.376986
0.55199
0.804753
0.046057
0.808079
0.177888
0.514684
0.808275
0.253821
0.245807
0.402764
0.894643
0.000443
0.901383
0.153807
0.990086
0.954847
0.494675
0.51272
0.481549
0.635444
0.090722
0.032618
0.057703
0.444365
0.275548
0.62204
0.992442
0.386323
0.573841
0.415604
0.847272
0.902236
0.877356
0.974372
0.027519
0.839816
0.751772
0.228694
0.95632
0.148178
0.67955
0.22489
0.431381
0.71916
0.563325
0.427502
0.326338
0.83966
0.143814
0.430103
0.903758
0.84585
0.400942
0.763108
0.823161
0.888887
0.544506
0.204461
0.255309
0.295695
0.593802
0.03281
0.636042
0.364354
0.295242
0.879497
0.460002
0.095053
0.826747
0.047641
0.726749
0.773906
0.352603
0.824788
0.515659
0.463294
0.045403
0.290029
0.93101
0.391824
0.546701
0.532022
0.590431
0.061331
0.362176
0.723128
0.20056
0.203578
0.010091
0.437482
0.882734
0.051901
0.191119
0.310085
0.731725
0.640636
0.415944
0.759069
0.609631
0.896041
0.818027
0.252814
0.271439
0.125356
0.336965
0.999544
0.405751
0.220488
0.762483
0.542471
0.149601
0.38069
0.41447
0.75383
0.020671
0.26902
0.517596
0.268847
0.628434
0.481867
0.36171
0.949209
0.632159
0.129941
0.560092
0.780732
0.70849
0.172089
0.97242
0.448814
0.159025
0.180196
0.098235
0.803518
0.12203
0.125125
0.850472
0.344604
0.030858
0.051895
0.14217
0.213393
0.665146
0.157326
0.118874
0.764719
0.671055
0.435324
0.54931
0.311984
0.4825
0.506673
0.387237
0.906572
0.016062
0.782171
0.124383
0.797547
0.615912
0.843278
0.097514
0.558981
0.501088
0.706193
0.534291
0.540735
0.429596
0.308834
0.482264
0.118492
0.961513
0.714411
0.952467
0.226727
0.879341
0.80879
0.677152
0.625029
0.31655
0.816411
0.501515
0.070892
0.312863
0.935297
0.85068
0.981906
0.627993
0.24751
0.162815
0.186914
0.019796
0.390682
0.191428
0.411655
0.934994
0.43054
0.877984
0.605505
0.247132
0.355855
0.08392
0.333463
0.677541
0.072111
0.205401
0.381441
0.98205
0.784862
0.733487
0.116191
0.780996
0.785269
0.601103
0.990362
0.325254
0.941272
0.914731
0.011481
0.450117
0.977104
0.103121
0.547785
0.978958
0.555495
0.189815
0.582183
0.204441
0.519704
0.074042
0.605483
0.51679
0.740161
0.6307
0.549606
0.689779
0.143942
0.59536
0.172111
0.925522
0.068334
0.430375
0.695797
0.458022
0.092095
0.553379
0.641632
0.703792
0.37326
0.56366
0.450686
0.672056
0.583557
0.525756
0.249524
0.002019
0.174082
0.117066
0.449085
0.612258
0.213085
0.939057
0.006682
0.772301
0.625205
0.373555
0.050489
0.627487
0.385614
0.936267
0.54199
0.939652
0.220484
0.725726
0.617249
0.739408
0.214668
0.664995
0.49804
0.742825
0.327045
0.890057
0.084301
0.807189
0.86132
0.817252
0.512726
0.438385
0.996262
0.229172
0.546876
0.670676
0.700868
0.204025
0.653994
0.81837
0.050019
0.911521
0.029504
0.355971
0.015813
0.077145
0.911168
0.354861
0.424772
0.215344
0.597096
0.594803
0.3722
0.333035
0.884964
0.383284
0.493501
0.283305
0.78677
0.397448
0.513611
0.253357
0.98766
0.291496
0.770743
0.427496
0.206217
0.799719
0.333607
0.865193
0.915257
0.859824
0.035008
0.787373
0.411339
0.873723
0.637954
0.833643
0.499432
0.535026
0.144388
0.783987
0.41939
0.50008
0.785098
0.598845
0.201099
0.590233
0.407633
0.469526
0.028311
0.210029
0.281038
0.71296
0.011492
0.408777
0.924027
0.111881
0.516424
0.786522
0.942531
0.746777
0.720566
0.826488
0.446201
0.805845
0.007964
0.924561
0.443307
0.55338
0.254882
0.742531
0.076636
0.872636
0.828117
0.21606
0.809324
0.786358
0.632217
0.37352
0.271499
0.231784
0.318609
0.903558
0.077641
0.828871
0.34889
0.521599
0.794486
0.884377
0.344781
0.461843
0.414516
0.013251
0.295943
0.459189
0.411094
0.721929
0.384804
0.489376
0.429609
0.740626
0.862972
0.531889
0.789432
0.296787
0.54137
0.34523
0.414201
0.732414
0.881662
0.121495
0.634639
0.582144
0.118415
0.211894
0.311002
0.166931
0.243729
0.267601
0.335674
0.74939
0.571912
0.986247
0.414736
0.753865
0.871468
0.678978
0.411865
0.753595
0.203667
0.327552
0.546685
0.575409
0.022141
0.945114
0.696627
0.495704
0.933127
0.439096
0.980436
0.512285
0.114286
0.764801
0.678898
0.772987
0.951442
0.776489
0.611337
0.857309
0.673246
0.408119
0.88562
0.2219
0.714641
0.881563
0.731317
0.697275
0.752638
0.465055
0.874171
0.203436
0.127386
0.285509
0.531577
0.510562
0.820599
0.404569
0.484344
0.013368
0.409739
0.647774
0.015508
0.280882
0.207956
0.041985
0.47926
0.181723
0.743082
0.847928
0.545585
0.981707
0.450479
0.513368
0.989218
0.231548
0.942546
0.042838
0.446387
0.070004
0.729235
0.608409
0.706634
0.37448
0.369482
0.045319
0.349945
0.929288
0.379227
0.831368
0.842326
0.373241
0.631989
0.095372
0.103679
0.048658
0.581015
0.426071
0.548032
0.521073
0.350203
0.677473
0.758502
0.014628
0.207242
0.713236
0.38662
0.662484
0.346963
0.390755
0.158679
0.258231
0.605412
0.433163
0.774303
0.852585
0.541646
0.758267
0.306905
0.414971
0.712778
0.386212
0.588505
0.185373
0.599771
0.861514
0.86864
0.724344
0.745753
0.557927
0.584668
0.133651
0.443859
0.450776
0.958498
0.431087
0.549343
0.533251
0.636762
0.748233
0.225042
0.528724
0.825918
0.463115
0.278458
0.654709
0.823767
0.06314
0.77679
0.821648
0.461523
0.983306
0.786708
0.773663
0.747839
0.150608
0.217231
0.46399
0.264004
0.415241
0.888464
0.824327
0.63004
0.85812
0.783772
0.428985
0.201065
0.514201
0.736229
0.43642
0.666772
0.094327
0.748005
0.812714
0.706838
0.967264
0.826652
0.903094
0.933571
0.801348
0.674259
0.005719
0.465826
0.571162
0.30403
0.318104
0.961159
0.891711
0.849179
0.406012
0.013699
0.080222
0.312196
0.015743
0.01715
0.916603
0.706159
0.308956
0.132645
0.511636
0.005346
0.938414
0.414815
0.402335
0.390594
0.069328
0.638322
0.733004
0.676125
0.138435
0.57884
0.569484
0.868411
0.379128
0.371486
0.618527
0.633073
0.469285
0.443059
0.494148
0.861045
0.461167
0.939932
0.504004
0.949201
0.832832
0.362431
0.863641
0.110063
0.925047
0.631644
0.054391
0.644257
0.974248
0.069801
0.554688
0.747794
0.810259
0.413827
0.204167
0.042342
0.579726
0.452911
0.948744
0.060605
0.685395
0.024966
0.171434
0.453579
0.454872
0.685701
0.910213
0.639032
0.953535
0.881616
0.5845
0.833792
0.642578
0.078558
0.740565
0.094908
0.594083
0.70264
0.066528
0.230795
0.915672
0.616314
0.246286
0.69068
0.596776
0.501576
0.976187
0.683454
0.375441
0.800073
0.884583
0.125221
0.200553
0.216227
0.691212
0.60304
0.618992
0.940773
0.775912
0.127937
0.347507
0.435394
0.395962
0.669309
0.891893
0.306051
0.551877
0.789409
0.416218
0.168118
0.474951
0.055223
0.942383
0.074821
0.438457
0.529881
0.985304
0.166022
0.114432
0.008706
0.155571
0.207273
0.630581
0.219707
0.020521
0.826618
0.365596
0.353697
0.302479
0.975373
0.170115
0.898238
0.776803
0.07648
0.986729
0.271366
0.098583
0.829314
0.706676
0.617219
0.155981
0.478496
0.780556
0.303624
0.31169
0.003141
0.174243
0.875406
0.441746
0.984234
0.395708
0.715186
0.281919
0.36381
0.190726
0.347062
0.547238
0.991773
0.664202
0.199246
0.044961
0.126356
0.562555
0.76516
0.940419
0.015823
0.52276
0.470867
0.656055
0.559579
0.687039
0.658083
0.117012
0.799718
0.123233
0.698531
0.416145
0.513851
0.903298
0.889884
0.817856
0.510148
0.73624
0.512897
0.869606
0.402776
0.970235
0.932323
0.741603
0.279416
0.131654
0.854703
0.165302
0.854261
0.490765
0.406557
0.903191
0.603851
0.576614
0.558766
0.37117
0.785643
0.252798
0.938895
0.893985
0.33748
0.729464
0.573223
0.337649
0.988522
0.025237
0.252646
0.520074
0.521953
0.588933
0.751676
0.623478
0.600281
0.053514
0.37653
0.232056
0.26537
0.554337
0.199505
0.293949
0.237085
0.948503
0.944666
0.609942
0.924522
0.785813
0.589948
0.006435
0.772516
0.702488
0.615254
0.760424
0.512922
0.704083
0.935172
0.375805
0.708122
0.475688
0.6744
0.762893
0.045453
0.6466
0.226741
0.670033
0.46833
0.773553
0.123401
0.626322
0.278471
0.852982
0.928384
0.996398
0.796007
0.753734
0.215501
0.336007
0.465683
0.773381
0.914966
0.189139
0.922367
0.695625
0.610771
0.199841
0.055525
0.568465
0.651516
0.210781
0.556456
0.856493
0.835066
0.927355
0.365886
0.31805
0.749426
0.431112
0.087549
0.282801
0.418582
0.292516
0.332206
0.293776
0.041499
0.637095
0.597292
0.653383
0.19231
0.295655
0.619616
0.599628
0.50633
0.350413
0.912931
0.33977
0.455619
0.678114
0.543021
0.346886
0.435645
0.794481
0.278129
0.142255
0.313163
0.849534
0.08899
0.991696
0.541003
0.984846
0.938996
0.452814
0.198491
0.164885
0.239989
0.710133
0.27295
0.341425
0.448779
0.913233
0.189393
0.005027
0.060096
0.904766
0.647516
0.273041
0.177193
0.294267
0.114797
0.941533
0.784206
0.462391
0.864963
0.249458
0.717121
0.856132
0.356769
0.757464
0.295072
0.298857
0.107057
0.440058
0.729712
0.940221
0.603797
0.863136
0.822495
0.173343
0.485817
0.116924
0.682153
0.9499
0.137089
0.733883
0.632238
0.583605
0.39012
0.355132
0.045249
0.217909
0.015177
0.581417
0.105853
0.873019
0.523143
0.69969
0.410857
0.56058
0.942659
0.082734
0.253938
0.779988
0.098737
0.075661
0.361541
0.092168
0.585078
0.226275
0.895698
0.7835
0.699705
0.616944
0.863466
0.223062
0.873109
0.789492
0.748161
0.561256
0.246244
0.423548
0.793571
0.031778
0.782051
0.240071
0.144309
0.115701
0.02725
0.523586
0.21826
0.989432
0.574437
0.137885
0.688763
0.897744
0.745179
0.07644
0.895884
0.793929
0.158304
0.051786
0.557311
0.156036
0.834591
0.358335
0.912892
0.565688
0.182672
0.139599
0.576472
0.761884
0.781506
0.275757
0.204247
0.016756
0.679199
0.076568
0.420761
0.601682
0.937109
0.311802
0.249772
0.65416
0.619239
0.33211
0.928102
0.844862
0.223983
0.239143
0.5123
0.773572
0.04404
0.693335
0.648236
0.23148
0.681353
0.940183
0.046786
0.319652
0.438177
0.89926
0.962261
0.444115
0.750028
0.531661
0.537783
0.2781
0.216956
0.288005
0.556328
0.029155
0.907249
0.156284
0.220089
0.518276
0.710115
0.095729
0.317695
0.968675
0.262343
0.31305
0.836498
0.050214
0.464613
0.379617
0.316587
0.2857
0.091374
0.314826
0.043052
0.780964
0.398228
0.443904
0.893595
0.658055
0.008059
0.943175
0.237144
0.107614
0.768128
0.500477
0.433771
0.249503
0.547471
0.274385
0.901583
0.215204
0.884355
0.559405
0.828488
0.712846
0.696695
0.324346
0.233897
0.210886
0.857192
0.820427
0.440574
0.132405
0.382252
0.619343
0.454403
0.780189
0.997623
0.191132
0.459651
0.430984
0.304493
0.198096
0.065692
0.887119
0.419849
0.496896
0.916942
0.77629
0.130501
0.56542
0.442252
0.797211
0.724233
0.690406
0.340545
0.804964
0.052391
0.159625
0.335623
0.076807
0.234994
0.830151
0.948252
0.304602
0.264516
0.279893
0.277719
0.03593
0.926916
0.213698
0.420004
0.009687
0.857955
0.731157
0.946756
0.781615
0.313707
0.247873
0.697716
0.364113
0.566215
0.006257
0.061886
0.535368
0.566072
0.751453
0.131965
0.513183
0.194448
0.093196
0.410496
0.163337
0.221782
0.317555
0.259388
0.087591
0.089916
0.193249
0.050559
0.626457
0.287327
0.279746
0.331998
0.662796
0.870634
0.759087
0.727529
0.484391
0.693806
0.552762
0.216251
0.208588
0.296392
0.910803
0.547415
0.733905
0.346559
0.407716
0.125566
0.171295
0.827357
0.584839
0.337532
0.802851
0.24652
0.976033
0.344818
0.337311
0.311912
0.122112
0.111137
0.648105
0.875118
0.790521
0.141108
0.545582
0.105592
0.045295
0.656386
0.535152
0.082024
0.034939
0.989756
0.030021
0.444528
0.504619
0.11728
0.169062
0.351805
0.761676
0.507082
0.637902
0.985175
0.768005
0.434361
0.446442
0.618772
0.665365
0.500711
0.644861
0.023532
0.429623
0.278938
0.129174
0.099547
0.603192
0.523601
0.253584
0.47095
0.492232
0.195009
0.652093
0.780919
0.791464
0.60247
0.511639
0.061007
0.287831
0.093271
0.963823
0.13508
0.151775
0.889577
0.943928
0.765829
0.005405
0.001346
0.378101
0.143395
0.018386
0.464067
0.943062
0.32382
0.661141
0.652235
0.25108
0.650425
0.212334
0.122007
0.701383
0.113441
0.996909
0.183452
0.594142
0.411375
0.126386
0.027844
0.622732
0.806758
0.842016
0.482713
0.777455
0.672847
0.724255
0.492599
0.633412
0.805526
0.397884
0.805979
0.592017
0.165901
0.024684
0.362754
0.546696
0.83982
0.127486
0.800206
0.863009
0.150687
0.851594
0.991454
0.726839
0.78477
0.994415
0.605481
0.307886
0.837531
0.614486
0.581195
0.253636
0.756334
0.081667
0.924287
0.325823
0.127775
0.442367
0.04247
0.684626
0.902706
0.837263
0.127369
0.126271
0.813434
0.924254
0.46067
0.498971
0.318262
0.894265
0.644903
0.288252
0.298783
0.8912
0.013634
0.322727
0.554357
0.148217
0.092099
0.815276
0.894404
0.823606
0.898788
0.553112
0.812258
0.384043
0.666268
0.988836
0.225728
0.3899
0.480047
0.138015
0.081039
0.829723
0.976794
0.404725
0.08765
0.065812
0.891318
0.463814
0.320027
0.476461
0.318304
0.489036
0.859556
0.592301
0.694654
0.364671
0.738506
0.666617
0.119562
0.572643
0.256743
0.804096
0.425938
0.994684
0.0925
0.780348
0.673702
0.767499
0.30753
0.492054
0.796509
0.232541
0.226033
0.551051
0.523564
0.282262
0.298076
0.277845
0.771512
0.651901
0.832417
0.975473
0.474164
0.066694
0.048092
0.295665
0.932545
0.523213
0.271787
0.399167
0.598595
0.65295
0.15392
0.977032
0.544772
0.135688
0.893635
0.074638
0.907735
0.996566
0.700432
0.770447
0.337303
0.941577
0.529714
0.732388
0.924108
0.97518
0.833204
0.303018
0.966548
0.62812
0.930642
0.676105
0.307239
0.370025
0.550472
0.790015
0.317983
0.579731
0.345625
0.815769
0.466728
0.076723
0.166053
0.061105
0.499303
0.106337
0.11414
0.941048
0.872655
0.452087
0.985805
0.000187
0.613979
0.616428
0.457443
0.396948
0.455383
0.41496
0.730492
0.135355
0.197639
0.180518
0.262471
0.525258
0.111209
0.868169
0.297362
0.162538
0.675621
0.038086
0.619969
0.698198
0.214917
0.041964
0.363645
0.098594
0.116478
0.254261
0.295468
0.52997
0.678392
0.592771
0.14836
0.172086
0.878769
0.558352
0.869938
0.371547
0.6144
0.523663
0.319123
0.469915
0.502491
0.200771
0.31501
0.79141
0.915788
0.359794
0.306972
0.195197
0.678491
0.3231
0.98775
0.325685
0.394136
0.603334
0.801684
0.469519
0.422656
0.995638
0.010494
0.895065
0.149141
0.785925
0.617932
0.341847
0.873875
0.012907
0.226691
0.566893
0.351542
0.610377
0.02411
0.116459
0.127096
0.189284
0.459331
0.752129
0.905539
0.835373
0.196888
0.441151
0.199412
0.264472
0.503547
0.068109
0.218174
0.935378
0.466116
0.445387
0.014567
0.2474
0.866292
0.164628
0.415125
0.014331