128 4
0
49
59
99
124
1
30
33
46
105
2
51
66
71
93
3
6
18
75
121
4
14
89
91
125
5
47
77
122
124
2
6
13
49
92
5
7
48
53
123
8
19
22
77
91
9
59
76
90
98
1
10
44
55
60
11
39
44
104
111
12
23
28
66
108
13
65
67
83
113
14
48
52
53
78
0
15
31
41
60
16
34
50
62
101
17
44
70
76
112
13
18
64
92
121
2
19
23
64
109
9
12
20
47
99
9
13
21
72
99
22
39
54
62
98
23
41
65
70
98
24
46
72
78
80
17
25
51
102
125
17
22
23
26
78
11
20
22
27
125
28
63
71
89
93
1
29
30
33
68
30
67
69
96
117
18
31
86
108
127
32
71
102
106
108
5
12
33
64
70
26
34
78
111
125
35
51
97
125
127
36
86
120
121
127
37
47
78
87
112
38
43
67
98
100
9
16
37
39
94
40
53
90
105
113
5
14
41
51
119
42
56
67
111
117
6
43
50
55
103
44
57
63
112
116
25
45
57
108
110
30
46
65
91
105
12
17
47
93
118
12
48
74
114
124
23
28
49
56
125
4
34
50
53
55
18
51
54
68
76
37
43
52
61
77
21
39
53
72
112
4
25
54
108
124
48
53
55
85
92
2
13
37
56
91
13
46
57
74
106
37
58
63
72
110
43
59
64
69
124
14
15
24
60
115
2
61
66
80
97
36
54
62
80
124
37
62
63
112
115
0
64
70
89
110
18
51
65
102
117
13
29
54
66
106
12
26
67
83
89
8
40
47
68
88
5
9
11
69
113
33
40
51
70
122
1
5
14
71
82
15
16
27
72
84
9
71
72
73
113
18
23
27
74
96
41
55
66
67
75
11
17
22
76
83
5
41
52
77
97
8
29
65
78
90
33
39
41
79
87
16
28
80
99
112
48
49
75
81
94
45
60
72
82
125
4
16
65
83
103
53
84
102
122
124
15
80
85
111
117
6
7
86
90
115
71
86
87
95
106
37
53
81
88
110
14
75
89
91
118
49
55
90
94
101
7
8
91
109
115
18
50
71
92
97
30
56
67
93
101
2
42
82
94
98
9
11
28
45
95
29
81
93
96
123
31
46
72
87
97
2
25
62
87
98
22
49
73
74
99
12
35
100
123
125
28
37
101
116
122
76
83
89
102
120
4
19
77
103
108
7
12
13
47
104
23
64
78
105
114
33
50
85
106
113
2
103
107
118
127
57
77
89
104
108
54
71
109
112
124
41
79
110
118
119
9
20
24
56
111
37
55
60
85
112
45
46
53
111
113
3
65
67
93
114
42
61
92
99
115
84
116
123
124
127
3
64
84
111
117
61
89
114
118
119
1
8
56
118
119
17
44
47
111
120
40
41
74
120
121
57
88
89
122
124
34
37
41
99
123
40
66
98
122
124
49
71
85
103
125
18
44
70
78
126
16
64
103
105
127
0.41667
0.743865
0.856374
0.310016
0.39275
0.356556
0.832856
0.044347
0.308421
0.679409
0.565443
0.436289
0.539948
0.197585
0.430717
0.501703
0.901189
0.260835
0.867829
0.644241
0.020341
0.724631
0.035552
0.997381
0.872637
0.297344
0.257411
0.381441
0.356167
0.372338
0.318277
0.621133
0.164264
0.845981
0.812402
0.476483
0.85273
0.247145
0.017565
0.619208
0.457909
0.567165
0.899339
0.969926
0.634453
0.764056
0.083808
0.160716
0.733205
0.431365
0.445965
0.308608
0.607356
0.185165
0.626916
0.173799
0.063826
0.330358
0.23114
0.888992
0.054953
0.176614
0.54872
0.481067
0.045852
0.007252
0.988068
0.658835
0.365406
0.470432
0.26655
0.344874
0.649044
0.882812
0.18413
0.840362
0.121557
0.214992
0.037175
0.140812
0.917303
0.459439
0.077666
0.959727
0.878992
0.754683
0.933473
0.220129
0.836369
0.689991
0.869759
0.796912
0.346495
0.774399
0.262456
0.328592
0.107906
0.935077
0.291003
0.520622
0.391333
0.959928
0.335049
0.778546
0.855416
0.435606
0.378172
0.747746
0.912896
0.754932
0.227126
0.888308
0.387582
0.576229
0.831436
0.188395
0.78451
0.596163
0.893342
0.17197
0.420682
0.832843
0.019232
0.112201
0.990565
0.280394
0.975543
0.182532
0.361094
0.752869
0.657778
0.581122
0.529899
0.84344
0.234949
0.442471
0.155452
0.595942
0.250544
0.333842
0.471251
0.026771
0.091938
0.685929
0.42897
0.86479
0.694672
0.008101
0.616712
0.093725
0.780933
0.991508
0.531199
0.68278
0.237314
0.437598
0.856095
0.167423
0.265536
0.445434
0.712249
0.375884
0.927732
0.094457
0.370804
0.708954
0.225987
0.656413
0.164217
0.05598
0.121016
0.929985
0.551751
0.796346
0.332655
0.592659
0.494952
0.945738
0.747575
0.730543
0.046353
0.54967
0.466991
0.927842
0.257342
0.269833
0.411346
0.24337
0.129184
0.857415
0.558277
0.861363
0.831135
0.282042
0.547737
0.083218
0.915252
0.404263
0.393676
0.302755
0.460664
0.251759
0.374852
0.799947
0.834256
0.304182
0.469014
0.87382
0.052673
0.889145
0.219184
0.678539
0.582552
0.552941
0.85936
0.101572
0.347028
0.538253
0.811289
0.216443
0.80293
0.399638
0.188914
0.758986
0.090899
0.514767
0.063876
0.356418
0.601077
0.556116
0.404655
0.429048
0.22677
0.455883
0.953255
0.850453
0.145233
0.029781
0.933524
0.52675
0.537838
0.780718
0.314689
0.481908
0.968663
0.672149
0.153745
0.133227
0.204265
0.766712
0.295377
0.021389
0.944174
0.169713
0.009558
0.237132
0.235029
0.422005
0.92039
0.879185
0.456895
0.4109
0.555009
0.243454
0.052185
0.939224
0.186699
0.198401
0.47246
0.491613
0.018434
0.147955
0.378155
0.683731
0.228418
0.423014
0.557345
0.888592
0.326071
0.133558
0.489272
0.746722
0.10986
0.424683
0.017785
0.033559
0.482953
0.298197
0.845107
0.602154
0.453933
0.407935
0.497245
0.040439
0.892793
0.998303
0.181487
0.120383
0.143577
0.661027
0.661441
0.847924
0.751826
0.44969
0.612855
0.688285
0.512736
0.475651
0.645097
0.557475
0.643942
0.612855
0.719197
0.642804
0.519742
0.681797
0.449482
0.241671
0.001418
0.559964
0.590655
0.972049
0.361478
0.394133
0.2018
0.070534
0.772804
0.249681
0.608905
0.687773
0.471237
0.876352
0.443795
0.284909
0.896016
0.861564
0.16404
0.025961
0.089986
0.286547
0.97226
0.558516
0.373262
0.888716
0.453136
0.315239
0.94122
0.849518
0.843668
0.512285
0.789438
0.179353
0.573223
0.983846
0.290958
0.794352
0.490478
0.039806
0.763019
0.168569
0.631474
0.085664
0.946867
0.291724
0.226465
0.129136
0.946002
0.711904
0.741661
0.499405
0.474728
0.110021
0.559841
0.246916
0.977145
0.796581
0.412992
0.151341
0.785332
0.122054
0.189334
0.211521
0.556891
0.787057
0.314315
0.08467
0.464538
0.74811
0.221664
0.219925
0.947227
0.954154
0.990466
0.80766
0.188184
0.211982
0.340225
0.318133
0.956528
0.789074
0.724009
0.185963
0.909526
0.82787
0.163642
0.87117
0.272248
0.08087
0.656822
0.653805
0.094932
0.318852
0.992814
0.678427
0.730075
0.212917
0.078782
0.276902
0.248898
0.234544
0.192754
0.574756
0.328103
0.820345
0.183947
0.464627
0.013658
0.481682
0.055838
0.977724
0.790592
0.490111
0.086587
0.592445
0.758764
0.190717
0.568208
0.814211
0.768248
0.802992
0.879323
0.937682
0.405521
0.568769
0.79066
0.69714
0.99552
0.013678
0.355133
0.281028
0.262316
0.22253
0.709124
0.084759
0.741609
0.693426
0.250804
0.252834
0.628861
0.762171
0.876486
0.85214
0.964883
0.581385
0.908656
0.808513
0.894668
0.011627
0.965903
0.47353
0.798183
0.127204
0.395941
0.271461
0.291659
0.123256
0.805764
0.009242
0.312505
0.174411
0.589039
0.254252
0.258998
0.488338
0.652689
0.121305
0.175511
0.247175
0.973748
0.397152
0.59899
0.241543
0.49046
0.074119
0.034742
0.468734
0.398659
0.13688
0.687601
0.992903
0.395647
0.624559
0.962976
0.831535
0.463552
0.737489
0.128135
0.512104
0.27906
0.161164
0.426281
0.131015
0.698985
0.45624
0.531145
0.146376
0.139772
0.583415
0.98501
0.096251
0.285731
0.869459
0.072272
0.875886
0.524286
0.408267
0.309681
0.297117
0.305803
0.884803
0.723795
0.669723
0.798749
0.257115
0.618043
0.460066
0.782442
0.309256
0.643179
0.882212
0.40215
0.066622
0.516051
0.345972
0.672225
0.951033
0.485608
0.46619
0.654585
0.103498
0.253506
0.918979
0.669943
0.013444
0.204625
0.682837
0.764399
0.83986
0.292177
0.931029
0.552947
0.696539
0.596739
0.12274
0.963115
0.122876
0.254882
0.813628
0.618597
0.838149
0.515736
0.376993
0.921845
0.036252
0.85613
0.230818
0.848736
0.139197
0.580219
0.888108
0.47354
0.746567
0.804672
0.736494
0.92533
0.446834
0.173125
0.047811
0.24646
0.143198
0.557949
0.184945
0.038934
0.03599
0.831569
0.59145
0.358085
0.894228
0.070197
0.980322
0.616292
0.183464
0.679069
0.763381
0.429343
0.861633
0.150732
0.278838
0.093492
0.210878
0.238729
0.917633
0.07811
0.427415
0.532399
0.898693
0.997696
0.753388
0.970791
0.787101
0.963203
0.707271
0.079763
0.40192
0.646597
0.350719
0.273384
0.577399
0.933502
0.034982
0.769231
0.722727
0.963953
0.930711
0.762233
0.520409
0.204268
0.545236
0.765352
0.895669
0.789712
0.195267
0.599686
0.332173
0.009206
0.200221
0.113221
0.842719
0.258506
0.284698
0.959937
0.379087
0.009586
0.283846
0.1193
0.102809
0.077487
0.593259
0.189348
0.361243
0.862018
0.424338
0.915691
0.497938
0.398837
0.750389
0.073175
0.089478
0.651974
0.486941
0.790415
0.916271
0.388367
0.59641
0.500697
0.981611
0.831084
0.911738
0.25434
0.772526
0.265473
0.208743
0.944266
0.019304
0.965389
0.149262
0.819438
0.275923
0.350702
0.216758
0.585514
0.348096
0.657393
0.015647
0.064375
0.099661
0.418994
0.814796
0.888178
0.244811
0.57437
0.768365
0.288829
0.409008
0.523974
0.134875
0.025982
0.152806
0.626854
0.073618
0.189696
0.337854
0.07787
0.191699
0.91127
0.019299
0.653432
0.384409
0.672649
0.588692
0.223499
0.847209
0.49194
0.822536
0.406013
0.984686
0.770489
0.96595
0.514326
0.473691
0.755454
0.880291
0.964146
0.324552
0.798705
0.210646
0.545574
0.179848
0.347397
0.931358
0.146091
0.632401
0.592954
0.120738
0.325979
0.562982
0.187179
0.800624
0.972157
0.214759
0.186912
0.454935
0.747765
0.281601
0.01988
0.541221
0.956601
0.391277
0.420135
0.968902
0.694608
0.719172
0.562702
0.974609
0.688866
0.895033
0.699379
0.735116
0.290411
0.303479
0.782985
0.296706
0.56277
0.249352
0.816983
0.110501
0.829447
0.60273
0.18691
0.542035
0.282499
0.323467
0.351528
0.063319
0.985962
0.031535
0.662497
0.371228
0.64601
0.356248
0.673751
0.729236
0.690553
0.113962
0.656893
0.279988
0.028801
0.414831
0.433543
0.467174
0.704824
0.308844
0.315281
0.060552
0.686821
0.567826
0.349425
0.705189
0.537358
0.469245
0.511325
0.636348
0.660003
0.288958
0.140743
0.156634
0.639391
0.872873
0.409496
0.16952
0.756602
0.832489
0.880582
0.606831
0.860729
0.015415
0.107236
0.092576
0.712605
0.069582
0.496364
0.472707
0.310704
0.870405
0.170433
0.352463
0.774172
0.030422
0.67295
0.816398
0.932268
0.876297
0.319384
0.586364
0.077293
0.25787
0.094222
0.315187
0.875187
0.347167
0.561898
0.433381
0.458917
0.969572
0.296154
0.627324
0.420063
0.061146
0.489331
0.813343
0.098753
0.069592
0.153632
0.7644
0.723995
0.565018
0.468226
0.888326
0.766698
0.811942
0.813262
0.642717
0.458015
0.864678
0.926007
0.023806
0.051555
0.958743
0.277161
0.873369
0.388795
0.1191
0.080443
0.156508
0.249893
0.488518
0.701498
0.986399
0.441507
0.518185
0.521816
0.539434
0.517741
0.008775
0.001725
0.097666
0.101557
0.704897
0.204916
0.894714
0.928606
0.975893
0.939081
0.271888
0.509777
0.175455
0.80621
0.888432
0.851289
0.433367
0.758674
0.097579
0.040245
0.753236
0.425355
0.995549
0.097254
0.855628
0.479983
0.82715
0.817127
0.915992
0.29785
0.949799
0.151667
0.081969
0.431616
0.828323
0.473421
0.829287
0.729687
0.209428
0.948882
0.060781
0.89828
0.304443
0.500148
0.422352
0.171835
0.358147
0.192934
0.203886
0.187057
0.489017
0.797931
0.56897
0.893207
0.636544
0.68934
0.667607
0.449459
0.689339
0.069708
0.859851
0.777812
0.24523
0.768032
0.012643
0.217247
0.065137
0.780227
0.755874
0.813636
0.004482
0.501233
0.704836
0.155401
0.649791
0.08411
0.181326
0.475797
0.653565
0.145869
0.185223
0.204446
0.238701
0.226554
0.395149
0.65379
0.438032
0.775974
0.719269
0.126527
0.048842
0.877942
0.079831
0.148339
0.022133
0.628336
0.582371
0.986904
0.886932
0.410843
0.371586
0.296852
0.152407
0.138084
0.132284
0.114115
0.240512
0.306669
0.961579
0.578473
0.987596
0.372467
0.457627
0.324579
0.182888
0.143165
0.945079
0.986811
0.044909
0.150346
0.423524
0.186333
0.36388
0.129096
0.456512
0.271695
0.351905
0.094313
0.428128
0.983258
0.328833
0.876429
0.843199
0.952058
0.79011
0.659597
0.856584
0.075645
0.462831
0.989256
0.7696
0.962075
0.779634
0.874882
0.70653
0.760502
0.523178
0.924238
0.825039
0.843885
0.673009
0.30458
0.03563
0.935655
0.58612
0.298143
0.149135
0.829523
0.83652
0.814508
0.645083
0.366015
0.30407
0.008555
0.833608
0.087433
0.630755
0.504075
0.526689
0.926713
0.031615
0.773392
0.052052
0.038154
0.429818
0.063075
0.789144
0.529563
0.029039
0.040501
0.612669
0.806112
0.4378
0.554581
0.799829
0.610506
0.22476
0.613052
0.628279
0.734107
0.620874
0.969242
0.197288
0.951091
0.538339
0.671956
0.099462
0.380576
0.769379
0.706911
0.040139
0.546594
0.088278
0.995856
0.897297
0.021081
0.85865
0.91943
0.353548
0.719502
0.442104
0.655232
0.340317
0.322559
0.424434
0.145568
0.831139
0.348698
0.40015
0.894055
0.496624
0.544254
0.956498
0.886726
0.169467
0.473215
0.971296
0.372366
0.371573
0.19503
0.114323
0.740305
0.77003
0.969013
0.773418
0.243352
0.040117
0.985437
0.340451
0.311972
0.905955
0.5851
0.214871
0.889096
0.993361
0.086679
0.862252
0.390516
0.524072
0.914816
0.973379
0.262164
0.212851
0.080517
0.561798
0.013604
0.411898
0.073384
0.405226
0.039932
0.835217
0.209739
0.328309
0.870048
0.746266
0.219038
0.071899
0.715674
0.390703
0.76608
0.445295
0.346002
0.451205
0.748559
0.90222
0.049767
0.524112
0.032835
0.46841
0.885283
0.36159
0.93245
0.630608
0.934155
0.757167
0.103435
0.231151
0.39417
0.170107
0.494912
0.471368
0.956259
0.433728
0.785627
0.941911
0.876989
0.208668
0.49603
0.34774
0.399859
0.360807
0.826359
0.452139
0.523694
0.982447
0.059979
0.487958
0.774062
0.151162
0.611532
0.239465
0.867404
0.3271
0.329063
0.598194
0.183563
0.284889
0.416632
0.353638
0.524877
0.59964
0.566667
0.654168
0.30775
0.126426
0.760808
0.85078
0.257006
0.407092
0.498569
0.533327
0.65949
0.041603
0.721477
0.061971
0.468289
0.827671
0.451215
0.14909
0.985034
0.889285
0.771314
0.411512
0.183846
0.941411
0.532351
0.852355
0.342095
0.335288
0.98554
0.521833
0.140695
0.219675
0.481944
0.042471
0.462534
0.418941
0.779336
0.354942
0.982549
0.18077
0.590987
0.089699
0.733864
0.994754
0.819139
0.555704
0.484741
0.83503
0.935974
0.989207
0.396539
0.990917
0.155926
0.25355
0.089016
0.271739
0.767938
0.852924
0.778893
0.631066
0.513967
0.708704
0.390834
0.841308
0.67719
0.697805
0.535936
0.885229
0.252015
0.381148
0.777643
0.492749
0.889214
0.346399
0.36933
0.888736
0.46437
0.516125
0.332764
0.27667
0.655949
0.119841
0.879273
0.779203
0.190748
0.69402
0.602633
0.184535
0.273204
0.408987
0.699243
0.638723
0.532235
0.768411
0.757938
0.617859
0.78699
0.334263
0.88125
0.61491
0.822364
0.546279
0.218438
0.54241
0.371112
0.697499
0.475794
0.836113
0.678073
0.684544
0.217155
0.98425
0.841675
0.789005
0.330215
0.535632
0.137103
0.538476
0.145889
0.553038
0.648722
0.390196
0.498545
0.875653
0.108563
0.791733
0.170755
0.036708
0.185575
0.765043
0.405126
0.872521
0.524708
0.02225
0.716714
0.110233
0.78938
0.168103
0.345446
0.761271
0.954231
0.371434
0.8294
0.190792
0.80718
0.657494
0.192744
0.302504
0.131771
0.382967
0.203649
0.643998
0.994505
0.012009
0.54092
0.573667
0.914209
0.506005
0.543701
0.471653
0.268904
0.056029
0.408658
0.052591
0.550492
0.307294
0.533602
0.134297
0.93263
0.894521
0.189997
0.343444
0.613493
0.095686
0.354568
0.251112
0.915517
0.852511
0.579833
0.520346
0.930726
0.932428
0.96933
0.125379
0.160558
0.676737
0.541434
0.018466
0.061975
0.88808
0.868871
0.357271
0.891051
0.593675
0.805906
0.427431
0.113398
0.433727
0.4573
0.550944
0.105583
0.991402
0.244137
0.198552
0.526803
0.537208
0.439821
0.771892
0.516654
0.609695
0.723746
0.025025
0.570644
0.884194
0.017389
0.405182
0.926227
0.353154
0.458729
0.981541
0.199324
0.065255
0.859423
0.868465
0.472078
0.514207
0.835806
0.738559
0.265149
0.016893
0.4797
0.858912
0.895835
0.956226
0.879563
0.580044
0.444606
0.77485
0.739822
0.538143
0.087327
0.926081
0.455603
0.363334
0.629567
0.673838
0.210688
0.836939
0.289937
0.186684
0.4064
0.73056
0.965458
0.809281
0.940348
0.140606
0.071177
0.557705
0.290297
0.828055
0.671988
0.970728
0.254792
0.485784
0.50124
0.239177
0.590093
0.443286
0.446722
0.362737
0.016929
0.522095
0.335248
0.00132
0.307944
0.278628
0.393448
0.131852
0.507684
0.69244
0.630186
0.803755
0.452008
0.519092
0.810402
0.427701
0.701599
0.434602
0.417736
0.760206
0.174837
0.338586
0.224172
0.35911
0.230375
0.579406
0.798171
0.786613
0.364501
0.98876
0.593854
0.3994
0.835539
0.729874
0.749275
0.196139
0.468324
0.861828
0.504038
0.683453
0.587934
0.842357
0.284561
0.575475
0.123235
0.690211
0.731968
0.042837
0.675791
0.41469
0.124097
0.419908
0.194233
0.41556
0.384339
0.738392
0.774216
0.607029
0.022687
0.931022
0.686233
0.034195
0.818833
0.200266
0.579221
0.466634
0.419839
0.889714
0.437361
0.075344
0.946639
0.920535
0.684433
0.467893
0.092859
0.790748
0.075478
0.068601
0.537384
0.160128
0.00773
0.423113
0.137217
0.160515
0.076911
0.205094
0.715484
0.808927
0.452534
0.506554
0.032655
0.069316
0.257568
0.543898
0.739551
0.605003
0.392128
0.118324
0.780773
0.363786
0.736054
0.512979
0.738662
0.90729
0.92103
0.535107
0.511508
0.265678
0.9358
0.457919
0.127591
0.432705
0.127053
0.502532
0.561276
0.337756
0.071651
0.943504
0.773353
0.838881
0.366868
0.760831
0.485373
0.201083
0.124423
0.345051
0.137552
0.998269
0.049189
0.441144
0.452094
0.300632
0.571352
0.149977
0.783912
0.332448
0.591343
0.715639
0.889042
0.835787
0.608309
0.388393
0.503205
0.768735
0.877546
0.103782
0.384856
0.776117
0.431652
0.332228
0.411323
0.602845
0.999805
0.492992
0.208494
0.162847
0.04235
0.558817
0.544572
0.205234
0.695329
0.741107
0.259098
0.3441
0.990472
0.374264
0.760802
0.452725
0.793345
0.769023
0.667756
0.854778
0.939218
0.579983
0.237469
0.398629
0.758306
0.650883
0.177798
0.05124
0.682962
0.251079
0.49967
0.746747
0.562667
0.083303
0.18558
0.219328
0.257864
0.565403
0.503966
0.20316
0.067555
0.171432
0.984381
0.468547
0.867346
0.848752
0.51152
0.706688
0.192752
0.688397
0.272385
0.832062
0.083724
0.773139
0.099937
0.881189
0.304205
0.654393
0.487502
0.366303
0.645442
0.947523
0.04127
0.918853
0.609082
0.807314
0.383875
0.471843
0.868851
0.414848
0.53466
0.020195
0.158598
0.641687
0.716977
0.582601
0.14331
0.445405
0.355095
0.495661
0.870329
0.775861
0.08399
0.890309
0.471767
0.743862
0.140039
0.67072
0.236326
0.438381
0.016863
0.151611
0.09208
0.239744
0.100018
0.69191
0.02904
0.617741
0.140708
0.945161
0.933094
0.225503
0.614421
0.028005
0.931789
0.522987
0.043223
0.3425
0.076849
0.392944
0.669926
0.46989
0.383722
0.119157
0.244939
0.100143
0.807499
0.13524
0.595373
0.34274
0.225978
0.639468
0.457002
0.400145
0.592852
0.491268
0.303484
0.559061
0.669499
0.026693
0.465872
0.057683
0.186405
0.560509
0.866189
0.882806
0.069944
0.419105
0.583006
0.14707
0.765432
0.744235
0.903341
0.008486
0.216684
0.827187
0.67058
0.89439
0.05718
0.596964
0.569047
0.035674
0.513522
0.60952
0.191293
0.27333
0.640347
0.468301
0.858014
0.342382
0.26666
0.984866
0.911136
0.028993
0.770729
0.110335
0.027485
0.273696
0.269346
0.819319
0.710667
0.981609
0.711513
0.418256
0.698928
0.999459
0.710142
0.761681
0.938365
0.113651
0.704784
0.850806
0.954379
0.210969
0.503929
0.680555
0.247468
0.600473
0.257579
0.333457
0.441519
0.52919
0.449366
0.493196
0.298589
0.158965
0.04735
0.195979
0.581944
0.786115
0.169248
0.108555
0.74929
0.305158
0.951499
0.714318
0.326756
0.289543
0.523698
0.079145
0.117677
0.175858
0.774724
0.513857
0.010567
0.673517
0.42369
0.510852
0.214116
0.551782
0.979153
0.073445
0.283917
0.242998
0.248549
0.378706
0.81811
0.912859
0.202215
0.54295
0.636899
0.521827
0.434076
0.191976
0.488219
0.401215
0.795563
0.763604
0.133999
0.088519
0.908154
0.535508
0.857801
0.058151
0.526516
0.539427
0.860702
0.09761
0.240446
0.406538
0.865841
0.938883
0.992725
0.959193
0.005942
0.047708
0.147607
0.348862
0.829918
0.892656
0.186834
0.619664
0.917362
0.463732
0.103544
0.457814
0.375795
0.577658
0.438659
0.017346
0.993998
0.54354
0.473631
0.954617
0.15586
0.189238
0.808015
0.260831
0.799227
0.271533
0.033188
0.517015
0.196686
0.757846
0.6412
0.923603
0.782988
0.180776
0.800158
0.641737
0.668952
0.832263
0.573824
0.466004
0.636641
0.297957
0.182597
0.616588
0.233848
0.079915
0.000554
0.608319
0.362149
0.752311
0.375176
0.486003
0.407085
0.650575
0.356139
0.963768
0.936147
0.848028
0.9203
0.44914
0.53643
0.742093
0.696146
0.890679
0.716331
0.997885
0.348506
0.832998
0.697635
0.691386
0.325836
0.785602
0.900376
0.218548
0.625497
0.392135
0.989548
0.478833
0.22832
0.381858
0.653838
0.076089
0.603602
0.931225
0.850363
0.067674
0.99339
0.698727
0.162281
0.012416
0.171283
0.838176
0.021639
0.233147
0.757306
0.586111
0.782736
0.746151
0.050601
0.892511
0.227032
0.553392
0.644288
0.168628
0.976231
0.488156
0.057643
0.937262
0.586268
0.699193
0.525176
0.834738
0.033133
0.268378
0.469648
0.076604
0.705907
0.393663
0.272668
0.003379
0.71983
0.833809
0.395041
0.564218
0.227687
0.622198
0.012137
0.488644
0.644205
0.918192
0.381336
0.76519
0.597687
0.927012
0.398378
0.319095
0.887142
0.049244
0.136385
0.082404
0.84311
0.010607
0.861657
0.451268
0.004025
0.401645
0.186801
0.6244
0.679359
0.487528
0.04052
0.656129
0.842039
0.720324
0.829958
0.20051
0.888888
0.322193
0.013405
0.843392
0.941821
0.655558
0.231437
0.251744
0.466593
0.897831
0.149598
0.825974
0.291303
0.808586
0.920271
0.427494
0.365051
0.802221
0.529483
0.684449
0.622829
0.152889
0.84479
0.195775
0.932282
0.250571
0.733881
0.284655
0.317785
0.310002
0.747892
0.556815
0.882952
0.307373
0.691993
0.752949
0.151482
0.400589
0.482817
0.355687
0.322113
0.68642
0.215866
0.709391
0.935044
0.565198
0.611434
0.068933
0.864477
0.285448
0.615051
0.979112
0.595503
0.724709
0.44532
0.060366
0.797599
0.034999
0.700658
0.022922
0.862305
0.157636
0.514271
0.597151
0.457545
0.340763
0.467814
0.311416
0.438122
0.358913
0.566205
0.237924
0.988657
0.50087
0.194162
0.477067
0.866415
0.021807
0.679554
0.547968
0.169558
0.817476
0.368885
0.293802
0.828125
0.638525
0.898259
0.629884
0.740818
0.836446
0.05474
0.776049
0.613706
0.069508
0.508578
0.082458
0.735947
0.546502
0.953574
0.183135
0.606033
0.211582
0.614065
0.72265
0.722304
0.815074
0.85355
0.077272
0.343267
0.687123
0.498586
0.190676
0.55271
0.407436
0.390038
0.809754
0.407598
0.026455
0.058063
0.856244
0.960601
0.688409
0.364368
0.9386
0.662803
0.844334
0.765852
0.379139
0.478702
0.186132
0.292014
0.778126
0.893978
0.72446
0.465174
0.086509
0.056948
0.374326
0.463822
0.609121
0.00649
0.989723
0.363939
0.848095
0.534967
0.130439
0.797566
0.709827
0.527436
0.514553
0.08748
0.655849
0.911245
0.093245
0.263511
0.902308
0.284344
0.653944
0.534818
0.596328
0.415789
0.299991
0.048533
0.744281
0.746093
0.670726
0.643634
0.243717
0.022345
0.808715
0.491139
0.306838
0.101932
0.062722
0.348867
0.804737
0.918724
0.896751
0.920001
0.907725
0.527225
0.219416
0.798047
0.213713
0.267207
0.233254
0.514982
0.321828
0.154156
0.453173
0.873907
0.570553
0.878336
0.195872
0.166974
0.575577
0.463329
0.660173
0.794627
0.751307
0.942261
0.398256
0.206387
0.550913
0.110743
0.288851
0.207888
0.396564
0.111217
0.031842
0.656794
0.610249
0.708359
0.660386
0.114295
0.291079
0.129527
0.842972
0.746904
0.201527
0.341309
0.966615
0.594159
0.801156
0.264591
0.210053
0.783917
0.685872
0.680978
0.552635
0.563578
0.735698
0.270002
0.352768
0.871637
0.308865
0.54631
0.702639
0.999925
0.435291
0.428093
0.842588
0.805503
0.731076
0.46323
0.323939
0.60873
0.876223
0.883777
0.108498
0.42835
0.464722
0.977615
0.677998
0.407246
0.026058
0.565385
0.096076
0.83445
0.752519
0.460509
0.429211
0.897339
0.288458
0.24902
0.939197
0.809246
0.820626
0.195194
0.143296
0.02603
0.237042
0.77419
0.240038
0.729103
0.251908
0.395292
0.983162
0.244812
0.376371
0.301087
0.109625
0.489894
0.378691
0.694887
0.817595
0.54425
0.032196
0.618922
0.055391
0.616356
0.68503
0.197768
0.819346
0.911085
0.813087
0.305109
0.586643
0.914815
0.320665
0.820028
0.009475
0.003647
0.759712
0.761448
0.788977
0.930027
0.117906
0.231985
0.903725
0.177236
0.682229
0.530463
0.083194
0.285264
0.520372
0.85235
0.707538
0.621883
0.496033
0.298684
0.119245
0.409076
0.028518
0.211056
0.432483
0.418605
0.044295
0.58906
0.549684
0.078104
0.943163
0.099383
0.854834
0.00031
0.882281
0.01972
0.757812
0.361691
0.738217
0.401745
0.070908
0.767507
0.071253
0.92212
0.050974
0.479325
0.723034
0.393246
0.217233
0.759091
0.784295
0.922695
0.376165
0.506252
0.363128
0.257082
0.751033
0.339652
0.428149
0.403674
0.712661
0.917796
0.666756
0.471583
0.779205
0.640971
0.06061
0.095664
0.037917
0.456816
0.825853
0.313083
0.38416
0.909477
0.836903
0.665048
0.266804
0.117041
0.016059
0.107011
0.292596
0.55179
0.064
0.136228
0.181081
0.631982
0.61579
0.550766
0.250501
0.37112
0.09669
0.226461
0.897705
0.979692
0.64766
0.916823
0.642742
0.033196
0.996763
0.098952
0.682642
0.252836
0.391981
0.645934
0.436487
0.250546
0.334446
0.341548
0.959324
0.798613
0.458549
0.199821
0.811016
0.157182
0.210462
0.366013
0.880348
0.131787
0.122234
0.493975
0.276411
0.568728
0.451637
0.434959
0.111973
0.14105
0.821079
0.885883
0.234684
0.113461
0.053417
0.608298
0.715353
0.37281
0.679676
0.712959
0.935342
0.064874
0.192292
0.068526
0.867994
0.792587
0.574642
0.083663
0.273312
0.29772
0.560743
0.258044
0.07296
0.730762
0.29908
0.452374
0.127667
0.802548
0.565532
0.901586
0.495472
0.941426
0.891868
0.57646
0.933893
0.323089
0.365642
0.045478
0.589201
0.721924
0.773519
0.149816
0.444159
0.176863
0.662127
0.157946
0.904164
0.230635
0.291402
0.850906
0.458468
0.023996
0.494586
0.084543
0.985345
0.588112
0.256533
0.563718
0.076867
0.799891
0.925328
0.874444
0.341758
0.325768
0.035088
0.6514
0.534905
0.459346
0.907631
0.167879
0.009666
0.073316
0.223371
0.033286
0.502844
0.31409
0.180483
0.750084
0.204451
0.687605
0.349265
0.511828
0.933867
0.037352
0.500265
0.854423
0.587974
0.276871
0.397681
0.680266
0.890812
0.041066
0.071539
0.325052
0.23278
0.264931
0.22127
0.195825
0.130624
0.933954
0.144189
0.204404
0.246266
0.933015
0.755714
0.789699
0.104758
0.83631
0.408193
0.262823
0.57575
0.822183
0.778652
0.889997
0.928132
0.238122
0.423858
0.014629
0.879322
0.154572
0.861475
0.329387
0.368134
0.039132
0.326879
0.888364
0.025547
0.406327
0.0314
0.370923
0.172641
0.252218
0.877598
0.436049
0.273798
0.589338
0.142107
0.259392
0.546248
0.237523
0.679128
0.491491
0.771989
0.948245
0.115805
0.334665
0.319549
0.151183
0.810303
0.759879
0.484425
0.537771
0.059544
0.555507
0.791342
0.573828
0.265306
0.667548
0.361488
0.544873
0.487565
0.381175
0.718878
0.883876
0.005213
0.933617
0.511515
0.700732
0.855625
0.467104
0.834974
0.17762
0.159168
0.657471
0.870143
0.892426
0.64374
0.525489
0.331393
0.98
0.319696
0.744186
0.531982
0.608512
0.393481
0.964823
0.571682
0.937788
0.007591
0.572671
0.717187
0.74508
0.904977
0.004402
0.00033
0.472263
0.029294
0.974533
0.222065
0.472665
0.061138
0.522048
0.379956
0.04466
0.335124
0.391436
0.989921
0.207886
0.54478
0.987316
0.792019
0.993368
0.968298
0.48954
0.696376
0.110443
0.441149
0.809019
0.505335
0.702699
0.745751
0.253469
0.875699
0.459822
0.210185
0.865416
0.417819
0.750312
0.548033
0.381872
0.809876
0.58447
0.390562
0.109598
0.895445
0.03547
0.863187
0.359962
0.639339
0.9222
0.151707
0.56695
0.764433
0.757584
0.525632
0.624739
0.757527
0.841028
0.761813
0.354005
0.996726
0.434503
0.024465
0.362617
0.127783
0.121443
0.281535
0.053375
0.688512
0.073989
0.20329
0.0929
0.063168
0.267752
0.571899
0.964686
0.875557
0.875934
0.176067
0.264907
0.076393
0.778468
0.069816
0.556696
0.247876
0.243446
0.990725
0.75678
0.836939
0.571983
0.871014
0.645491
0.946174
0.281339
0.59532
0.690131
0.392937
0.879708
0.979803
0.493769
0.390641
0.471938
0.852737
0.645468
0.044772
0.54217
0.0173
0.778535
0.328312
0.472007
0.798678
0.046449
0.158542
0.39796
0.229925
0.337901
0.998175
0.825414
0.883902
0.937055
0.340936
0.297077
0.234062
0.830117
0.679552
0.236172
0.376994
0.506712
0.52814
0.888728
0.380566
0.908524
0.441368
0.746373
0.930254
0.907576
0.056953
0.205704
0.476905
0.431554
0.640892
0.944709
0.112405
0.451859
0.192411
0.894108
0.96458
0.478702
0.10401
0.785295
0.697141
0.354671
0.887407
0.975832
0.557854
0.565728
0.297514
0.584506
0.439642
0.302191
0.067185
0.252708
0.197855
0.542042
0.60167
0.608572
0.388181
0.42123
0.834238
0.476233
0.987773
0.439617
0.649581
0.050363
0.65334
0.851426
0.942458
0.997321
0.282179
0.57537
0.450718
0.563817
0.157453
0.85615
0.909569
0.449662
0.28043
0.140833
0.683765
0.312232
0.909539
0.671012
0.645685
0.559402
0.045776
0.931922
0.627937
0.994062
0.537356
0.710111
0.05621
0.631736
0.76465
0.778514
0.770112
0.226283
0.975398
0.995182
0.075596
0.936446
0.289449
0.689284
0.338111
0.967754
0.101504
0.497747
0.428048
0.326023
0.645534
0.131056
0.716662
0.980592
0.804559
0.860017
0.359637
0.324887
0.517048
0.045727
0.945358
0.143785
0.903013
0.083582
0.822625
0.151963
0.038132
0.719489
0.280265
0.714496
0.555085
0.108807
0.93213
0.452314
0.734447
0.501021
0.604361
0.302774
0.20036
0.54257
0.440219
0.390113
0.672567
0.690507
0.04592
0.338744
0.411765
0.096892
0.235901
0.051642
0.996242
0.736557
0.08745
0.020249
0.719288
0.439192
0.786797
0.923476
0.5993
0.187108
0.782194
0.955812
0.580231
0.681997
0.337475
0.381528
0.734654
0.927771
0.628988
0.789848
0.171635
0.211959
0.532035
0.176554
0.634995
0.291653
0.791533
0.80811
0.463787
0.180811
0.646775
0.992787
0.622591
0.035775
0.017294
0.320362
0.195784
0.813051
0.844806
0.258619
0.325645
0.236247
0.908383
0.502649
0.656137
0.415482
0.631014
0.385855
0.339678
0.63448
0.591062
0.293528
0.149348
0.368577
0.415198
0.628684
0.914529
0.036185
0.243661
0.193716
0.502294
0.429701
0.729038
0.242416
0.594498
0.883857
0.910678
0.958785
0.773261
0.905988
0.234531
0.197581
0.006488
0.706844
0.937467
0.186935
0.636944
0.74646
0.927614
0.64686
0.970294
0.344673
0.349929
0.543013
0.383502
0.001426
0.731772
0.751717
0.746975
0.345021
0.522289
0.359974
0.016036
0.562449
0.123761
0.080041
0.755499
0.009506
0.959008
0.515255
0.983016
0.057998
0.58353
0.349327
0.843482
0.361223
0.260488
0.857553
0.374653
0.016833
0.390289
0.654522
0.25436
0.431988
0.056715
0.588093
0.756295
0.413313
0.420233
0.088282
0.201941
0.154675
0.481688
0.529256
0.94894
0.073232
0.599868
0.526499
0.516233
0.873159
0.205538
0.040773
0.672272
0.345157
0.01759
0.251374
0.309327
0.616838
0.172586
0.413054
0.482475
0.459237
0.973941
0.045504
0.950968
0.581937
0.795728
0.430393
0.453838
0.879326
0.895934
0.238689
0.199242
0.496235
0.900277
0.322355
0.652015
0.708152
0.778675
0.563924
0.402455
0.967016
0.611331
0.728565
0.344983
0.669949
0.257798
0.245097
0.714722
0.521395
0.683277
0.269438
0.598723
0.443934
0.59696
0.29088
0.715451
0.805929
0.259916
0.300621
0.661154
0.695585
0.7041
0.682699
0.392808
0.394854
0.254818
0.156834
0.692577
0.093189
0.937792
0.826686
0.857506
0.906669
0.408605
0.846701
0.158061
0.021642
0.784891
0.074797
0.988525
0.674796
0.75345
0.245804
0.673865
0.04322
0.837826
0.169624
0.697358
0.224481
0.068453
0.481494
0.169286
0.729444
0.237566
0.342473
0.567439
0.284968
0.377988
0.815622
0.17921
0.082202
0.328358
0.424377
0.542659
0.372424
0.789912
0.039319
0.431768
0.382256
0.647578
0.966276
0.510375
0.986877
0.302249
0.030868
0.165663
0.395125
0.316334
0.097054
0.43266
0.338116
0.122619
0.296117
0.886436
0.302049
0.713955
0.612047
0.427181
0.239026
0.369015
0.592107
0.350753
0.214896
0.116463
0.879767
0.440313
0.625208
0.49041
0.872567
0.546935
0.480781
0.924601
0.71969
0.11155
0.177704
0.787123
0.835851
0.545191
0.554455
0.631933
0.439116
0.680199
0.108481
0.961279
0.750155
0.631174
0.316322
0.160955
0.409343
0.661577
0.63371
0.382641
0.613286
0.813748
0.026285
0.450621
0.758555
0.546144
0.651476
0.516676
0.991875
0.054622
0.491045
0.091417
0.159786
0.383038
0.15554
0.963687
0.94679
0.33611
0.639748
0.533753
0.815587
0.627446
0.000252
0.763174
0.746848
0.509723
0.902919
0.908446
0.523912
0.607988
0.996522
0.29882
0.324617
0.182774
0.895867
0.744488
0.105643
0.981767
0.730962
0.850522
0.048151
0.504961
0.698598
0.542947
0.666647
0.817874
0.374337
0.848669
0.162916
0.270886
0.043346
0.364427
0.37991
0.805271
0.653131
0.436723
0.652114
0.052783
0.180272
0.626948
0.641367
0.774135
0.403
0.722554
0.68398
0.963393
0.21513
0.55168
0.601764
0.998648
0.201184
0.523218
0.346185
0.525893
0.232129
0.047612
0.572565
0.335854
0.181941
0.323936
0.04928
0.950442
0.581148
0.814769
0.423118
0.903315
0.483318
0.573945
0.491794
0.733278
0.566656
0.271599
0.14554
0.606124
0.48918
0.095976
0.395617
0.514776
0.826893
0.076101
0.348495
0.822656
0.648424
0.289958
0.845335
0.493294
0.498352
0.976587
0.947117
0.358533
0.140579
0.325667
0.030483
0.020768
0.395522
0.94102
0.871357
0.511443
0.565226
0.005933
0.215501
0.024774
0.75454
0.145646
0.869047
0.643324
0.229419
0.15772
0.627625
0.900837
0.71836
0.348547
0.587384
0.310762
0.99915
0.748839
0.614382
0.423259
0.618152
0.341616
0.028865
0.395089
0.930481
0.626301
0.083956
0.884994
0.268875
0.243769
0.297091
0.577202
0.544688
0.491414
0.717537
0.316538
0.782065
0.175322
0.782621
0.66381
0.683208
0.481553
0.667002
0.079797
0.851551
0.055547
0.148742
0.57679
0.739411
0.076252
0.920765
0.973608
0.60595
0.481243
0.741395
0.328357
0.493264
0.916151
0.955655
0.927069
0.262448
0.232469
0.297665
0.441311
0.314167
0.374213
0.620637
0.762526
0.735558
0.814424
0.032184
0.047734
0.789383
0.533079
0.578141
0.052587
0.255314
0.638354
0.859182
0.916983
0.500419
0.545474
0.83305
0.537625
0.516859
0.905084
0.789933
0.909073
0.218247
0.524375
0.842472
0.111148
0.794662
0.182973
0.808119
0.612001
0.193236
0.473354
0.681905
0.633853
0.427247
0.899367
0.519263
0.505867
0.062251
0.92212
0.177117
0.528345
0.803568
0.215453
0.527373
0.240685
0.759695
0.564341
0.855976
0.894558
0.648733
0.725391
0.54922
0.384429
0.648118
0.908289
0.41668
0.31441
0.388437
0.435398
0.073561
0.498442
0.494314
0.588444
0.36282
0.613108
0.878216
0.955471
0.583612
0.042591
0.969236
0.705862
0.335964
0.147158
0.143419
0.167744
0.045573
0.902154
0.540768
0.699959
0.828109
0.791541
0.882606
0.967255
0.439071
0.950335
0.72329
0.070668
0.681783
0.686717
0.905861
0.372932
0.584912
0.012188
0.332075
0.062244
0.521873
0.817448
0.206443
0.527441
0.204009
0.120688
0.510997
0.079149
0.587355
0.031337
0.106715
0.549997
0.591407
0.028987
0.573377
0.838503
0.722316
0.131185
0.592475
0.672253
0.037231
0.855348
0.906267
0.850452
0.824631
0.744965
0.633432
0.678627
0.806395
0.662498
0.327727
0.375961
0.897057
0.017122
0.698821
0.954778
0.706228
0.993912
0.687545
0.034363
0.82701
0.28463
0.446057
0.312092
0.268554
0.431406
0.378751
0.633339
0.813151
0.297089
0.213721
0.666895
0.67032
0.901131
0.015946
0.853041
0.521002
0.621302
0.091371
0.432615
0.227302
0.254225
0.504095
0.812456
0.743781
0.591
0.539418
0.427306
0.97271
0.560193
0.253966
0.230091
0.611353
0.522828
0.007698
0.830065
0.704122
0.661829
0.068781
0.362056
0.935382
0.862589
0.285543
0.157059
0.449088
0.35583
0.682226
0.966435
0.363001
0.062224
0.897614
0.03795
0.952766
0.664579
0.941689
0.19966
0.0407
0.48821
0.450623
0.331492
0.957656
0.822584
0.661582
0.162858
0.734323
0.727012
0.425068
0.924786
0.166978
0.267338
0.063224
0.795451
0.621759
0.31494
0.163814
0.040148
0.166746
0.453285
0.247177
0.258982
0.875576
0.515138
0.729252
0.035711
0.365163
0.479169
0.186417
0.120192
0.870304
0.939432
0.078807
0.349019
0.958286
0.083162
0.643641
0.972221
0.978224
0.471223
0.162749
0.202084
0.889601
0.911683
0.60788
0.766176
0.739931
0.661822
0.827277
0.685407
0.534002
0.236956
0.743888
0.473438
0.294792
0.801946
0.696714
0.93734
0.165442
0.649189
0.244239
0.903583
0.099499
0.656162
0.791086
0.354918
0.954138
0.850731
0.294618
0.007541
0.296657
0.28131
0.889965
0.967121
0.07044
0.471295
0.548332
0.092912
0.377498
0.317082
0.536056
0.661191
0.703485
0.136755
0.812948
0.678542
0.889075
0.449336
0.89389
0.865774
0.438409
0.381143
0.932812
0.715165
0.928245
0.796975
0.609297
0.115853
0.291481
0.968842
0.319422
0.093255
0.707553
0.734004
0.285458
0.297672
0.468893
0.021789
0.789323
0.317089
0.853763
0.80263
0.661402
0.324875
0.516317
0.444829
0.338882
0.848136
0.483507
0.832723
0.105218
0.141025
0.97732
0.587768
0.50977
0.523156
0.215269
0.718704
0.084781
0.573324
0.570769
0.914188
0.526183
0.137063
0.572753
0.091328
0.203794
0.031109
0.513294
0.084533
0.469394
0.932945
0.719761
0.077412
0.22421
0.673662
0.894702
0.032919
0.812451
0.561814
0.546091
0.957813
0.747645
0.850119
0.353996
0.554364
0.615406
0.321584
0.570248
0.236655
0.143376
0.37397
0.73929
0.916187
0.457714
0.642824
0.103037
0.904464
0.568604
0.780338
0.794441
0.256481
0.529174
0.96048
0.089635
0.68305
0.962264
0.300577
0.861448
0.933658
0.747086
0.231328
0.334001
0.035809
0.831453
0.849611
0.63271
0.352528
0.076811
0.753058
0.726526
0.912603
0.730532
0.828695
0.745955
0.630687
0.426966
0.902117
0.650969
0.398355
0.083469
0.290705
0.543727
0.275635
0.221235
0.527394
0.16982
0.80041
0.484368
0.573863
0.147383
0.324576
0.41009
0.808213
0.77016
0.222977
0.616179
0.243456
0.988247
0.952124
0.563265
0.698903
0.80143
0.720998
0.699829
0.958554
0.596456
0.636303
0.849269
0.669891
0.732933
0.234169
0.371267
0.147301
0.505765
0.455727
0.997163
0.611209
0.786445
0.334015
0.831545
0.615085
0.696992
0.294431
0.548638
0.634037
0.589095
0.915194
0.898273
0.970984
0.667428
0.971914
0.832478
0.270832
0.427436
0.238392
0.004197
0.188049
0.004061
0.719838
0.425534
0.312575
0.761721
0.832487
0.9753
0.642014
0.461529
0.305264
0.222318
0.212926
0.409189
0.991786
0.000854
0.197206
0.188393
0.717119
0.352485
0.457261
0.148624
0.404997
0.1032
0.533043
0.097938
0.790508
0.566602
0.723968
0.418516
0.381491
0.098209
0.523856
0.514502
0.468102
0.740518
0.832504
0.75079
0.143866
0.62206
0.080323
0.694622
0.381839
0.132499
0.862051
0.614008
0.354725
0.030727
0.53731
0.923226
0.59638
0.971651
0.136451
0.568305
0.798125
0.525541
0.091066
0.582886
0.611738
0.728709
0.761212
0.770773
0.663444
0.215811
0.404236
0.77613
0.953427
0.078947
0.535537
0.312522
0.225394
0.505811
0.606089
0.009772
0.780207
0.819882
0.965511
0.180644
0.594553
0.426625
0.334828
0.565633
0.782383
0.023053
0.9694
0.809882
0.751154
0.760387
0.389061
0.751621
0.38677
0.898707
0.177222
0.292347
0.551338
0.319211
0.424237
0.492423
0.856353
0.523192
0.36246
0.247736
0.408676
0.515736
0.746115
0.121049
0.221609
0.379654
0.360398
0.391748
0.793521
0.324154
0.501898
0.623907
0.232179
0.718695
0.547111
0.446781
0.809784
0.243495
0.883176
0.561049
0.609175
0.875059
0.817583
0.601562
0.753188
0.433319
0.547378
0.06207
0.089858
0.829425
0.059672
0.169399
0.795833
0.001146
0.282404
0.584039
0.59545
0.777153
0.505926
0.509402
0.725311
0.498624
0.608491
0.897774
0.401451
0.385125
0.003549
0.613426
0.029772
0.504148
0.804234
0.549921
0.269636
0.786168
0.269717
0.733032
0.610258
0.169996
0.905134
0.200644
0.989587
0.00731
0.263483
0.19986
0.013993
0.732368
0.693426
0.792351
0.256699
0.444335
0.659114
0.439769
0.697326
0.633973
0.114648
0.781043
0.720676
0.655834
0.155094
0.267996
0.393177
0.27993
0.22781
0.805358
0.638232
0.565472
0.225953
0.918077
0.191183
0.794951
0.966673
0.727093
0.992859
0.651051
0.21746
0.203819
0.324564
0.00713
0.681698
0.268668
0.815183
0.359173
0.479956
0.965689
0.242172
0.721254
0.755118
0.220998
0.500997
0.350202
0.771906
0.622483
0.475983
0.779363
0.235156
0.753622
0.865374
0.878622
0.783674
0.408014
0.981808
0.379594
0.638625
0.161074
0.980449
0.703986
0.753378
0.065777
0.763418
0.774723
0.671773
0.29191
0.48969
0.110434
0.471587
0.243824
0.349097
0.1626
0.230054
0.076569
0.919901
0.530411
0.396742
0.535029
0.628293
0.921879
0.178693
0.295552
0.975789
0.371193
0.022562
0.147643
0.026339
0.989923
0.278871