128 4
0
6
61
78
92
1
36
70
85
100
2
7
56
75
81
3
16
27
81
94
4
10
14
29
86
5
11
94
115
120
6
60
86
102
103
7
34
35
66
105
8
76
78
91
119
9
39
62
81
82
10
30
36
84
102
4
11
80
114
120
3
12
25
82
117
13
23
38
53
55
14
18
37
53
109
15
25
51
93
126
16
60
74
102
117
16
17
21
66
115
10
18
38
60
110
19
48
90
106
110
11
20
60
92
123
10
12
21
57
63
10
22
30
120
121
23
35
42
104
120
1
24
35
60
86
25
26
48
77
100
5
11
26
57
92
22
27
43
46
114
28
73
97
107
124
6
25
29
75
95
30
31
32
81
98
19
31
68
94
95
32
41
51
82
110
0
6
33
62
123
33
34
49
57
85
9
35
50
110
119
25
31
36
105
123
11
37
41
61
90
33
38
39
77
86
7
26
39
69
80
40
46
80
96
98
6
25
41
56
109
25
42
87
88
98
43
58
68
113
117
44
46
101
115
117
29
34
45
49
123
23
29
46
83
88
31
47
53
66
122
7
46
48
49
114
34
45
49
79
86
50
60
62
78
88
7
24
33
51
112
42
43
52
82
125
12
45
49
53
124
52
54
75
78
86
1
39
55
62
103
22
56
58
68
123
26
33
54
57
73
3
58
67
71
105
26
46
59
69
88
39
60
113
116
117
6
26
61
83
122
22
62
63
83
112
28
60
63
97
114
26
43
64
68
114
11
16
33
36
65
5
35
66
93
127
31
67
72
95
121
9
10
21
28
68
55
65
69
84
91
57
70
94
120
127
16
51
60
71
104
29
72
90
104
120
4
25
36
71
73
0
8
69
74
79
63
70
75
84
106
4
23
50
76
78
28
37
45
77
118
45
51
74
78
120
9
58
67
79
97
3
51
73
80
120
17
75
81
96
109
22
24
50
82
107
36
59
67
76
83
17
28
84
107
125
29
85
101
111
118
6
86
87
91
123
26
36
40
73
87
20
42
50
88
99
12
70
89
92
108
52
62
86
90
113
24
56
91
104
124
12
29
36
92
108
11
64
89
93
120
17
84
94
116
121
23
59
61
95
117
8
16
59
96
105
14
51
91
97
103
27
76
80
98
116
8
55
84
99
125
35
74
93
100
126
55
70
88
101
127
19
54
102
117
122
34
59
73
98
103
0
44
68
77
104
37
39
105
107
119
3
23
97
106
118
12
68
90
106
107
20
31
100
103
108
31
37
78
94
109
29
47
56
110
118
37
70
94
106
111
25
43
99
109
112
1
89
106
107
113
42
62
72
108
114
47
57
115
116
122
4
34
75
90
116
15
48
82
92
117
50
59
106
116
118
58
81
90
119
126
12
63
93
104
120
2
25
69
86
121
11
40
78
104
122
46
49
62
64
123
7
10
16
30
124
26
77
94
123
125
55
86
114
122
126
46
68
93
97
127
0.10625
0.335444
0.609991
0.046334
0.727665
0.397433
0.963505
0.568385
0.771362
0.861181
0.888846
0.518462
0.396743
0.560515
0.40207
0.240715
0.32392
0.23277
0.269438
0.093608
0.426463
0.235284
0.448367
0.792198
0.448312
0.954612
0.147837
0.850265
0.248258
0.933933
0.227148
0.746962
0.062118
0.629813
0.218674
0.670173
0.635829
0.923696
0.626676
0.408249
0.193568
0.657451
0.116367
0.828517
0.247335
0.524159
0.595947
0.36249
0.663874
0.250217
0.034625
0.959268
0.320046
0.713462
0.507534
0.668999
0.110937
0.518848
0.39222
0.45185
0.966208
0.136289
0.7547
0.330343
0.290358
0.270777
0.348782
0.357117
0.270747
0.667493
0.047722
0.332294
0.280206
0.751418
0.146499
0.940687
0.170519
0.370027
0.1997
0.286698
0.761025
0.476405
0.162576
0.046635
0.229916
0.945603
0.845317
0.440174
0.481995
0.899366
0.591345
0.880767
0.491839
0.200098
0.725927
0.526393
0.66844
0.157231
0.647602
0.382257
0.331998
0.671476
0.592239
0.649107
0.965333
0.701196
0.640899
0.613553
0.398714
0.839192
0.380939
0.700244
0.293144
0.147756
0.129763
0.634559
0.327955
0.275049
0.592059
0.02567
0.246226
0.340547
0.708374
0.545001
0.855989
0.334506
0.296441
0.033197
0.951717
0.501492
0.502524
0.923436
0.289918
0.332106
0.656348
0.785176
0.699311
0.788718
0.575108
0.862823
0.550107
0.229341
0.541701
0.712945
0.653575
0.243017
0.041078
0.252481
0.984042
0.184466
0.464372
0.638346
0.879473
0.760259
0.908953
0.604384
0.865319
0.263843
0.430565
0.843772
0.325564
0.871222
0.363115
0.363395
0.309033
0.546943
0.129069
0.036603
0.897413
0.928938
0.076171
0.549698
0.539682
0.372431
0.568905
0.458119
0.489635
0.755337
0.52596
0.323658
0.581456
0.640754
0.662311
0.618307
0.664603
0.310093
0.446134
0.668706
0.754369
0.434146
0.365333
0.715883
0.222173
0.009492
0.471166
0.173373
0.378283
0.291234
0.777262
0.331408
0.640676
0.673913
0.456454
0.081078
0.700365
0.075168
0.099213
0.195997
0.280376
0.846452
0.674922
0.387213
0.978627
0.243603
0.609814
0.847214
0.802023
0.090308
0.697274
0.257864
0.355733
0.488992
0.79075
0.166201
0.108555
0.153441
0.218224
0.059502
0.926356
0.319083
0.176976
0.637834
0.786996
0.753234
0.718707
0.05053
0.78216
0.501879
0.649086
0.956425
0.810673
0.825372
0.181467
0.476417
0.949325
0.582685
0.102586
0.73182
0.042927
0.742297
0.879773
0.42525
0.413613
0.304211
0.876938
0.547785
0.57926
0.661707
0.300231
0.432786
0.741606
0.985487
0.034306
0.042648
0.428082
0.659622
0.386365
0.999639
0.195359
0.007925
0.190129
0.886842
0.145149
0.478975
0.419276
0.665725
0.054596
0.65875
0.354752
0.92604
0.848887
0.399506
0.992892
0.051944
0.788632
0.433837
0.433305
0.170134
0.51488
0.084718
0.616577
0.24159
0.724858
0.607362
0.746405
0.749742
0.196709
0.000675
0.365761
0.919069
0.577899
0.727502
0.87957
0.906058
0.529025
0.540942
0.850939
0.807485
0.698859
0.604464
0.617215
0.362911
0.840918
0.61778
0.223528
0.239843
0.861603
0.625708
0.398704
0.187101
0.610216
0.18431
0.470167
0.677511
0.565415
0.9221
0.039721
0.279795
0.057086
0.194604
0.123983
0.732662
0.369376
0.925044
0.023378
0.652924
0.970545
0.175839
0.442432
0.70189
0.633138
0.566027
0.326756
0.7282
0.653255
0.1628
0.964091
0.555673
0.525462
0.848237
0.640414
0.074479
0.506589
0.780596
0.69998
0.970769
0.024916
0.261219
0.549156
0.61949
0.274356
0.826802
0.164348
0.000849
0.952391
0.391557
0.95749
0.277932
0.063449
0.77252
0.83582
0.492087
0.07385
0.654134
0.182144
0.849382
0.274023
0.847706
0.426925
0.596488
0.789563
0.040439
0.821166
0.138648
0.358418
0.472781
0.895427
0.022441
0.559203
0.642523
0.316582
0.290487
0.490469
0.1871
0.468119
0.765025
0.845396
0.385161
0.617302
2.1e-05
0.550352
0.975236
0.312265
0.594776
0.762284
0.608933
0.4185
0.152576
0.463701
0.294784
0.69592
0.441913
0.84988
0.193322
0.41772
0.557505
0.126015
0.58791
0.290921
0.229537
0.141911
0.349882
0.928982
0.031006
0.852156
0.397361
0.561602
0.512812
0.92574
0.770129
0.984824
0.79443
0.295888
0.962884
0.983566
0.123094
0.901044
0.664202
0.921994
0.915739
0.891373
0.885276
0.117646
0.143516
0.117779
0.091029
0.353285
0.683958
0.354693
0.7203
0.820283
0.666215
0.465105
0.295517
0.124403
0.493652
0.719599
0.548243
0.721482
0.33522
0.066796
0.771098
0.219724
0.616285
0.804293
0.13911
0.598495
0.689374
0.746531
0.147667
0.825116
0.094149
0.519583
0.443413
0.221766
0.301931
0.164436
0.425726
0.035511
0.888915
0.163487
0.886018
0.863577
0.451677
0.497726
0.301914
0.996875
0.670772
0.951808
0.414797
0.883017
0.448235
0.866829
0.130927
0.636854
0.678704
0.656171
0.447028
0.683916
0.239463
0.595849
0.554235
0.31834
0.778864
0.080872
0.17144
0.47115
0.891737
0.57516
0.842067
0.51757
0.785456
0.325797
0.815142
0.401686
0.558831
0.175881
0.920433
0.701459
0.858855
0.207863
0.067684
0.337209
0.516685
0.80237
0.397726
0.269958
0.372545
0.703607
0.336218
0.979166
0.174979
0.753096
0.589164
0.233096
0.753614
0.44754
0.682398
0.662257
0.110643
0.839983
0.681475
0.780587
0.447766
0.195062
0.326214
0.901469
0.938019
0.481866
0.298796
0.730311
0.765993
0.815466
0.031084
0.009734
0.357156
0.152497
0.804982
0.532844
0.825348
0.176913
0.627223
0.580172
0.340378
0.517081
0.589028
0.889488
0.055638
0.823374
0.980156
0.731775
0.737347
0.217974
0.523073
0.70594
0.602281
0.385132
0.940118
0.513987
0.969876
0.563876
0.793383
0.742023
0.660824
0.014461
0.077429
0.581484
0.911781
0.601142
0.235996
0.320218
0.62316
0.597054
0.955703
0.529085
0.355015
0.524993
0.786234
0.540364
0.326053
0.338621
0.756812
0.066448
0.274755
0.153038
0.944676
0.090094
0.758184
0.630426
0.632804
0.763433
0.400488
0.400743
0.288706
0.59775
0.929805
0.923983
0.702961
0.906186
0.963519
0.795105
0.407833
0.483225
0.931257
0.670008
0.820694
0.116114
0.193901
0.344108
0.188241
0.906465
0.216891
0.557184
0.085454
0.154962
0.247415
0.982893
0.797064
0.673555
0.916262
0.956209
0.453573
0.327689
0.315315
0.035729
0.279638
0.355046
0.036899
0.882605
0.847857
0.251501
0.802559
0.796212
0.335013
0.697068
0.289858
0.070276
0.504798
0.438327
0.138153
0.490553
0.949376
0.731393
0.738872
0.757551
0.744634
0.019901
0.924691
0.830138
0.274579
0.552744
0.615006
0.131945
0.253963
0.02325
0.863952
0.024905
0.318696
0.078246
0.781406
0.924983
0.562816
0.139567
0.558161
0.770341
0.718416
0.741719
0.279174
0.073738
0.148964
0.955506
0.613514
0.7279
0.899065
0.852755
0.218402
0.05806
0.925128
0.981668
0.567344
0.888402
0.231816
0.111039
0.499817
0.811183
0.654654
0.63732
0.017459
0.317493
0.939496
0.134274
0.726366
0.759311
0.732833
0.989285
0.409208
0.682193
0.193655
0.39971
0.491561
0.214828
0.906811
0.716198
0.283758
0.134956
0.287867
0.622985
0.826409
0.503168
0.102495
0.249315
0.345144
0.636136
0.246643
0.233928
0.286202
0.592529
0.49263
0.841636
0.697932
0.666822
0.15465
0.055228
0.509999
0.071642
0.364018
0.026112
0.176809
0.110368
0.800985
0.346126
0.078847
0.26548
0.682808
0.745635
0.119865
0.778566
0.370559
0.679383
0.671508
0.793593
0.697183
0.038868
0.519481
0.166181
0.969965
0.255835
0.420107
0.196702
0.134589
0.60093
0.49318
0.37466
0.085419
0.735959
0.005856
0.457662
0.632572
0.430711
0.126209
0.77825
0.323944
0.134756
0.550266
0.019172
0.324064
0.750642
0.912711
0.591727
0.217612
0.22
0.603872
0.406762
0.177264
0.787397
0.200243
0.321641
0.061429
0.701372
0.275278
0.232867
0.303358
0.874131
0.518019
0.157885
0.774481
0.208453
0.412476
0.568076
0.584443
0.069032
0.836804
0.479431
0.989261
0.717442
0.992569
0.453475
0.140781
0.727309
0.77776
0.852835
0.301449
0.510684
0.857506
0.864736
0.025684
0.670917
0.601687
0.083338
0.930136
0.445372
0.674258
0.882798
0.130121
0.855843
0.724306
0.839592
0.494836
0.033485
0.670516
0.374532
0.402416
0.441262
0.49291
0.661934
0.726776
0.776842
0.671606
0.803479
0.122149
0.836818
0.387279
0.528777
0.433779
0.475717
0.285428
0.169951
0.104895
0.451399
0.125261
0.244988
0.133616
0.109121
0.882461
0.674026
0.923759
0.644012
0.843951
0.555299
0.46263
0.528477
0.320225
0.657972
0.897175
0.782353
0.462
0.953919
0.985423
0.493101
0.86464
0.00477
0.066656
0.022389
0.773163
0.079779
0.017051
0.147419
0.306295
0.464701
0.065403
0.498982
0.248061
0.274371
0.821902
0.986924
0.463864
0.321771
0.931448
0.500448
0.730354
0.41374
0.202549
0.654885
0.664843
0.460184
0.26995
0.831813
0.275318
0.659024
0.383986
0.472481
0.211403
0.64948
0.225826
0.485714
0.328459
0.963606
0.982221
0.753491
0.983917
0.113551
0.992325
0.103556
0.415452
0.238948
0.953846
0.63579
0.597128
0.997439
0.612426
0.64616
0.044774
0.859051
0.970089
0.960311
0.221106
0.225915
0.366047
0.31021
0.305615
0.605217
0.805608
0.936768
0.06786
0.277978
0.255014
0.35744
0.424334
0.389171
0.952147
0.437129
0.551593
0.748633
0.725085
0.582965
0.860832
0.624181
0.874759
0.302766
0.132024
0.81952
0.382518
0.651085
0.737311
0.32671
0.505163
0.894927
0.879793
0.749357
0.76274
0.897684
0.736332
0.339585
0.120783
0.421884
0.087343
0.115771
0.950172
0.675887
0.851609
0.642899
0.41854
0.025159
0.955837
0.070932
0.610163
0.102203
0.284148
0.185817
0.553717
0.887075
0.635622
0.664188
0.908931
0.749425
0.865956
0.416392
0.865356
0.645861
0.135608
0.038713
0.244034
0.37835
0.837568
0.741245
0.955376
0.559175
0.747742
0.275283
0.679578
0.706151
0.848415
0.536404
0.649005
0.203049
0.736759
0.838412
0.593738
0.115674
0.312857
0.475515
0.677162
0.320327
0.840291
0.37179
0.042836
0.793994
0.644223
0.801956
0.34889
0.01763
0.073753
0.111801
0.805148
0.301435
0.997899
0.758388
0.601155
0.983619
0.316309
0.165616
0.737273
0.278083
0.961037
0.988069
0.926404
0.944762
0.615655
0.692119
0.094246
0.76305
0.202063
0.840326
0.961532
0.212378
0.078031
0.48389
0.791549
0.77064
0.696819
0.820696
0.174988
0.651938
0.605679
0.153432
0.414427
0.85253
0.971802
0.66543
0.921941
0.132049
0.975061
0.033506
0.527259
0.291008
0.813909
0.217544
0.01153
0.414609
0.064108
0.290093
0.643748
0.294703
0.245793
0.155496
0.135172
0.525857
0.681507
0.452733
0.123603
0.647756
0.557122
0.381275
0.330047
0.183153
0.146299
0.338772
0.041631
0.436627
0.601574
0.941654
0.625828
0.624076
0.374415
0.133317
0.446938
0.598676
0.724034
0.826087
0.255928
0.24122
0.5653
0.566015
0.217948
0.587475
0.345879
0.639315
0.291045
0.592292
0.76831
0.980159
0.911068
0.503539
0.488349
0.4377
0.027751
0.165954
0.059189
0.696355
0.413235
0.06377
0.690575
0.644436
0.719963
0.599834
0.16154
0.061392
0.817141
0.215809
0.542529
0.485217
0.921053
0.55244
0.580017
0.319505
0.958695
0.612374
0.00498
0.556082
0.363865
0.032112
0.43155
0.773566
0.503789
0.639459
0.639741
0.671019
0.387596
0.370005
0.004585
0.154222
0.95081
0.842417
0.275108
0.401192
0.939921
0.250444
0.532533
0.02208
0.619735
0.930074
0.884743
0.501969
0.649642
0.569798
0.066974
0.158723
0.963817
0.255969
0.384449
0.508944
0.979132
0.689994
0.629598
0.5244
0.700674
0.664016
0.902841
0.541835
0.421503
0.807162
0.799783
0.169836
0.236792
0.958638
0.44411
0.519661
0.31016
0.481071
0.743357
0.482345
0.314785
0.096001
0.928262
0.871658
0.791365
0.694071
0.51551
0.897397
0.791702
0.816011
0.30955
0.423458
0.706802
0.371062
0.493975
0.646513
0.437758
0.79304
0.116279
0.718057
0.14521
0.93784
0.314038
0.795432
0.521417
0.091087
0.582587
0.912178
0.157234
0.321307
0.439159
0.275053
0.943779
0.3775
0.658062
0.223917
0.219706
0.175849
0.434812
0.532858
0.010748
0.832923
0.512754
0.15721
0.067293
0.063199
0.257643
0.499292
0.86024
0.902965
0.832328
0.328563
0.306558
0.987458
0.681281
0.304952
0.32908
0.434644
0.621807
0.897979
0.198307
0.084403
0.405752
0.245455
0.576033
0.699215
0.310736
0.685451
0.343147
0.634968
0.633061
0.27816
0.635723
0.380955
0.336455
0.289288
0.345645
0.786745
0.245179
0.681987
0.900621
0.350429
0.029512
0.024606
0.139503
0.110045
0.748085
0.294851
0.65251
0.042455
0.29574
0.234146
0.276881
0.190718
0.617916
0.662673
0.148465
0.741146
0.250045
0.282923
0.828808
0.901166
0.824756
0.147763
0.999268
0.672155
0.510669
0.954841
0.81738
0.691743
0.838397
0.385467
0.684438
0.19058
0.988001
0.588982
0.814237
0.40734
0.758589
0.387385
0.590005
0.778135
0.116474
0.356786
0.544937
0.333998
0.309167
0.281664
0.227792
0.848905
0.923689
0.700169
0.03
0.786233
0.53194
0.75811
0.437338
0.041282
0.681745
0.444128
0.874043
0.738138
0.359562
0.724082
0.495209
0.199444
0.419886
0.222562
0.004977
0.246796
0.209521
0.004337
0.783925
0.076985
0.449059
0.417883
0.181408
0.966869
0.603734
0.813513
0.496141
0.722812
0.969779
0.348405
0.504264
0.514537
0.991995
0.233099
0.675308
0.13823
0.927074
0.590382
0.859412
0.895242
0.55711
0.682007
0.698721
0.460481
0.434838
0.186188
0.383915
0.990757
0.269862
0.762441
0.059347
0.467469
0.05841
0.4758
0.027552
0.613295
0.586509
0.797843
0.583286
0.925999
0.783105
0.132657
0.265473
0.026231
0.386134
0.509536
0.945946
0.522267
0.781028
0.268024
0.153158
0.810836
0.247425
0.871335
0.16985
0.851587
0.772848
0.611221
0.850221
0.33071
0.166034
0.157041
0.270359
0.446227
0.876023
0.089536
0.915242
0.925495
0.727236
0.900284
0.769987
0.528301
0.60075
0.628224
0.126893
0.193054
0.523369
0.115228
0.964979
0.507127
0.380086
0.15754
0.416534
0.302426
0.087927
0.967005
0.264978
0.69047
0.091323
0.913169
0.590751
0.656872
0.781784
0.605915
0.070907
0.429582
0.26203
0.486717
0.404325
0.826533
0.247048
0.201301
0.958086
0.949517
0.993465
0.568381
0.113144
0.880168
0.145115
0.155594
0.193398
0.653419
0.107199
0.778282
0.058252
0.110447
0.434487
0.379172
0.989708
0.966864
0.189682
0.946666
0.692262
0.408843
0.739631
0.900141
0.180142
0.195984
0.408721
0.169212
0.360397
0.645692
0.812818
0.301935
0.281731
0.779743
0.381026
0.818475
0.99338
0.979669
0.662687
0.375213
0.06549
0.738041
0.977967
0.067984
0.006168
0.831776
0.102259
0.081623
0.910336
0.079561
0.114018
0.569574
0.756814
0.399572
0.420589
0.632626
0.505425
0.018628
0.113583
0.5816
0.793663
0.763103
0.740057
0.771273
0.044443
0.895102
0.889283
0.531924
0.248594
0.592178
0.557886
0.222957
0.60313
0.797294
0.806107
0.059698
0.197163
0.668223
0.859832
0.521217
0.707526
0.021072
0.608421
0.961909
0.661015
0.922276
0.566009
0.843379
0.124162
0.123513
0.120179
0.48885
0.330264
0.719186
0.902622
0.619375
0.213211
0.930877
0.527857
0.719946
0.890506
0.989832
0.506064
0.808063
0.566867
0.486454
0.537713
0.484275
0.421028
0.723721
0.249676
0.616381
0.71296
0.892091
0.331877
0.860599
0.945291
0.648679
0.771433
0.405707
0.952135
0.670861
0.310157
0.404261
0.617756
0.234135
0.753914
0.224692
0.591789
0.697007
0.859748
0.7339
0.798825
0.912932
0.597772
0.84628
0.231872
0.814733
0.221687
0.934629
0.329973
0.171838
0.148169
0.187272
0.44754
0.522149
0.913786
0.381015
0.217482
0.743821
0.134654
0.892283
0.4094
0.613841
0.186184
0.145529
0.798839
0.429702
0.986743
0.524298
0.845653
0.979964
0.28115
0.800882
0.022006
0.679754
0.745201
0.477364
0.162105
0.616721
0.897529
0.931319
0.746102
0.263713
0.870327
0.888823
0.367242
0.182982
0.874659
0.885097
0.100906
0.966984
0.533081
0.99373
0.445008
0.533283
0.266083
0.898947
0.443712
0.814614
0.079734
0.788247
0.490243
0.005408
0.226263
0.19373
0.751765
0.477202
0.159718
0.256803
0.504077
0.019638
0.424126
0.678061
0.517755
0.5981
0.326618
0.183076
0.809741
0.905635
0.510741
0.305041
0.511205
0.878986
0.691406
0.858616
0.328379
0.711979
0.653049
0.571616
0.528225
0.550978
0.849671
0.915995
0.11286
0.568772
0.918408
0.13474
0.412859
0.08908
0.113476
0.904111
0.44618
0.68874
0.138914
0.021947
0.890484
0.574546
0.019988
0.992339
0.492192
0.475877
0.620914
0.007905
0.569138
0.629484
0.296954
0.726852
0.377432
0.717773
0.143825
0.913698
0.879457
0.150626
0.938454
0.55778
0.70165
0.840294
0.08357
0.169284
0.290391
0.477204
0.346055
0.505846
0.185917
0.682154
0.055735
0.36145
0.179033
0.729933
0.883653
0.078786
0.785038
0.895722
0.97397
0.579386
0.327392
0.321974
0.37897
0.612667
0.49023
0.653635
0.039314
0.105882
0.976539
0.995386
0.746659
0.256397
0.953382
0.213703
0.731431
0.115258
0.648904
0.759515
0.85964
0.734306
0.923485
0.520923
0.677429
0.36955
0.010389
0.756693
0.869861
0.173924
0.028641
0.164502
0.895289
0.29551
0.233704
0.01459
0.297055
0.715639
0.959089
0.312741
0.240685
0.888069
0.852505
0.32816
0.068805
0.991989
0.680704
0.92658
0.341874
0.647685
0.674497
0.872905
0.993058
0.108666
0.631117
0.33644
0.811658
0.754148
0.892519
0.343703
0.18453
0.021802
0.255507
0.367172
0.946067
0.491373
0.55644
0.880129
0.88507
0.527916
0.113703
0.270516
0.456888
0.751169
0.711682
0.642708
0.880246
0.802646
0.982114
0.889159
0.195656
0.057617
0.414511
0.617504
0.643103
0.267513
0.859881
0.329246
0.919115
0.471601
0.010391
0.162041
0.102319
0.044026
0.714017
0.192316
0.83862
0.264469
0.032327
0.820675
0.466146
0.599505
0.336227
0.04604
0.370177
0.518286
0.011687
0.57429
0.893042
0.217841
0.926769
0.097609
0.825436
0.840324
0.25776
0.957843
0.416599
0.141256
0.591714
0.996615
0.899292
0.278603
0.576987
0.115368
0.461845
0.52307
0.315278
0.484187
0.919938
0.500138
0.83099
0.31739
0.971404
0.093463
0.585587
0.789888
0.814041
0.198281
0.401646
0.624196
0.315883
0.658296
0.378781
0.350866
0.108068
0.039253
0.835274
0.489544
0.562873
0.372221
0.136742
0.449572
0.228957
0.837683
0.986789
0.889096
0.528274
0.628132
0.948123
0.538682
0.638589
0.62923
0.708121
0.640285
0.670705
0.725894
0.809099
0.403055
0.745834
0.100204
0.876188
0.290044
0.40346
0.80361
0.636987
0.308628
0.225399
0.957714
0.087776
0.004335
0.672935
0.614474
0.737614
0.731634
0.863259
0.922109
0.775025
0.232293
0.463496
0.641715
0.539365
0.158898
0.589273
0.886529
0.418517
0.668933
0.615934
0.377043
0.565271
0.210212
0.546107
0.79883
0.758948
0.357955
0.112085
0.799943
0.265039
0.053044
0.445193
0.739471
0.808493
0.982202
0.189408
0.293795
0.60949
0.811344
0.234075
0.409914
0.408401
0.772937
0.240932
0.968759
0.510464
0.282067
0.284284
0.0183
0.692431
0.775948
0.032428
0.585935
0.781673
0.37624
0.432742
0.361625
0.315651
0.491142
0.166101
0.440688
0.941825
0.027402
0.164743
0.777702
0.132057
0.271281
0.454839
0.943162
0.183501
0.923085
0.718525
0.671145
0.723543
0.031247
0.0989
0.334842
0.073968
0.98759
0.580412
0.487344
0.785512
0.976959
0.95513
0.793065
0.377174
0.065959
0.098377
0.001152
0.001903
0.936422
0.927017
0.667554
0.726677
0.513208
0.237842
0.914385
0.277691
0.739671
0.245436
0.870148
0.651239
0.642695
0.097367
0.419469
0.524909
0.294036
0.880975
0.83767
0.493621
0.340031
0.801542
0.196891
0.071516
0.04571
0.038683
0.488889
0.255314
0.690375
0.653892
0.54202
0.352843
0.850456
0.709703
0.271526
0.501689
0.156271
0.328776
0.99714
0.223844
0.698302
0.238419
0.938135
0.310133
0.346689
0.59386
0.588112
0.579076
0.573255
0.312187
0.43441
0.593433
0.67127
0.253129
0.701475
0.923276
0.757928
0.084233
0.469126
0.435264
0.336503
0.49132
0.439634
0.00617
0.236555
0.213782
0.34926
0.174457
0.067801
0.196613
0.854187
0.797039
0.442096
0.877815
0.232666
0.584209
0.142925
0.833401
0.130582
0.03186
0.273444
0.900935
0.129457
0.33067
0.316415
0.801646
0.421525
0.611567
0.404383
0.551457
0.062441
0.374029
0.855106
0.691068
0.981829
0.78792
0.45151
0.67628
0.775914
0.269684
0.060018
0.405847
0.144673
0.277241
0.946845
0.847083
0.592464
0.401257
0.26433
0.571458
0.53316
0.780781
0.92802
0.328937
0.206297
0.4028
0.437541
0.03987
0.861697
0.995592
0.923209
0.860665
0.9926
0.907808
0.688368
0.166757
0.15635
0.04878
0.411831
0.808824
0.490296
0.366322
0.109236
0.051753
0.399179
0.099925
0.103548
0.395348
0.502843
0.186683
0.684636
0.418692
0.091923
0.637034
0.356945
0.052321
0.947982
0.571197
0.47772
0.859137
0.93674
0.220322
0.810145
0.83108
0.054403
0.711944
0.062968
0.594673
0.669237
0.367059
0.880787
0.800512
0.92596
0.31489
0.021528
0.811461
0.222977
0.467156
0.817321
0.216135
0.311909
0.43908
0.271825
0.461321
0.009597
0.212188
0.832553
0.413482
0.636406
0.232288
0.649879
0.999974
0.595288
0.628359
0.11152
0.403381
0.860725
0.834272
0.522399
0.903454
0.142937
0.658189
0.248884
0.645561
0.0874
0.943609
0.786332
0.200962
0.637277
0.759146
0.209446
0.09333
0.35178
0.135754
0.565712
0.424115
0.462424
0.542863
0.982052
0.792636
0.629471
0.363706
0.027069
0.116528
0.730867
0.369204
0.334437
0.888978
0.484509
0.899577
0.886639
0.080181
0.945363
0.076955
0.963506
0.452615
0.760861
0.706144
0.518495
0.619455
0.949918
0.927351
0.654326
0.657719
0.246939
0.828623
0.632603
0.826249
0.657852
0.29932
0.189481
0.076966
0.585995
0.284051
0.63051
0.058656
0.375663
0.260553
0.370334
0.054283
0.724181
0.116697
0.014403
0.946289
0.192876
0.828061
0.964471
0.534121
0.526118
0.367417
0.425595
0.482075
0.152094
0.364737
0.816108
0.182398
0.729853
0.651587
0.057298
0.022429
0.352528
0.69217
0.330418
0.667733
0.665458
0.806555
0.099486
0.577129
0.062497
0.175947
0.325501
0.707389
0.973878
0.342521
0.521144
0.259056
0.67549
0.366586
0.481596
0.567813
0.686242
0.060052
0.554901
0.431164
0.133765
0.208037
0.88389
0.871776
0.03333
0.689401
0.554187
0.939816
0.908006
0.579562
0.138955
0.459815
0.725164
0.951737
0.363829
0.784671
0.683341
0.078293
0.557977
0.183509
0.683549
0.610085
0.973048
0.935383
0.009373
0.080029
0.769134
0.685643
0.800946
0.266815
0.849323
0.442419
0.261908
0.010608
0.871364
0.535344
0.975382
0.714681
0.080417
0.588191
0.017125
0.557782
0.350202
0.643296
0.541574
0.26135
0.162351
0.404711
0.986836
0.435699
0.748787
0.056974
0.378866
0.580323
0.751197
0.528384
0.515296
0.763907
0.313288
0.090611
0.34715
0.158996
0.965944
0.577512
0.4466
0.912052
0.900361
0.415697
0.874727
0.064026
0.885719
0.310584
0.565122
0.269689
0.9848
0.07178
0.446955
0.620988
0.615612
0.738758
0.724415
0.793143
0.234287
0.370506
0.382033
0.95584
0.409312
0.221869
0.632344
0.427267
0.25008
0.715135
0.191925
0.633354
0.430531
0.319167
0.945982
0.324408
0.347507
0.870638
0.129043
0.108069
0.282708
0.591636
0.3843
0.608554
0.159751
0.261451
0.565162
0.217149
0.422805
0.572648
0.973651
0.079887
0.460414
0.396271
0.824241
0.900297
0.907013
0.375139
0.304655
0.449137
0.343986
0.718851
0.213571
0.658684
0.926988
0.279914
0.676891
0.143561
0.121384
0.115644
0.138528
0.216165
0.56283
0.766986
0.126857
0.870015
0.842716
0.727388
0.425966
0.001557
0.734765
0.878986
0.335286
0.717988
0.062048
0.709495
0.068309
0.587186
0.597553
0.302157
0.079123
0.949335
0.535577
0.579758
0.615021
0.891048
0.060256
0.893288
0.239677
0.07795
0.657266
0.976976
0.057242
0.426122
0.529785
0.252119
0.982872
0.640963
0.844351
0.415778
0.353956
0.553158
0.435278
0.714948
0.265818
0.449591
0.895133
0.756108
0.16807
0.886865
0.589017
0.679287
0.294257
0.441544
0.806812
0.330676
0.165062
0.378305
0.069219
0.717856
0.147746
0.285126
0.881081
0.540498
0.321338
0.547667
0.218278
0.025173
0.603732
0.714126
0.879782
0.771883
0.926678
0.985953
0.744935
0.867923
0.673732
0.170938
0.181702
0.110259
0.942975
0.672752
0.78991
0.331157
0.460422
0.03978
0.889007
0.853003
0.784811
0.058302
0.17425
0.334171
0.263063
0.83846
0.194836
0.532124
0.571381
0.425012
0.240688
0.960294
0.413399
0.72731
0.184046
0.822811
0.215892
0.675307
0.506496
0.146557
0.024949
0.930748
0.125691
0.704951
0.652685
0.34172
0.185383
0.178328
0.585328
0.546921
0.875935
0.640003
0.819275
0.032413
0.670993
0.233709
0.252839
0.720577
0.793433
0.371735
0.790077
0.443745
0.857645
0.024904
0.083495
0.776352
0.62409
0.55902
0.613979
0.930191
0.655537
0.647476
0.759471
0.866621
0.261912
0.616749
0.583975
0.134849
0.520317
0.069551
0.18496
0.912963
0.119243
0.578916
0.323481
0.555313
0.234974
0.444379
0.867333
0.376217
0.353031
0.446118
0.100493
0.387347
0.0069
0.503397
0.847941
0.552073
0.607725
0.030563
0.859515
0.385004
0.974853
0.120465
0.944672
0.634291
0.05234
0.971699
0.013873
0.7307
0.88953
0.175812
0.343357
0.561229
0.679809
0.871876
0.76107
0.363331
0.82172
0.966077
0.226986
0.074096
0.42662
0.881397
0.150292
0.885798
0.992213
0.054002
0.495256
0.328885
0.39368
0.451635
0.739704
0.5913
0.961201
0.332765
0.541504
0.813329
0.373028
0.465299
0.684975
0.860744
0.415681
0.53195
0.975122
0.042469
0.448229
0.635982
0.008427
0.596787
0.0562
0.857558
0.807086
0.032255
0.048804
0.753614
0.369545
0.575026
0.270328
0.172969
0.296077
0.246714
0.448307
0.746676
0.554129
0.609178
0.470079
0.324734
0.143509
0.354565
0.665199
0.733777
0.469182
0.644997
0.210541
0.860066
0.865936
0.320328
0.547712
0.606662
0.47243
0.911142
0.739717
0.67251
0.520093
0.084847
0.107821
0.299009
0.211522
0.952531
0.409813
0.876605
0.81808
0.81257
0.215708
0.447322
0.317952
0.970411
0.876744
0.249924
0.31352
0.528909
0.278606
0.82453
0.819231
0.72434
0.68931
0.547302
0.347112
0.836938
0.858832
0.049509
0.398619
0.026628
0.839477
0.177093
0.673867
0.357376
0.816065
0.509687
0.324402
0.323871
0.326927
0.788579
0.711116
0.319214
0.490208
0.076153
0.8275
0.265955
0.889225
0.596797
0.56782
0.162719
0.069535
0.552617
0.467989
0.119683
0.835588
0.41724
0.260458
0.788272
0.913064
0.305963
0.77595
0.65252
0.989728
0.203993
0.960679
0.315272
0.411954
0.358826
0.268451
0.693223
0.589145
0.305692
0.132212
0.317376
0.381231
0.380653
0.35726
0.048723
0.464033
0.836208
0.180366
0.145657
0.471851
0.370603
0.561281
0.947074
0.760886
0.687058
0.415937
0.28736
0.540264
0.885444
0.876743
0.445515
0.24622
0.225344
0.033988
0.842664
0.264838
0.358999
0.809216
0.120024
0.461234
0.122341
0.441849
0.04714
0.517623
0.79571
0.676297
0.509169
0.828759
0.227788
0.830796
0.276363
0.362486
0.12843
0.101755
0.932112
0.189978
0.333296
0.529152
0.347867
0.870133
0.900715
0.32599
0.092028
0.210158
0.474393
0.288481
0.453472
0.758703
0.420638
0.196997
0.357968
0.742981
0.424062
0.249538
0.427412
0.454807
0.296377
0.995685
0.767626
0.692455
0.854867
0.666419
0.79098
0.412526
0.500372
0.046996
0.280646
0.368012
0.62547
0.464211
0.607838
0.713327
0.042719
0.258278
0.170904
0.187455
0.503125
0.739979
0.272777
0.824449
0.892457
0.350534
0.681357
0.117049
0.744028
0.165024
0.687416
0.4219
0.928456
0.464461
0.030903
0.480669
0.795499
0.647084
0.966315
0.843272
0.526552
0.206521
0.003775
0.980502
0.93832
0.274144
0.638216
0.72924
0.578013
0.842962
0.077825
0.896494
0.392019
0.48069
0.444734
0.531286
0.598168
0.710343
0.52494
0.684773
0.338297
0.936681
0.064531
0.545541
0.087396
0.442767
0.257582
0.936903
0.013075
0.391204
0.782043
0.188461
0.815588
0.859725
0.708003
0.209069
0.272039
0.166935
0.184064
0.036492
0.857315
0.528502
0.327759
0.289577
0.544696
0.326685
0.863718
0.210957
0.882302
0.664092
0.956629
0.015107
0.059096
0.500895
0.912379
0.730795
0.622136
0.031602
0.354164
0.345853
0.542086
0.257828
0.267156
0.620861
0.944568
0.660179
0.66813
0.986215
0.153478
0.033835
0.745514
0.438787
0.428823
0.225303
0.506863
0.442172
0.34545
0.442745
0.383835
0.939896
0.980252
0.839901
0.990414
0.265719
0.842925
0.406629
0.746136
0.201393
0.811956
0.083464
0.270558
0.821953
0.747159
0.501247
0.672793
0.185574
0.667764
0.007976
0.833216
0.516288
0.943878
0.478164
0.433087
0.450053
0.359729
0.166675
0.842063
0.389085
0.529108
0.019887
0.060254
0.597183
0.879228
0.493396
0.164975
0.116127
0.899788
0.701638
0.966196
0.082349
0.902613
0.845632
0.893185
0.005763
0.741903
0.548938
0.573179
0.469202
0.742677
0.999839
0.710538
0.67805
0.654438
0.695212
0.342112
0.32022
0.784338
0.053088
0.759248
0.813842
0.521598
0.910148
0.473087
0.178087
0.361399
0.905868
0.993738
0.421854
0.166847
0.286329
0.553296
0.572096
0.630059
0.835353
0.711214
0.26084
0.395044
0.839817
0.633383
0.166418
0.325539
0.791091
0.172094
0.691051
0.563537
0.147475
0.688879
0.142349
0.398436
0.30856
0.69001
0.782362
0.168317
0.811997
0.007214
0.530059
0.516789
0.623821
0.239701
0.009857
0.454763
0.071406
0.892194
0.173666
0.425233
0.434
0.552865
0.782532
0.472148
0.025753
0.77111
0.082173
0.641553
0.80343
0.28269
0.449106
0.014336
0.803875
0.703261
0.231387
0.390226
0.695317
0.358163
0.162415
0.518506
0.723568
0.32081
0.121772
0.829544
0.252802
0.512815
0.691343
0.317075
0.648637
0.45971
0.570437
0.590576
0.824151
0.656326
0.264307
0.059604
0.001986
0.904417
0.94211
0.094111
0.487054
0.151595
0.948749
0.246833
0.501647
0.16562
0.332761
0.266806
0.475426
0.419782
0.330798
0.105878
0.484487
0.850208
0.730223
0.720575
0.366092
0.708419
0.465531
0.150276
0.41905
0.132739
0.114483
0.023059
0.282854
0.330875
0.699444
0.538005
0.85845
0.176471
0.265957
0.941076
0.444045
0.789051
0.492168
0.471086
0.148116
0.8512
0.078355
0.310261
0.673468
0.507258
0.881378
0.039298
0.649408
0.477465
0.154312
0.743252
0.411307
0.531582
0.967266
0.48623
0.823373
0.769578
0.662755
0.896812
0.251602
0.820771
0.377787
0.812491
0.493789
0.857709
0.894844
0.597644
0.507627
0.78328
0.266986
0.015349
0.407095
0.507774
0.297263
0.383362
0.133058
0.27729
0.240095
0.300987
0.299054
0.558968
0.250597
0.940961
0.511275
0.128966
0.279606
0.729757
0.013659
0.937818
0.445177
0.521079
0.988412
0.503403
0.947744
0.915231
0.941316
0.812373
0.296398
0.346382
0.364984
0.979181
0.360756
0.108689
0.778329
0.366063
0.620936
0.92436
0.575506
0.6377
0.642863
0.612399
0.159769
0.456415
0.007664
0.626265
0.575358
0.318137
0.523896
0.493058
0.250915
0.293288
0.762541
0.755732
0.469782
0.717509
0.450801
0.851374
0.332807
0.927292
0.542284
0.535688
0.67081
0.340856
0.72433
0.320425
0.397539
0.674703
0.378449
0.199974
0.871901
0.922155
0.626731
0.811151
0.986652
0.614775
0.908793
0.359255
0.700472
0.055805
0.788972
0.829803
0.401175
0.638955
0.858361
0.883608
0.106532
0.827488
0.274243
0.727307
0.325164
0.05633
0.209871
0.408672
0.741229
0.100704
0.812934
0.996951
0.788258
0.473737
0.56816
0.006161
0.209274
0.898988
0.021729
0.904795
0.113253
0.133074
0.17535
0.799385
0.478187
0.145197
0.686802
0.940688
0.572451
0.0987
0.054751
0.795872
0.626084
0.922657
0.54725
0.062395
0.403687
0.657991
0.384885
0.999591
0.405379
0.546236
0.225392
0.152138
0.645306
0.588613
0.004339
0.284782
0.64358
0.812249
0.312369
0.647436
0.265258
0.69038
0.697948
0.130223
0.66509
0.333567
0.172595
0.500361
0.452297
0.773875
0.084516
0.789753
0.106082
0.207459
0.515882
0.463175
0.988859
0.589474
0.327436
0.900149
0.312215
0.273776
0.494372
0.913175
0.708514
0.677483
0.726077
0.659641
0.759796
0.192762
0.177258
0.362163
0.85096
0.714454
0.566473
0.019447
0.235802
0.803514
0.242487
0.73029
0.184634
0.606368
0.628211
0.751966
0.438342
0.632675
0.48697
0.947338
0.521881
0.209598
0.667893
0.548467
0.803829
0.176912
0.26094
0.921629
0.930026
0.442257
0.047751
0.306555
0.247123
0.414677
0.317801
0.828992
0.003036
0.644632
0.66427
0.660627
0.520595
0.611104
0.810494
0.784197
0.034625
0.030437
0.838945
0.57473
0.957427
0.431592
0.176742
0.473235
0.436544
0.517177
0.807947
0.655584
0.185275
0.734477
0.591896
0.578311
0.678257
0.563965
0.457514
0.64038
0.723727
0.225767
0.49705
0.458172
0.039903
0.834439
0.377382
0.072689
0.457899
0.161481
0.704414
0.571772
0.270114
0.950474
0.291745
0.554997
0.801568
0.513892
0.960856
0.843855
0.921019
0.372703
0.548355
0.840166
0.9035
0.944364
0.879152
0.730755
0.024215
0.314953
0.128936
0.154759
0.290907
0.07474
0.243032
0.956979
0.311944
0.159713
0.7183
0.828505
0.314038
0.278497
0.24176
0.393261
0.087232
0.669129
0.822226
0.663682
0.4212
0.288962
0.409446
0.423837
0.666021
0.92806
0.070586
0.953354
0.910201
0.117732
0.183585
0.311596
0.559666
0.134476
0.200335
0.902675
0.109301
0.398878
0.763002
0.888583
0.336043
0.164438
0.737012
0.772558
0.980033
0.139542
0.709421
0.417293
0.914629
0.407831
0.44596
0.126797
0.320937
0.40084
0.017509
0.437574
0.336319
0.80384
0.107113
0.760211
0.714012
0.241782
0.083272
0.841833
0.24943
0.14556
0.359037
0.400883
0.326088
0.976481
0.880821
0.872975
0.398768
0.96287
0.684015
0.831995
0.500875
0.160617
0.886886
0.486427
0.968555
0.254861
0.992379
0.222425
0.368167
0.594017
0.693323
0.720282
0.476252
0.076827
0.496048
0.334688
0.657656
0.182276
0.393912
0.966119
0.088867
0.602334
0.090648
0.156996
0.604934
0.443996
0.548499
0.879872
0.81724
0.887981
0.616255
0.489643
0.459198
0.739809
0.5213
0.105769
0.141939
0.357083
0.067823
0.239231
0.656401
0.01243
0.604093
0.772357
0.170154
0.180969
0.028856
0.51245
0.654588
0.45691
0.389449
0.454413
0.781528
0.033514
0.783819
0.666342
0.241427
0.52474
0.049291
0.379589
0.174042
0.0223
0.357089
0.726112
0.921022
0.662264
0.40197
0.999496
0.282944
0.187131
0.463682
0.504911
0.354823
0.695499
0.183864
0.51034
0.500127
0.823786
0.926968
0.663266
0.305372
0.689611
0.251371
0.966544
0.822362
0.43119
0.784344
0.408656
0.07461
0.706769
0.404614
0.93032
0.306561
0.843333
0.680438
0.853325
0.291882
0.461345
0.823129
0.643819
0.359922
0.511996
0.996098
0.741848
0.614523
0.827911
0.44203
0.950064
0.552021
0.326872
0.08602
0.375695
0.568638
0.703248
0.875117
0.943961
0.102454
0.600905
0.66659
0.172064
0.545601
0.334834
0.077417
0.065866
0.759213
0.615455
0.715122
0.685278
0.134312
0.151565
0.252484
0.399101
0.939176
0.673892
0.255172
0.055984
0.684224
0.625318
0.675763
0.26118
0.516963
0.361703
0.817699
0.069397
0.275442
0.602954
0.205224
0.672713
0.136773
0.022812
0.863495
0.333444
0.156849
0.172709
0.885895
0.654431
0.956346
0.80004
0.767543
0.499821
0.820805
0.412653
0.827
0.757741
0.678439
0.329716
0.630712
0.506788
0.461543
0.990246
0.504398
0.031986
0.626468
0.728011
0.885184
0.632685
0.019457
0.119744
0.16124
0.211261
0.799777
0.30976
0.312362
0.755587
0.412437
0.06464
0.585126
0.130068
0.571664
0.779638
0.92949
0.067053
0.303967
0.652464
0.315453
0.451026
0.020091
0.693498
0.88328
0.97686
0.830533
0.031776
0.651854
0.495659
0.937895
0.902139
0.988046
0.861934
0.546892
0.714901
0.964677
0.578117
0.839979
0.94221
0.570538
0.159154
0.155563
0.115317
0.476323
0.480142
0.617371
0.482873
0.973055
0.291311
0.873817
0.10033
0.601918
0.648325
0.77223
0.503022
0.197226
0.368998
0.272162
0.419106
0.529968
0.62507
0.845122
0.91001
0.462581
0.088671
0.797065
0.477158
0.546447
0.595794
0.667868
0.890101
0.952146
0.940169
0.809464
0.889242
0.049655
0.849113
0.072265
0.746194
0.169364
0.36011
0.184184
0.443462
0.411747
0.048063
0.830498
0.854186
0.787507
0.847607
0.750879
0.937484
0.576392
0.582643
0.85991
0.349416
0.050082
0.749855
0.254589
0.474236
0.24044
0.827091
0.958293
0.055023
0.233372
0.189562
0.673204
0.428678
0.456262
0.157079
0.414735
0.303228
0.611191
0.217238
0.614811
0.377745
0.346295
0.305557
0.673833
0.562418
0.851722
0.24161
0.04012
0.182023
0.343356
0.179655
0.083511
0.445338
0.676934
0.751571
0.398727
0.478045
0.75547
0.352708
0.784766
0.967376
0.880481
0.453595
0.579518
0.716426
0.3493
0.799238
0.436917
0.846842
0.254734
0.011378
0.632688
0.451889
0.059823
0.487612
0.16857
0.629749
0.445046
0.171125
0.411939
0.232709
0.653097
0.295143
0.822017
0.014163
0.403418
0.61708
0.022608
0.215842
0.32742
0.021845
0.546691
0.630868
0.227522
0.543483
0.999127
0.886919
0.058661
0.127882
0.494403
0.245201
0.080969
0.254554
0.061178
0.529912
0.49025
0.006326
0.482516
0.519805
0.605704
0.9701
0.982692
0.526929
0.845187
0.085166
0.531155
0.6789
0.564729
0.230721
0.062658
0.386669
0.647642
0.991713
0.236533
0.91779
0.068261
0.930989
0.832367
0.020945
0.298185
0.050957
0.995506
0.427844
0.662174
0.234191
0.933736
0.274174
0.260215
0.3146
0.462489
0.018533
0.597838
0.031666
0.539202
0.457885
0.242547
0.329768
0.70566
0.009598
0.316647
0.680297
0.152274
0.560386
0.168933
0.154762
0.77228
0.266525
0.375769
0.730018
0.17952
0.531737
0.91782
0.553827
0.048846
0.589697
0.090153
0.282125
0.849675
0.011069
0.077013
0.363364
0.999396
0.291864
0.157275
0.549422
0.519255
0.44962
0.946654
0.280149
0.293324
0.140257
0.697288
0.321369
0.80274
0.971758
0.043685
0.993122
0.254104
0.42011
0.777743
0.665331
0.778437
0.466332
0.916067
0.789941
0.309228
0.94848
0.961054
0.415054
0.65196
0.814769
0.817301
0.014124
0.629014
0.973699
0.231347
0.795609
0.534248
0.22147
0.051038
0.759922
0.31647
0.375586
0.485231
0.507195
0.206186
0.670642
0.69254
0.142301
0.53291
0.609259
0.186252
0.894462
0.482826
0.115028
0.334396
0.47696
0.010144
0.03191
0.055521
0.538135
0.336088
0.893104
0.559234
0.759896
0.687133
0.520321
0.74472
0.544706
0.385456
0.435805
0.838501
0.563274
0.377296
0.179743
0.495358
0.252404
0.95558
0.490982
0.008948
0.092877
0.284324
0.092163
0.893962
0.854352
0.970862
0.706466
0.645465
0.923497
0.946393
0.877488
0.861473
0.671703
0.001606
0.429517
0.635663
0.547127
0.821127
0.818902
0.598682
0.021994
0.36933
0.228817
0.338788
0.617293
0.066462
0.022242
0.436873
0.793574
0.030699
0.849049
0.38388
0.118235
0.567498
0.952361
0.542513
0.686635
0.816421
0.79934
0.073119
0.740995
0.94945
0.700652
0.836443
0.48555
0.319069
0.676239
0.4922
0.895289
0.974382
0.819802
0.99268
0.348371
0.895755
0.329934
0.118038
0.621374
0.454989
0.921699
0.492194
0.927633
0.078634
0.830512
0.759114
0.719978
0.355136
0.78376
0.483297
0.715204
0.552227
0.15744
0.064559
0.366187
0.932789
0.529735
0.802192
0.575953
0.957905
0.369456
0.05705
0.780668
0.705457
0.527534
0.326391
0.188265
0.482276
0.666201
0.578886
0.437491
0.539694
0.107955
0.69584
0.734256
0.011453
0.27052
0.092117
0.998232
0.593343
0.465738
0.463001
0.964774
0.659856
0.16866
0.448159
0.774197
0.42335
0.309533
0.991216
0.935637
0.94156
0.131673
0.234255
0.442067
0.832129
0.736828
0.849667
0.920763