128 4
0
19
44
57
125
1
53
80
116
118
2
63
98
102
108
3
42
51
86
100
4
17
53
83
99
5
59
70
99
122
0
6
36
105
112
7
34
48
66
104
8
34
36
59
92
9
55
88
105
110
10
11
70
101
118
3
11
44
60
110
12
49
73
94
102
13
22
47
86
89
7
14
28
82
92
5
15
42
52
92
16
23
73
114
119
13
17
51
69
123
3
18
57
78
115
19
36
38
47
121
12
20
59
65
91
21
31
40
121
125
4
22
51
65
66
23
51
77
103
121
24
28
48
107
125
25
37
69
111
113
7
26
54
58
97
1
25
27
62
109
16
28
58
87
94
15
29
49
57
63
16
25
30
84
101
31
45
105
113
126
32
42
49
67
117
33
47
67
122
125
18
24
34
71
101
17
35
50
57
111
16
36
56
63
70
14
37
58
66
85
25
38
47
94
99
8
13
39
80
121
6
40
90
91
109
11
16
41
54
72
7
42
90
107
123
19
36
41
43
75
0
8
23
44
110
3
33
35
45
124
15
28
46
86
98
7
38
47
57
90
3
11
43
48
110
24
38
49
66
69
5
23
50
84
117
32
47
51
71
96
1
37
52
66
123
39
53
55
87
102
20
34
54
81
114
22
55
59
66
74
22
56
62
64
85
41
57
63
93
122
40
58
65
80
121
8
19
56
59
113
16
60
74
77
123
17
61
81
107
113
25
62
71
91
92
63
71
83
110
123
12
64
71
77
118
16
25
65
103
114
3
5
66
80
88
6
16
67
123
124
68
85
91
117
127
5
29
49
69
127
38
55
70
73
113
13
53
71
105
109
21
40
56
72
89
1
9
47
66
73
10
41
73
74
118
11
13
29
75
124
29
37
59
76
104
46
64
74
77
90
38
48
78
100
106
57
72
79
106
111
5
16
80
88
89
14
66
81
94
124
27
43
72
82
125
17
83
103
111
114
31
68
82
84
126
43
62
69
75
85
46
57
86
105
125
6
16
38
58
87
56
62
88
116
127
33
52
65
74
89
47
59
77
81
90
3
42
72
91
102
74
77
92
93
111
90
92
93
103
106
31
51
94
112
123
9
50
89
93
95
11
38
81
96
97
9
67
79
97
108
81
91
98
104
127
9
72
85
99
103
22
76
87
100
106
12
47
88
101
108
43
79
92
102
110
5
39
63
103
119
42
71
81
97
104
31
48
73
97
105
18
83
86
106
122
33
51
58
101
107
4
80
107
108
125
33
40
53
65
109
19
53
65
109
110
17
43
91
102
111
34
47
78
112
114
38
102
103
110
113
2
18
82
86
114
17
93
102
115
124
4
12
54
82
116
17
33
67
87
117
42
64
71
99
118
37
40
99
119
123
12
21
37
120
124
8
28
90
121
125
67
103
107
109
122
16
36
63
117
123
3
15
39
66
124
10
25
90
122
125
71
94
97
125
126
1
64
102
124
127
0.761214
0.937939
0.38926
0.240965
0.226279
0.491718
0.170887
0.672924
0.368352
0.323109
0.461286
0.542588
0.14193
0.707763
0.882947
0.277987
0.180391
0.760505
0.183542
0.041255
0.619243
0.239751
0.17181
0.981603
0.291865
0.903443
0.178219
0.818977
0.502019
0.078595
0.733605
0.892073
0.163017
0.72559
0.445053
0.75387
0.713928
0.0266
0.178721
0.471027
0.933594
0.342073
0.628873
0.012084
0.711127
0.603068
0.715395
0.904661
0.146499
0.26159
0.995781
0.156284
0.720627
0.725076
0.682994
0.227441
0.215134
0.666341
0.18625
0.661563
0.492528
0.386629
0.300232
0.947577
0.508094
0.561252
0.949256
0.653877
0.957853
0.106367
0.84664
0.335415
0.810488
0.855637
0.271488
0.408831
0.726014
0.099056
0.755534
0.110473
0.914456
0.276339
0.575599
0.117154
0.269493
0.403955
0.487049
6.7e-05
0.888656
0.007675
0.773685
0.470579
0.52388
0.208265
0.607368
0.537232
0.164236
0.238119
0.066904
0.066284
0.013776
0.220474
0.679661
0.316215
0.342734
0.131905
0.575471
0.342144
0.676317
0.741459
0.584693
0.27607
0.508608
0.251931
0.902913
0.766386
0.493006
0.965457
0.546755
0.328535
0.095467
0.543746
0.860417
0.866719
0.604567
0.393438
0.650296
0.76214
0.411625
0.476254
0.680616
0.876653
0.79101
0.022391
0.124372
0.852778
0.833823
0.388807
0.584278
0.905845
0.911559
0.783093
0.209589
0.730283
0.101098
0.893938
0.149149
0.662349
0.610243
0.7769
0.551578
0.059567
0.705846
0.383155
0.320285
0.991674
0.5904
0.710719
0.526326
0.769973
0.752073
0.657146
0.997743
0.459794
0.706192
0.797778
0.376035
0.457175
0.969167
0.032291
0.335296
0.486213
0.001465
0.899127
0.286244
0.257705
0.820326
0.277983
0.657623
0.821503
0.792477
0.781951
0.088638
0.079847
0.30677
0.035948
0.50043
0.394782
0.557026
0.298789
0.485754
0.334745
0.195208
0.649367
0.673436
0.829232
0.874752
0.704462
0.687498
0.056676
0.109779
0.812563
0.232951
0.355565
0.145297
0.195152
0.775417
0.26186
0.449035
0.151671
0.67793
0.72827
0.361692
0.784747
0.239907
0.691904
0.729965
0.968657
0.232322
0.09371
0.263035
0.122862
0.169694
0.334115
0.413991
0.903724
0.195616
0.971759
0.810153
0.881471
0.929444
0.753241
0.78878
0.437818
0.51045
0.932485
0.378256
0.041947
0.762754
0.573158
0.814876
0.075551
0.621232
0.247706
0.903269
0.10991
0.843069
0.088554
0.025097
0.235059
0.333045
0.626529
0.131725
0.43733
0.204264
0.855303
0.044967
0.355938
0.631374
0.913088
0.867993
0.895192
0.062853
0.840923
0.779913
0.902432
0.311576
0.911765
0.402641
0.6341
0.424179
0.427648
0.546637
0.355927
0.792737
0.633639
0.689756
0.231035
0.969575
0.660176
0.197196
0.75049
0.173714
0.063385
0.527553
0.553524
0.188966
0.348379
0.945769
0.285003
0.155568
0.992562
0.302306
0.680254
0.23156
0.550121
0.386282
0.961579
0.432806
0.584174
0.944766
0.989234
0.101658
0.834321
0.382116
0.594829
0.375048
0.401116
0.158858
0.572766
0.546716
0.189356
0.54173
0.973102
0.714409
0.480983
0.916084
0.575314
0.135048
0.54751
0.180973
0.767505
0.967174
0.360819
0.434918
0.421496
0.2853
0.79418
0.617728
0.064052
0.838806
0.187088
0.979151
0.376663
0.61645
0.077824
0.344663
0.802354
0.477208
0.904603
0.575138
0.928572
0.98261
0.453895
0.565157
0.834921
0.221533
0.86163
0.59192
0.7255
0.079854
0.766188
0.310787
0.805232
0.509153
0.274614
0.95276
0.765062
0.985686
0.36447
0.64922
0.611589
0.687557
0.038317
0.291719
0.909338
0.42382
0.960644
0.213503
0.997424
0.697581
0.776393
0.396861
0.907008
0.545463
0.680938
0.094808
0.631681
0.879079
0.178283
0.737726
0.025401
0.926203
0.982917
0.35418
0.107074
0.658576
0.029835
0.482486
0.271779
0.473339
0.018276
0.051612
0.015976
0.619132
0.560093
0.233158
0.646643
0.884207
0.277322
0.831994
0.662509
0.03382
0.37515
0.507757
0.731699
0.287131
0.98273
0.68454
0.372814
0.097025
0.181368
0.487608
0.494695
0.767719
0.726177
0.201273
0.594957
0.020622
0.398547
0.764105
0.399509
0.835596
0.976155
0.607213
0.145004
0.379677
0.009483
0.602726
0.821569
0.62994
0.786086
0.799904
0.851013
0.266664
0.871269
0.654094
0.289726
0.987295
0.950182
0.574441
0.843208
0.261494
0.416037
0.183972
0.520103
0.496001
0.212813
0.672802
0.11779
0.061691
0.384905
0.409825
0.319741
0.257947
0.338776
0.163376
0.403452
0.904603
0.224427
0.684451
0.141785
0.353907
0.321175
0.937029
0.427982
0.690466
0.602463
0.14103
0.93954
0.345869
0.044758
0.300444
0.335634
0.092745
0.619977
0.346764
0.629135
0.006741
0.982048
0.170516
0.659331
0.715784
0.171608
0.111712
0.152577
0.246818
0.168232
0.673999
0.420833
0.537792
0.047337
0.861249
0.170572
0.360152
0.071902
0.136793
0.665799
0.692587
0.676965
0.552137
0.952522
0.507177
0.449412
0.247546
0.09885
0.548155
0.31489
0.524025
0.206119
0.838173
0.999697
0.322404
0.842328
0.872986
0.996074
0.34272
0.756041
0.228809
0.624796
0.704843
0.741121
0.207172
0.848726
0.420972
0.21637
0.542531
0.863357
0.967088
0.748208
0.005623
0.134701
0.076274
0.101214
0.383035
0.338493
0.113685
0.882235
0.615428
0.796463
0.371549
0.410236
0.317621
0.438427
0.610377
0.492984
0.837917
0.900139
0.469684
0.239748
0.945192
0.735039
0.640127
0.745414
0.075982
0.067626
0.153121
0.147451
0.42067
0.157404
0.854526
0.578097
0.368262
0.069623
0.591028
0.116533
0.74322
0.802758
0.543976
0.149603
0.786863
0.307828
0.222653
0.470557
0.922646
0.297373
0.905579
0.053653
0.083524
0.698561
0.190593
0.316621
0.136373
0.332248
0.28046
0.736338
0.702023
0.954927
0.724422
0.694818
0.694204
0.882967
0.296237
0.300092
0.741214
0.228705
0.91202
0.534782
0.300125
0.7761
0.312321
0.963278
0.982989
0.666796
0.113634
0.263209
0.515417
0.851447
0.184886
0.104403
0.074477
0.506968
0.884701
0.042359
0.212322
0.693257
0.825863
0.8074
0.785068
0.1298
0.397238
0.984745
0.988888
0.602427
0.709267
0.951284
0.449928
0.136867
0.668949
0.960102
0.697206
0.803321
0.422749
0.096463
0.168882
0.982655
0.493184
0.012021
0.955367
0.49778
0.836268
0.548458
0.101702
0.61557
0.9974
0.034738
0.841794
0.235481
0.393866
0.37271
0.898797
0.504486
0.447174
0.818025
0.048907
0.086456
0.021689
0.687983
0.525616
0.876022
0.498533
0.22182
0.805147
0.294324
0.93569
0.250424
0.167721
0.493324
0.050515
0.036412
0.496015
0.215107
0.009353
0.296057
0.477367
0.394289
0.135469
0.579675
0.710333
0.675539
0.393762
0.137596
0.499487
0.890432
0.468723
0.195681
0.093053
0.943927
0.743009
0.312967
0.295352
0.895218
0.177568
0.535037
0.713504
0.39639
0.039902
0.227759
0.901808
0.523119
0.815441
0.555686
0.943602
0.909134
0.482888
0.318274
0.601669
0.674888
0.498355
0.822283
0.183329
0.334412
0.686376
0.246684
0.439845
0.963734
0.625876
0.949057
0.722441
0.724667
0.591857
0.142209
0.519714
0.252666
0.998673
0.266962
0.230686
0.623883
0.510949
0.021353
0.129533
0.811043
0.483692
0.146015
0.465243
0.253149
0.223591
0.957725
0.362025
0.046431
0.970327
0.79484
0.254413
0.408892
0.86229
0.357414
0.567404
0.534857
0.401295
0.639502
0.473291
0.02123
0.814383
0.113156
0.46409
0.579901
0.705506
0.410797
0.735548
0.13135
0.653446
0.826339
0.889444
0.579566
0.312895
0.163357
0.345559
0.539974
0.19633
0.952515
0.897135
0.032957
0.561962
0.789309
0.245392
0.523896
0.405992
0.196546
0.614737
0.993692
0.365287
0.552379
0.327855
0.876949
0.864603
0.178773
0.899949
0.151509
0.09544
0.652935
0.385904
0.530741
0.652571
0.052837
0.292953
0.460906
0.266587
0.048971
0.086677
0.801748
0.911387
0.152233
0.249262
0.652249
0.954272
0.29959
0.855214
0.506025
0.956559
0.136259
0.973672
0.440979
0.952938
0.45869
0.530082
0.804775
0.722629
0.619603
0.41698
0.792438
0.948228
0.009811
0.587845
0.865981
0.653113
0.800829
0.895061
0.750951
0.717017
0.964746
0.863685
0.815378
0.086403
0.23903
0.556756
0.70956
0.303215
0.093328
0.311099
0.771029
0.877401
0.912904
0.378867
0.372539
0.406707
0.375809
0.666197
0.358323
0.020344
0.439025
0.224152
0.028807
0.470843
0.205955
0.452742
0.27775
0.603709
0.990877
0.547232
0.646896
0.919276
0.374
0.166548
0.282797
0.402795
0.645018
0.004588
0.853383
0.076094
0.900655
0.949435
0.990103
0.80951
0.141856
0.706167
0.203321
0.897128
0.316606
0.326796
0.917653
0.013231
0.193966
0.421932
0.700722
0.647566
0.669412
0.880022
0.12103
0.522162
0.725478
0.636118
0.448314
0.017115
0.060452
0.118941
0.343228
0.117653
0.426082
0.178642
0.779166
0.871488
0.389648
0.511332
0.953496
0.535508
0.995073
0.142131
0.862226
0.497203
0.022714
0.972223
0.965048
0.383271
0.954142
0.14101
0.68011
0.191929
0.246647
0.779337
0.377358
0.007128
0.414238
0.228069
0.68333
0.194449
0.842254
0.267093
0.393028
0.298037
0.643923
0.101164
0.478099
0.334455
0.884138
0.073412
0.829695
0.16768
0.088578
0.202323
0.102653
0.520984
0.988215
0.034327
0.461128
0.38607
0.339606
0.331864
0.895013
0.018976
0.774916
0.252933
0.383296
0.42015
0.304732
0.093559
0.114331
0.298131
0.821809
0.134628
0.74264
0.28887
0.883465
0.428328
0.171723
0.985844
0.176635
0.56762
0.569286
0.372813
0.951489
0.843875
0.82982
0.974152
0.457109
0.097186
0.765456
0.380813
0.190345
0.483247
0.925719
0.171357
0.848699
0.418205
0.136802
0.848382
0.96962
0.291271
0.303536
0.390546
0.81413
0.010417
0.223957
0.7059
0.405639
0.330296
0.872283
0.917334
0.947986
0.272551
0.912513
0.736966
0.154215
0.61027
0.026335
0.708378
0.733568
0.789339
0.172525
0.62825
0.178857
0.94665
0.675011
0.095326
0.187032
0.66346
0.47667
0.736298
0.280789
0.657918
0.17696
0.54371
0.9578
0.628222
0.049994
0.988762
0.156866
0.718069
0.53253
0.294361
0.17731
0.177702
0.8584
0.872913
0.465146
0.103621
0.884165
0.487016
0.438762
0.407357
0.365014
0.526005
0.604541
0.466432
0.896648
0.317661
0.578312
0.299954
0.75335
0.102121
0.188699
0.801201
0.183198
0.625746
0.970243
0.522891
0.187396
0.320691
0.823458
0.351661
0.723511
0.77735
0.501183
0.783213
0.316903
0.51616
0.686558
0.168073
0.273622
0.652037
0.65536
0.493303
0.795585
0.482055
0.881322
0.735903
0.314695
0.395254
0.667687
0.894453
0.178709
0.514664
0.118784
0.279455
0.685981
0.077735
0.662359
0.900811
0.96937
0.216632
0.748898
0.92637
0.091369
0.414024
0.91941
0.202787
0.933761
0.527192
0.099893
0.449877
0.326261
0.282204
0.541476
0.483593
0.481967
0.088142
0.802318
0.481439
0.820906
0.824595
0.317135
0.004346
0.911246
0.760695
0.107252
0.701727
0.020023
0.027759
0.525823
0.096037
0.964337
0.893831
0.649812
0.063709
0.324835
0.371723
0.48088
0.168903
0.577512
0.435771
0.947297
0.936195
0.565474
0.644349
0.137796
0.223323
0.900715
0.699166
0.18943
0.57021
0.934761
0.345171
0.18582
0.942025
0.461265
0.417242
0.267567
0.891585
0.845617
0.40299
0.030613
0.446651
0.180858
0.142734
0.393094
0.099077
0.957465
0.047539
0.40137
0.162703
0.688811
0.078811
0.546806
0.773101
0.95006
0.698528
0.099492
0.088521
0.731598
0.215329
0.447239
0.976621
0.819907
0.846593
0.86077
0.619545
0.743934
0.358961
0.998446
0.279622
0.590007
0.282062
0.112071
0.567586
0.353349
0.583219
0.558678
0.542257
0.123301
0.440181
0.812004
0.315143
0.443832
0.493832
0.862731
0.6556
0.100203
0.865171
0.832066
0.753646
0.466058
0.757545
0.478742
0.736624
0.88011
0.890542
0.454579
0.859343
0.101457
0.101819
0.548267
0.651845
0.152994
0.47218
0.094363
0.602099
0.855094
0.737639
0.378292
0.993794
0.662935
0.815248
0.669697
0.989416
0.82136
0.519423
0.36688
0.682155
0.590222
0.629351
0.343012
0.428728
0.558097
0.839283
0.762909
0.118656
0.245554
0.026658
0.007961
0.224375
0.799321
0.904748
0.391768
0.563199
0.706053
0.952937
0.912932
0.057192
0.248166
0.049145
0.616542
0.710493
0.308283
0.853852
0.452813
0.998382
0.0004
0.10949
0.301793
0.025508
0.782339
0.052772
0.74898
0.052568
0.252727
0.841277
0.951095
0.414526
0.969939
0.626881
0.415835
0.802801
0.295329
0.265796
0.656548
0.390487
0.135918
0.066964
0.787843
0.675911
0.411798
0.896228
0.410857
0.710295
0.909115
0.840715
0.511105
0.680636
0.413666
0.647197
0.257552
0.434742
0.209546
0.038185
0.58854
0.864429
0.025578
0.19603
0.460185
0.665897
0.171229
0.056695
0.519049
0.81871
0.035235
0.349369
0.663515
0.130742
0.235947
0.535493
0.953232
0.287343
0.487527
0.399931
0.897397
0.07189
0.566148
0.84612
0.988118
0.698725
0.379935
0.411824
0.351682
0.603613
0.739406
0.819468
0.416593
0.716709
0.916223
0.920825
0.704029
0.636902
0.531526
0.183198
0.12363
0.485711
0.159444
0.577
0.645703
0.525616
0.036427
0.057728
0.113341
0.153646
0.989883
0.344495
0.291973
0.052267
0.63532
0.652191
0.175449
0.919242
0.800494
0.230319
0.48585
0.458391
0.34852
0.817635
0.109264
0.415314
0.428031
0.468726
0.86135
0.218167
0.102923
0.617808
0.173834
0.074932
0.426649
0.219646
0.361217
0.259711
0.092636
0.560347
0.027018
0.966375
0.341331
0.695158
0.810363
0.279105
0.748739
0.832421
0.241317
0.992495
0.020689
0.217
0.780021
0.194131
0.69826
0.85553
0.959214
0.474248
0.971109
0.411622
0.218128
0.513922
0.649823
0.457963
0.566972
0.416409
0.524762
0.952596
0.499831
0.25318
0.758747
0.337584
0.816207
0.056842
0.332178
0.09436
0.085318
0.65839
0.385335
0.871479
0.516405
0.295343
0.720889
0.624017
0.799595
0.643588
0.167013
0.67031
0.391549
0.463143
0.921565
0.359964
0.611959
0.363482
0.094727
0.453525
0.597062
0.407503
0.390666
0.820379
0.029685
0.295585
0.811757
0.92053
0.4123
0.888794
0.19893
0.221427
0.846191
0.903258
0.222806
0.059324
0.090324
0.261381
0.761449
0.509992
0.455589
0.58414
0.890223
0.09043
0.694724
0.926791
0.21335
0.837772
0.698025
0.014469
0.231612
0.605845
0.5024
0.527936
0.23193
0.675003
0.266418
0.389435
0.368916
0.672025
0.090253
0.205542
0.200497
0.108425
0.207595
0.60706
0.732168
0.660303
0.475188
0.052435
0.959007
0.168076
0.668421
0.912891
0.697777
0.21805
0.315796
0.030206
0.612758
0.612993
0.725501
0.010996
0.817841
0.738711
0.140887
0.347627
0.638525
0.495797
0.115094
0.087345
0.781456
0.155967
0.172093
0.830923
0.61214
0.604716
0.479346
0.568995
0.60177
0.967826
0.222973
0.214562
0.057218
0.658199
0.549042
0.111239
0.364539
0.178663
0.331482
0.951264
0.683319
0.007569
0.252508
0.010362
0.714868
0.469422
0.994019
0.733583
0.517913
0.804705
0.704804
0.243776
0.530258
0.555999
0.451232
0.179193
0.223369
0.281047
0.010255
0.916944
0.686096
0.689617
0.572331
0.689311
0.981863
0.38516
0.712526
0.359529
0.854289
0.858029
0.902266
0.005463
0.298191
0.133924
0.453986
0.49545
0.255904
0.723446
0.26977
0.853891
0.177659
0.367235
0.622238
0.605335
0.078029
0.846259
0.598065
0.86986
0.867636
0.545919
0.910781
0.848408
0.958123
0.850498
0.821204
0.46936
0.212031
0.910709
0.722549
0.281748
0.340996
0.686079
0.477817
0.081483
0.141448
0.745649
0.32857
0.507649
0.766621
0.751176
0.167015
0.098394
0.591152
0.741633
0.14904
0.371955
0.870278
0.944223
0.45407
0.079516
0.257696
0.23297
0.238964
0.493882
0.583226
0.12251
0.889356
0.619974
0.597252
0.987279
0.628144
0.928959
0.286257
0.240129
0.516519
0.508609
0.226484
0.699656
0.029634
0.69063
0.457178
0.689008
0.477081
0.977334
0.334685
0.982573
0.064974
0.683761
0.454219
0.822138
0.789616
0.80021
0.094739
0.822366
0.21404
0.02568
0.217739
0.479285
0.742111
0.218632
0.113008
0.645967
0.983898
0.60087
0.691057
0.561167
0.782348
0.975804
0.544129
0.416791
0.860343
0.969728
0.129182
0.578171
0.79246
0.533339
0.409197
0.65523
0.270128
0.349134
0.992277
0.636465
0.872927
0.807769
0.652273
0.840729
0.287158
0.637116
0.590603
0.62242
0.168632
0.277243
0.286658
0.601946
0.972547
0.954068
0.22719
0.304845
0.036062
0.398816
0.834674
0.915752
0.236496
0.265794
0.22085
0.350104
0.804759
0.646857
0.785941
0.583031
0.257733
0.227994
0.009001
0.780982
0.847121
0.768283
0.074402
0.762222
0.045767
0.105593
0.440475
0.476147
0.816119
0.679527
0.15332
0.226147
0.285675
0.123673
0.287645
0.728598
0.241401
0.83536
0.469517
0.322936
0.412418
0.709497
0.516793
0.007279
0.922324
0.065996
0.938621
0.028153
0.770979
0.534675
0.505726
0.072779
0.238745
0.777547
0.89126
0.529119
0.353343
0.059943
0.682179
0.278447
0.055014
0.665852
0.48572
0.011962
0.110924
0.699202
0.063671
0.865963
0.311326
0.088666
0.759757
0.524427
0.30664
0.406098
0.021412
0.662699
0.365774
0.714038
0.628171
0.651254
0.792893
0.631158
0.418726
0.389928
0.119582
0.779443
0.761108
0.246298
0.862682
0.589003
0.478687
0.017496
0.382741
0.640671
0.089748
0.459567
0.993436
0.716539
0.546871
0.533033
0.043765
0.957314
0.928178
0.682405
0.099012
0.207834
0.18391
0.519578
0.207804
0.695801
0.54523
0.017658
0.744057
0.188829
0.824885
0.355045
0.33862
0.011817
0.987729
0.612004
0.42273
0.096621
0.699148
0.28273
0.988281
0.950547
0.735297
0.971072
0.105634
0.279915
0.253243
0.072013
0.972227
0.059974
0.856689
0.768161
0.375867
0.018807
0.006096
0.203994
0.493877
0.45791
0.585293
0.771959
0.377355
0.160364
0.800049
0.332691
0.286882
0.764312
0.934139
0.914961
0.137442
0.503158
0.09287
0.960976
0.215228
0.19743
0.888886
0.967851
0.697632
0.121005
0.485856
0.816605
0.572477
0.132595
0.171888
0.864142
0.527029
0.705837
0.373063
0.532486
0.977103
0.329703
0.674789
0.172506
0.12174
0.78364
0.844108
0.668312
0.158196
0.240588
0.911176
0.288704
0.818861
0.285937
0.939463
0.914453
0.043263
0.770414
0.169462
0.215272
0.459845
0.576318
0.3258
0.575383
0.170658
0.022338
0.571224
0.517415
0.689654
0.649822
0.897486
0.459469
0.008369
0.630653
0.675132
0.521495
0.689305
0.323584
0.148808
0.664554
0.245186
0.456316
0.491623
0.4772
0.598449
0.029454
0.989682
0.71631
0.425388
0.19133
0.080177
0.67219
0.316956
0.229478
0.379954
0.592923
0.671705
0.64517
0.863266
0.218757
0.636746
0.101114
0.547935
0.583958
0.216237
0.391693
0.827193
0.148409
0.434506
0.932733
0.504109
0.725134
0.826866
0.203774
0.218217
0.758591
0.753307
0.060183
0.322498
0.398532
0.82904
0.421862
0.925929
0.996608
0.780726
0.666387
0.391897
0.067039
0.573139
0.361705
0.350898
0.687709
0.463639
0.752094
0.398173
0.150863
0.461348
0.951013
0.801525
0.205749
0.391301
0.927792
0.123699
0.25395
0.262223
0.570933
0.410733
0.079871
0.629181
0.099078
0.606415
0.507008
0.493669
0.067496
0.63922
0.43132
0.411106
0.596451
0.606248
0.015033
0.125226
0.236518
0.677977
0.576741
0.757629
0.740608
0.853183
0.376815
0.345064
0.831015
0.237602
0.461172
0.194326
0.913841
0.407803
0.212487
0.692013
0.244645
0.943504
0.367617
0.664641
0.345245
0.807246
0.896923
0.787918
0.848499
0.101881
0.924065
0.624301
0.869218
0.684437
0.201848
0.609555
0.090946
0.695723
0.409001
0.151733
0.97923
0.901084
0.893544
0.78882
0.691981
0.655079
0.106094
0.900566
0.881128
0.747853
0.927315
0.553083
0.447642
0.967947
0.464131
0.641324
0.373062
0.636326
0.720099
0.624656
0.514563
0.300111
0.643846
0.908429
0.006913
0.133929
0.119773
0.923205
0.662748
0.951788
0.582813
0.461733
0.792343
0.160942
0.381338
0.466274
0.298458
0.371286
0.078105
0.197984
0.335497
0.79589
0.182497
0.34664
0.06492
0.557104
0.611251
0.865516
0.819116
0.285378
0.136954
0.156083
0.968964
0.673226
0.042571
0.136779
0.4858
0.207829
0.803659
0.573217
0.612632
0.462826
0.256063
0.589404
0.71697
0.370948
0.504944
0.839684
0.148682
0.545224
0.348413
0.702795
0.01881
0.670473
0.102898
0.064768
0.724623
0.640342
0.894936
0.519655
0.530024
0.707018
0.323398
0.036912
0.230046
0.238013
0.335659
0.943463
0.804843
0.935956
0.99861
0.433779
0.227073
0.560004
0.881134
0.465732
0.505399
0.134439
0.420455
0.386995
0.351689
0.887299
0.059301
0.972147
0.008247
0.945594
0.548048
0.702445
0.187133
0.654212
0.881958
0.13948
0.127082
0.303978
0.161726
0.110646
0.678319
0.213827
0.667015
0.861929
0.652025
0.119367
0.573578
0.393629
0.343371
0.318531
0.929432
0.742507
0.133849
0.476005
0.318223
0.977938
0.978029
0.319534
0.352113
0.599414
0.479307
0.213101
0.660412
0.334129
0.653716
0.383682
0.70021
0.667799
0.508813
0.70474
0.460966
0.116138
0.182106
0.245993
0.063229
0.711381
0.36739
0.093523
0.819958
0.683654
0.452224
0.247425
0.151746
0.458374
0.885246
0.188395
0.568659
0.961686
0.637117
0.439965
0.716373
0.824578
0.590516
0.871832
0.514592
0.830029
0.952019
0.501243
0.605002
0.609468
0.781435
0.822966
0.027229
0.73336
0.783815
0.700429
0.713696
0.041403
0.442039
0.81818
0.934007
0.229468
0.579195
0.80433
0.752408
0.61889
0.018691
0.723886
0.773243
0.72285
0.765809
0.430915
0.993752
0.770787
0.57868
0.934191
0.908198
0.814567
0.563695
0.527101
0.328708
0.250878
0.51236
0.577782
0.244526
0.922601
0.557274
0.526505
0.435638
0.058071
0.882401
0.316994
0.64246
0.607434
0.584487
0.525712
0.18144
0.280606
0.524188
0.789342
0.431989
0.203923
0.087944
0.663011
0.42334
0.125371
0.674467
0.207579
0.509016
0.306188
0.93169
0.228288
0.419919
0.959494
0.318725
0.644593
0.316727
0.110675
0.627547
0.916032
0.452565
0.626177
0.608898
0.41509
0.614897
0.259318
0.378038
0.442319
0.864009
0.348333
0.635137
0.213404
0.25257
0.648429
0.76231
0.462117
0.3351
0.910272
0.135808
0.720714
0.690171
0.690245
0.93542
0.72819
0.301565
0.353409
0.391111
0.030809
0.91351
0.073553
0.699794
0.730161
0.843715
0.553362
0.725264
0.302723
0.745584
0.343416
0.902838
0.163382
0.315757
0.498769
0.775851
0.748799
0.210717
0.144236
0.30397
0.483754
0.539005
0.429138
0.66309
0.427559
0.946329
0.260969
0.627372
0.611378
0.281575
0.411688
0.365474
0.172499
0.477295
0.386662
0.178317
0.44988
0.421844
0.131366
0.131188
0.647507
0.706581
0.94118
0.087005
0.117861
0.051818
0.532228
0.622747
0.403523
0.797902
0.686699
0.98584
0.137895
0.058316
0.274804
0.01905
0.932611
0.303952
0.55243
0.31807
0.245809
0.152365
0.320366
0.615419
0.971621
0.558092
0.532709
0.035263
0.840099
0.044841
0.906232
0.538672
0.168467
0.451707
0.994984
0.305083
0.26946
0.118006
0.597142
0.089227
0.766008
0.919224
0.931871
0.107916
0.558263
0.09711
0.572016
0.814981
0.53779
0.872054
0.801674
0.276548
0.630102
0.007412
0.396042
0.23796
0.937116
0.405389
0.654064
0.731982
0.773213
0.735775
0.289165
0.686068
0.549009
0.597373
0.000815
0.258258
0.930684
0.290076
0.438016
0.186674
0.138603
0.208669
0.553647
0.919029
0.326199
0.323408
0.564141
0.356743
0.910416
0.377848
0.490442
0.533389
0.782068
0.563906
0.239155
0.123987
0.937775
0.801563
0.022965
0.821529
0.590598
0.518894
0.012229
0.780864
0.198065
0.727981
0.015868
0.796354
0.023039
0.235893
0.268278
0.157509
0.481058
0.283688
0.993288
0.579969
0.566478
0.22087
0.408689
0.123978
0.762529
0.331159
0.751966
0.371696
0.988757
0.171122
0.001524
0.594826
0.952953
0.647054
0.085724
0.54048
0.909487
0.006506
0.166912
0.814562
0.893907
0.707161
0.99156
0.090216
0.545677
0.684995
0.702645
0.793485
0.917626
0.361641
0.042963
0.362442
0.671615
0.213456
0.809973
0.219764
0.010063
0.508081
0.726462
0.349655
0.748896
0.438404
0.171715
0.090558
0.710587
0.385715
0.912774
0.540255
0.348432
0.348991
0.131438
0.593789
0.582167
0.799994
0.201197
0.29079
0.097238
0.295342
0.428102
0.964028
0.653066
0.782874
0.32551
0.144513
0.25672
0.256468
0.583115
0.341471
0.857399
0.988545
0.343298
0.70506
0.657487
0.194462
0.918009
0.199443
0.736957
0.34761
0.367082
0.455449
0.864508
0.140252
0.05457
0.402041
0.055585
0.687601
0.760325
0.854712
0.743842
0.916351
0.748301
0.936076
0.193111
0.499863
0.993931
0.681578
0.878641
0.030394
0.871758
0.697713
0.170755
0.025681
0.259927
0.915773
0.668133
0.919469
0.446151
0.936627
0.46296
0.204255
0.151393
0.993812
0.333863
0.160053
0.008408
0.28557
0.889116
0.534009
0.632435
0.922391
0.51284
0.83828
0.323833
0.977102
0.078814
0.72483
0.660566
0.191672
0.388844
0.312829
0.094493
0.584788
0.99367
0.559588
0.54526
0.040314
0.13922
0.513219
0.985179
0.876608
0.340209
0.543004
0.552702
0.685361
0.687782
0.789792
0.024971
0.94368
0.070062
0.47616
0.919579
0.487669
0.063637
0.22924
0.578667
0.087862
0.423678
0.329093
0.815208
0.110132
0.682798
0.406589
0.587751
0.205532
0.609704
0.673978
0.070232
0.824344
0.861254
0.063554
0.603187
0.594011
0.012458
0.342346
0.968926
0.555451
0.933212
0.675645
0.028391
0.077713
0.722179
0.554568
0.127152
0.614063
0.810287
0.752982
0.246162
0.258195
0.967838
0.887405
0.318337
0.824054
0.161739
0.196841
0.181196
0.087721
0.854678
0.578807
0.258956
0.848655
0.802647
0.100952
0.644139
0.721834
0.715827
0.723143
0.169458
0.315086
0.844179
0.898392
0.279189
0.02302
0.859767
0.377092
0.329464
0.347
0.415696
0.378267
0.566431
0.07894
0.97154
0.936451
0.934407
0.879278
0.660326
0.221109
0.049483
0.099321
0.323993
0.503883
0.993253
0.435443
0.524646
0.695157
0.180734
0.932827
0.529035
0.276256
0.935109
0.625451
0.48369
0.580156
0.748302
0.154538
0.86483
0.959507
0.567
0.682271
0.859833
0.374811
0.992832
0.680501
0.423999
0.677338
0.52168
0.111642
0.795865
0.564376
0.795846
0.154912
0.538357
0.766624
0.988305
0.884397
0.86435
0.24746
0.837985
0.169281
0.198108
0.110117
0.857597
0.108254
0.138111
0.245887
0.572662
0.88018
0.418228
0.546286
0.166489
0.265946
0.133926
0.409919
0.590336
0.28402
0.845996
0.981238
0.120155
0.01786
0.789777
0.190643
0.353147
0.394231
0.916599
0.658838
0.040609
0.01481
0.199568
0.318172
0.484524
0.837839
0.314818
0.376537
0.329338
0.008965
0.955202
0.138996
0.287667
0.129303
0.490543
0.932166
0.100701
0.440897
0.022375
0.770898
0.641226
0.699699
0.472336
0.907633
0.409557
0.514085
0.695289
0.520561
0.189336
0.317071
0.092294
0.432613
0.609392
0.11853
0.630587
0.892872
0.337724
0.222033
0.893006
0.691945
0.105395
0.408112
0.67409
0.574384
0.618547
0.567135
0.798061
0.320427
0.708462
0.991079
0.389959
0.791048
0.246109
0.281897
0.934864
0.025938
0.217427
0.482921
0.401848
0.62917
0.192722
0.070547
0.369333
0.524355
0.562002
0.601494
0.548662
0.245752
0.76455
0.08778
0.198354
0.739378
0.279726
0.493473
0.327198
0.506981
0.346656
0.994208
0.357478
0.627049
0.888343
0.637935
0.565857
0.569229
0.496461
0.80758
0.050424
0.88513
0.586292
0.848873
0.010393
0.869276
0.120138
0.721218
0.416521
0.681072
0.62819
0.163397
0.514614
0.27723
0.560437
0.738003
0.081258
0.515762
0.61763
0.295367
0.953003
0.520303
0.182517
0.107788
0.54166
0.375238
0.192547
0.030698
0.5666
0.5986
0.141803
0.601738
0.951973
0.978296
0.888493
0.807079
0.209368
0.156435
0.444948
0.619632
0.850679
0.231963
0.479648
0.64744
0.445594
0.454194
0.225117
0.986661
0.475193
0.532742
0.218559
0.514137
0.25535
0.202336
0.275722
0.00276
0.570151
0.38748
0.898689
0.040707
0.0432
0.885874
0.126645
0.00216
0.178914
0.823876
0.802714
0.340132
0.668031
0.50725
0.904735
0.056423
0.813179
0.170599
0.391621
0.191957
0.702614
0.678326
0.547898
0.698163
0.639565
0.776442
0.239407
0.428913
0.151627
0.429594
0.701692
0.691391
0.709427
0.308768
0.662214
0.367466
0.944492
0.343366
0.603018
0.750146
0.906407
0.437929
0.360485
0.430028
0.323696
0.653924
0.932717
0.126071
0.560922
0.897649
0.100115
0.493865
0.86523
0.900452
0.514352
0.024952
0.105639
0.586717
0.123859
0.149418
0.772117
0.750692
0.842773
0.105735
0.198145
0.832961
0.721088
0.805956
0.989746
0.864432
0.520463
0.310768
0.569677
0.638587
0.335312
0.770937
0.092754
0.779393
0.031999
0.497966
0.861436
0.086495
0.517739
0.159391
0.894816
0.832346
0.933917
0.874982
0.736553
0.184889
0.302503
0.496855
0.588897
0.782183
0.22696
0.128277
0.48261
0.157841
0.693737
0.575631
0.741108
0.063437
0.964698
6e-06
0.325442
0.679635
0.045142
0.08335
0.076681
0.58151
0.895925
0.555437
0.603571
0.346002
0.018741
0.021615
0.88831
0.102572
0.999789
0.164423
0.674634
0.948955
0.362289
0.734433
0.350857
0.304941
0.201804
0.820935
0.257387
0.283158
0.99897
0.32731
0.422774
0.990055
0.3693
0.366152
0.827714
0.31193
0.233786
0.42321
0.700641
0.043243
0.373916
0.346245
0.244818
0.654287
0.28999
0.606732
0.504337
0.21719
0.266566
0.1706
0.056629
0.619188
0.672789
0.166
0.615392
0.982085
0.074402
0.490371
0.733038
0.046009
0.778273
0.979511
0.088488
0.82223
0.378582
0.144116
0.493193
0.071519
0.522101
0.019357
0.728611
0.48797
0.45894
0.196191
0.361263
0.181869
0.73539
0.199025
0.616753
0.279608
0.656982
0.540455
0.423439
0.673001
0.415722
0.821371
0.729598
0.540639
0.877061
0.828862
0.531839
0.068448
0.565996
0.355257
0.540113
0.64713
0.644839
0.673524
0.679269
0.109281
0.191712
0.630541
0.408172
0.762852
0.124909
0.191523
0.558465
0.500748
0.266397
0.408343
0.034981
0.037038
0.094927
0.576792
0.863716
0.260223
0.03394
0.708627
0.855352
0.138173
0.385748
0.158737
0.106357
0.648169
0.967536
0.678166
0.984815
0.434395
0.89787
0.205084
0.117904
0.70252
0.371408
0.317688
0.671281
0.333484
0.572558
0.299455
0.783758
0.312388
0.534994
0.023176
0.791731
0.620338
0.192237
0.215373
0.262493
0.57653
0.548316
0.273864
0.694062
0.889041
0.043515
0.417197
0.59352
0.586435
0.019535
0.210566
0.061831
0.568965
0.64539
0.159742
0.333011
0.329804
0.819802
0.194659
0.548314
0.782936
0.829578
0.666566
0.299528
0.823047
0.742166
0.704469
0.067335
0.043265
0.695365
0.944795
0.773724
0.831476
0.544982
0.304586
0.677737
0.711971
0.675358
0.946709
0.367179
0.039658
0.908444
0.160499
0.697318
0.873204
0.310141
0.830415
0.332058
0.794258
0.06983
0.655243
0.677138
0.491426
0.687091
0.923184
0.733855
0.961296
0.448612
0.528291
0.263739
0.985602
0.055137
0.35862
0.297697
0.386512
0.917718
0.368038
0.916977
0.423339
0.854769
0.52175
0.311353
0.44935
0.424381
0.259914
0.289639
0.186454
0.336001
0.624406
0.386558
0.712323
0.986978
0.377101
0.462639
0.16411
0.392215
0.726832
0.217405
0.182054
0.376375
0.818649
0.623657
0.957579
0.90454
0.151137
0.042553
0.399095
0.522079
0.515571
0.134107
0.124817
0.046861
0.85086
0.947744
0.115685
0.213122
0.089863
0.877502
0.958709
0.261797
0.303584
0.36267
0.502464
0.682461
0.504391
0.951002
0.099893
0.798606
0.334483
0.377548
0.708829
0.929377
0.716201
0.775861
0.750779
0.320979
0.75693
0.784521
0.5334
0.536756
0.759721
0.817031
0.337195
0.801562
0.814209
0.234126
0.716951
0.186534
0.093049
0.574543
0.908652
0.035459
0.826502
0.506471
0.860895
0.843477
0.875287
0.768874
0.842992
0.176025
0.303853
0.242486
0.742428
0.153643
0.182228
0.878965
0.705882
0.87538
0.139355
0.39898
0.283151
0.009681
0.284523
0.379583
0.09222
0.566488
0.383173
0.046462
0.703979
0.72928
0.834471
0.485541
0.968659
0.914064
0.551352
0.444952
0.003034
0.710995
0.564955
0.937544
0.594232
0.992856
0.853819
0.953598
0.327663
0.149336
0.796872
0.786197
0.211449
0.764745
0.581973
0.109525
0.501784
0.931138
0.506458
0.788699
0.02891
0.728081
0.946837
0.499528
0.33771
0.646651
0.916261
0.17677
0.403694
0.15629
0.496654
0.540422
0.944204
0.412515
0.566957
0.885263
0.321405
0.674164
0.757162
0.330528
0.164341
0.50291
0.356802
0.266462
0.973421
0.502153
0.856478
0.195317
0.939443
0.794431
0.808692
0.389765
0.485637
0.593354
0.789766
0.849057
0.078045
0.904062
0.937497
0.592887
0.186751
0.818415
0.548588
0.817196
0.814808
0.086729
0.607021
0.483144
0.946119
0.296641
0.206
0.897087
0.148716
0.686519
0.30002
0.567846
0.616219
0.417369
0.974965
0.131833
0.391399
0.430395
0.631047
0.40726
0.097036
0.94743
0.416079
0.342674
0.446722
0.216596
0.100222
0.148578
0.166655
0.197673
0.41996
0.623899
0.628888
9.8e-05
0.920958
0.822847
0.963938
0.359986
0.664799
0.168021
0.817033
0.161368
0.325986
0.490835
0.594532
0.559633
0.102096
0.421676
0.922909
0.872369
0.590784
0.572325
0.111675
0.200259
0.25264
0.488196
0.731356
0.460725
0.126061
0.439349
0.162633
0.751147
0.166501
0.482534
0.693414
0.228198
0.07603
0.563299
0.054203
0.587769
0.753499
0.329316
0.488349
0.928762
0.471109
0.996554
0.157002
0.708934
0.652619
0.872305
0.092443
0.280207
0.132179
0.933095
0.426635
0.910066
0.294407
0.126368
0.296537
0.597174
0.845233
0.385391
0.914809
0.244232
0.693541
0.735713
0.273963
0.02697
0.365237
0.045196
0.900754
0.953525
0.73538
0.726685
0.240893
0.073926
0.802105
0.559162
0.681628
0.779641
0.409434
0.144547
0.795037
0.453766
0.826924
0.437699
0.217016
0.171005
0.743922
0.574889
0.404603
0.492117
0.549639
0.239416
0.378166
0.292411
0.388424
0.500562
0.173358
0.393515
0.385494
0.286004
0.998496
0.073628
0.642951
0.174439
0.839524
0.914197
0.401478
0.823478
0.249909
0.140069
0.315878
0.341674
0.397358
0.372959
0.411144
0.710033
0.24558
0.018576
0.489681
0.448291
0.060065
0.133801
0.509921
0.234751
0.877598
0.173292
0.020123
0.447564
0.986163
0.633873
0.35403
0.016868
0.484948
0.206466
0.647754
0.583008
0.265214
0.068883
0.755019
0.585464
0.842126
0.2598
0.652862
0.118681
0.29181
0.656539
0.825581
0.320926
0.798854
0.677752
0.348675
0.876397
0.509229
0.648247
0.495631
0.45272
0.847978
0.294704
0.036629
0.879783
0.825024
0.36656
0.185451
0.675534
0.078761
0.423755
0.085862
0.59791
0.027208
0.629238
0.673206
0.487144
0.175007
0.101394
0.313292
0.465207
0.642208
0.00125
0.711064
0.712712
0.444538
0.343406
0.842309
0.784587
0.983276
0.371931
0.906833
0.087402
0.411466
0.465374
0.440874
0.625098
0.170208
0.866452
0.551764
0.90421
0.002632
0.629988
0.412458
0.505099
0.743805
0.227152
0.204899
0.703008
0.521366
0.233639
0.484019
0.459558
0.691444
0.002661
0.58676
0.605678
0.74551
0.88923
0.44019
0.34252
0.10232
0.336836
0.068485
0.80282
0.807006
0.417238
0.259641
0.11802
0.851237
0.877495
0.26629
0.621761
0.258654
0.225127
0.021208
0.577159
0.149942
0.012371
0.104851
0.313769
0.669163
0.202623
0.887591
0.288488
0.331226
0.217977
0.253805
0.074135
0.294771
0.859617
0.688425
0.875268
0.104859
0.455617
0.229255
0.721216
0.970238
0.815359
0.035278
0.31666
0.02858
0.040167
0.079515
0.276327
0.304203
0.400454
0.404931
0.771409
0.141403
0.157741
0.626589
0.571742
0.154005
0.852264
0.329059
0.366967
0.42046
0.322702
0.557455
0.388648
0.259435
0.904475
0.308351
0.698489
0.347227
0.43522
0.235944
0.75233
0.737203
0.02224
0.060194
0.922376
0.888827
0.506087
0.493357
0.812424
0.13845
0.653699
0.475983
0.743331
0.030103
0.592726
0.556728
0.840848
0.676836
0.88016
0.887273
0.408164
0.137434
0.630284
0.873746
0.074953
0.557923
0.115
0.026996
0.679635
0.68185
0.600658
0.859223
0.080876
0.10526
0.864535
0.503277
0.273053
0.738157
0.894404
0.689603
0.791933
0.282497
0.288775
0.864124
0.614863
0.234163
0.524162
0.68586
0.218549
0.654906
0.042145
0.303692
0.673972
0.149349
0.222199
0.879093
0.674321
0.498919
0.210893
0.34141
0.57433
0.155313
0.481744
0.408974
0.476687
0.105561
0.106497
0.964111
0.979368
0.426165
0.788995
0.655791
0.116917
0.296679
0.313651
0.595774
0.579977
0.923509
0.790036
0.856848
0.891229
0.801277
0.332881
0.215013
0.571767
0.689568
0.386568
0.848339
0.960567
0.569396
0.456592
0.842887
0.02427
0.129013
0.845658
0.732029
0.416137
0.888852
0.351458
0.633845
0.634334
0.184332
0.284852
0.916007
0.183415
0.173575
0.479615
0.092197
0.894626
0.100149
0.616557
0.339782
0.804273
0.589811
0.388306
0.983873
0.066231
0.577786
0.989568
0.690953
0.73977
0.032091
0.021363
0.03611
0.991724
0.97952
0.334509
0.290982
0.145959
0.32914
0.37015
0.748283
0.866294
0.746735
0.646475
0.7659
0.738497
0.47575
0.335851
0.282781
0.679355
0.959304
0.581055
0.912527
0.014229
0.794471
0.853603
0.630994
0.934061
0.589913
0.240537
0.215717
0.555836
0.906484
0.072368
0.604391
0.769803
0.115402
0.11677
0.366128
0.273881
0.198314
0.198694
0.130669
0.610854
0.688126
0.702936
0.532354
0.952906
0.880533
0.957631
0.388795
0.877783
0.762875
0.339973
0.106593
0.682621
0.136452
0.293776
0.500365
0.679883
0.926228
0.59324
0.671413
0.310014
0.687293
0.43779
0.856931
0.392451
0.468272
0.432588
0.811123
0.953699
0.327276
0.475028
0.705926
0.895382
0.493701
0.108894
0.368671
0.550362
0.417525
0.186556
0.036989
0.687409
0.992737
0.919207
0.683271
0.84153
0.255728
0.622434
0.060604
0.707184
0.969872
0.860797
0.534441
0.78874
0.943899
0.216018
0.793259
0.269847
0.876947
0.098355
0.178218
0.720616
0.174778
0.158054
0.555467
0.834987
0.268467
0.841138
0.807953
0.579105
0.646563
0.040441
0.367136
0.263395
0.150004
0.389659
0.354904
0.728892
0.598096
0.9131
0.145408
0.059749
0.534608
0.001027
0.787719
0.505973
0.488066
0.362496
0.374974
0.431134
0.016032
0.083546
0.505048
0.150122
0.778763
0.274485
0.0979
0.23521
0.357098
0.035317
0.141676
0.323847
0.31048
0.800387
0.843255
0.193419
0.12394
0.634162
0.804624
0.963723
0.006796
0.413678
0.733988
0.828559
0.062286
0.680615
0.288939
0.074597
0.489103
0.158153
0.737008
0.741262
0.842068
0.377569
0.01331
0.259736
0.467812
0.694011
0.382041
0.536048
0.524264
0.164982
0.62305
0.439252
0.807919
0.690611
0.111469
0.488758
0.702494
0.087012
0.792497
0.222005
0.503085
0.940561
0.571334
0.424054
0.006795
0.133414
0.578664
0.493825
0.363829
0.923216
0.332483
0.537151
0.568713
0.527468
0.477585
0.337064
0.908764
0.450803
0.528449
0.656478
0.067656
0.781288
0.512507
0.657177
0.772012
0.874099
0.39222
0.81143
0.258837
0.660336
0.102707
0.02003
0.095763
0.319382
0.031095
0.630491
0.316545
0.736376
0.045915
0.216702
0.408003
0.382652
0.130999
0.994137
0.28444
0.721032
0.220027
0.877851
0.387758
0.900902
0.341835
0.008644
0.51702
0.524788
0.119834
0.234964
0.783496
0.036756
0.489527
0.530408
0.688712
0.037456
0.585646
0.003098
0.265178
0.499684
0.911281
0.12659
0.169289
0.66925
0.374862
0.623421
0.997454
0.986872
0.353714
0.503925
0.90469
0.092168
0.452304
0.377577
0.294883
0.994204
0.733549
0.388747
0.829022
0.489666
0.872824
0.26638
0.2236
0.247287
0.538481
0.291313
0.14712
0.994628
0.900433
0.635012
0.891543
0.935463
0.676108
0.51868
0.882002
0.567797
0.126801
0.366856
0.445921
0.935369
0.659185
0.875278
0.757592
0.309861
0.718709
0.1953
0.408146
0.806092
0.611929
0.825413
0.254704
0.749749
0.202324
0.545304
0.433535
0.556476
0.135533
0.361228
0.666904
0.558531
0.54897
0.51083