128 4
0
16
25
52
57
1
4
66
77
106
2
19
45
50
114
2
3
22
66
78
4
8
10
46
124
5
43
48
119
121
6
7
12
104
112
7
21
26
37
62
8
22
25
119
124
9
64
92
94
102
10
45
46
60
73
3
11
28
30
72
2
12
43
78
104
13
52
58
78
120
5
6
10
14
46
15
67
84
109
114
0
16
55
86
122
17
27
28
42
76
17
18
72
86
91
5
19
61
106
116
0
15
20
21
100
20
21
22
45
61
22
37
50
94
127
23
27
38
43
90
24
41
56
59
125
6
25
50
76
95
26
76
96
109
110
6
27
31
39
75
14
28
58
84
112
11
29
76
103
123
1
30
38
41
62
28
31
60
111
127
6
28
32
37
99
29
33
86
91
114
34
35
41
55
86
3
35
83
92
127
1
4
36
45
74
37
53
104
107
127
32
38
58
87
126
5
21
23
39
46
40
48
92
95
116
41
93
109
110
125
40
42
50
117
121
43
66
88
91
120
1
44
78
80
90
42
45
77
99
122
11
15
22
31
46
1
6
20
43
47
22
48
57
94
125
24
34
49
59
120
6
44
50
68
98
24
31
51
52
68
52
83
85
94
101
1
53
76
85
102
1
8
50
54
60
31
44
55
71
79
7
31
56
74
96
57
84
88
95
120
6
19
20
58
64
8
59
88
120
121
1
18
60
85
116
58
59
61
68
69
9
44
61
62
122
25
59
63
64
89
17
20
45
58
64
11
65
77
101
112
31
38
66
80
98
9
34
54
67
79
5
61
67
68
126
8
28
69
70
115
5
43
63
70
79
43
66
71
120
124
8
13
72
77
115
22
56
73
99
115
6
14
56
63
74
5
18
19
63
75
38
50
64
70
76
22
24
77
98
101
10
57
78
88
101
30
33
37
79
117
11
45
80
113
118
8
12
63
81
121
19
21
58
82
84
59
64
83
103
124
3
40
44
80
84
44
57
69
85
112
22
31
82
86
93
7
62
87
92
119
78
80
84
88
119
24
32
65
89
90
15
90
105
115
122
35
54
71
79
91
6
7
68
86
92
2
34
35
93
113
29
78
94
99
122
14
67
92
95
97
27
57
86
96
98
17
41
94
96
97
4
8
83
98
101
8
17
55
99
114
14
77
78
100
122
34
39
50
61
101
59
99
102
106
123
55
83
103
105
110
40
53
74
104
120
16
24
104
105
125
8
55
86
92
106
22
88
104
107
117
1
44
64
108
118
5
37
43
47
109
6
61
65
78
110
29
51
75
92
111
34
35
93
97
112
2
49
65
105
113
3
51
54
75
114
18
19
58
70
115
7
26
66
78
116
7
17
28
45
117
2
35
114
117
118
8
9
83
103
119
0
65
90
120
121
3
47
100
121
127
17
44
77
95
122
14
50
111
123
124
3
18
60
87
124
10
27
76
93
125
53
56
74
113
126
46
64
105
119
127
0.456892
0.036945
0.040999
0.657738
0.951698
0.777393
0.469156
0.055871
0.04502
0.157892
0.975811
0.398661
0.843407
0.705142
0.605429
0.947826
0.230412
0.45489
0.864723
0.551761
0.246445
0.208916
0.752881
0.012789
0.914192
0.018418
0.630989
0.604748
0.578411
0.474343
0.85243
0.659333
0.781862
0.115522
0.049899
0.028529
0.147206
0.667008
0.494022
0.752252
0.19173
0.366963
0.888498
0.935715
0.921729
0.818305
0.688236
0.913678
0.714182
0.953936
0.024788
0.921642
0.555741
0.111798
0.214911
0.852159
0.506117
0.982818
0.117531
0.412503
0.331874
0.516135
0.633438
0.661629
0.001296
0.08896
0.035064
0.864599
0.313292
0.367063
0.450371
0.849304
0.014166
0.118618
0.685163
0.963893
0.642786
0.261123
0.519864
0.97498
0.528077
0.373508
0.383426
0.967034
0.718917
0.687173
0.232054
0.559485
0.356745
0.240202
0.895552
0.383156
0.282787
0.93172
0.197346
0.745505
0.652747
0.920484
0.832047
0.705295
0.314572
0.495569
0.944496
0.023203
0.794332
0.25181
0.185017
0.232225
0.059751
0.99198
0.869869
0.521056
0.715103
0.556595
0.811579
0.844765
0.23279
0.459748
0.634848
0.978441
0.682689
0.897635
0.846112
0.582063
0.893655
0.377422
0.379284
0.780966
0.134544
0.305825
0.608572
0.420066
0.940724
0.958506
0.502581
0.539062
0.724627
0.457265
0.190098
0.746969
0.737786
0.244981
0.832917
0.613649
0.236302
0.652039
0.23361
0.265233
0.848009
0.929492
0.256883
0.928051
0.238799
0.117267
0.058224
0.242113
0.385247
0.927548
0.242158
0.365465
0.734156
0.302074
0.684368
0.432078
0.196445
0.734059
0.027039
0.292335
0.356182
0.458218
0.679869
0.459405
0.594324
0.595779
0.373272
0.933971
0.955854
0.581851
0.071691
0.491128
0.184419
0.483215
0.188483
0.703855
0.080429
0.953304
0.195376
0.660656
0.916962
0.247886
0.934297
0.388675
0.960531
0.971364
0.18808
0.831087
0.193421
0.226441
0.084127
0.156537
0.632219
0.449253
0.790944
0.331997
0.968625
0.049873
0.062936
0.701375
0.887539
0.7955
0.489817
0.269641
0.013452
0.509451
0.475636
0.344246
0.578073
0.728815
0.700888
0.263253
0.585304
0.148774
0.121602
0.785856
0.693746
0.767929
0.152462
0.914619
0.133112
0.870037
0.352379
0.105434
0.286769
0.181448
0.49067
0.949745
0.327871
0.612099
0.891721
0.630074
0.362199
0.990839
0.187414
0.523256
0.796705
0.000649
0.702043
0.266499
0.169727
0.274194
0.966816
0.891935
0.213754
0.117027
0.364153
0.592336
0.867145
0.96609
0.751153
0.599007
0.142332
0.074028
0.596027
0.539064
0.846088
0.322606
0.039691
0.423708
0.969182
0.795575
0.033772
0.874679
0.471689
0.364768
0.34674
0.595144
0.530599
0.656627
0.573641
0.143945
0.257236
0.84103
0.663259
0.448401
0.182601
0.007691
0.311887
0.054847
0.482284
0.821801
0.285399
0.847754
0.704564
0.125262
0.644562
0.15168
0.654791
0.142714
0.392511
0.566594
0.050374
0.153308
0.320409
0.46232
0.858487
0.187273
0.347471
0.475776
0.295779
0.625748
0.256602
0.77235
0.505154
0.086305
0.626999
0.569244
0.338597
0.011157
0.200702
0.40571
0.199914
0.577491
0.712325
0.856018
0.646983
0.689009
0.608442
0.985486
0.261001
0.266259
0.126334
0.485684
0.096162
0.270147
0.482681
0.957596
0.963813
0.74374
0.38925
0.865161
0.875456
0.910197
0.640025
0.201793
0.091081
0.914776
0.055546
0.29589
0.486962
0.021977
0.906912
0.287121
0.028505
0.99359
0.311393
0.876765
0.453474
0.663126
0.24109
0.502875
0.257651
0.951084
0.060945
0.274674
0.893109
0.480036
0.600084
0.651693
0.070928
0.017739
0.937841
0.271503
0.380313
0.682093
0.236304
0.733071
0.458242
0.85661
0.278541
0.203822
0.831688
0.326326
0.411869
0.793708
0.635577
0.441726
0.249891
0.764201
0.180431
0.92828
0.150316
0.804934
0.424249
0.186006
0.402379
0.221552
0.135994
0.239155
0.867398
0.105942
0.97254
0.004998
0.658238
0.856512
0.933958
0.143986
0.698208
0.107349
0.352611
0.731926
0.345973
0.313375
0.116055
0.066438
0.115278
0.875475
0.011199
0.692866
0.768624
0.567888
0.730775
0.65227
0.455558
0.38271
0.941332
0.971938
0.651271
0.197299
0.447899
0.496537
0.75797
0.667777
0.514814
0.680365
0.024057
0.776635
0.211632
0.656409
0.113973
0.114461
0.035658
0.910233
0.604559
0.361962
0.787778
0.626082
0.620081
0.487043
0.007927
0.258463
0.109077
0.66241
0.248621
0.450167
0.35343
0.143199
0.95837
0.933419
0.084608
0.827365
0.488374
0.773736
0.151157
0.132274
0.890758
0.897819
0.465912
0.870158
0.667459
0.18501
0.328954
0.136061
0.773949
0.985251
0.546378
0.655864
0.746093
0.224259
0.336001
0.412321
0.594588
0.850493
0.254204
0.470889
0.751534
0.087385
0.512893
0.14438
0.539149
0.767823
0.236947
0.849478
0.334804
0.190785
0.465323
0.876075
0.068933
0.327571
0.653163
0.357581
0.070824
0.331999
0.820959
0.968038
0.039779
0.569284
0.105303
0.680397
0.007892
0.014742
0.77688
0.074435
0.305182
0.95804
0.985247
0.161403
0.560902
0.559149
0.452381
0.9247
0.754034
0.764527
0.269569
0.43432
0.487424
0.298912
0.094818
0.126359
0.180671
0.203653
0.242262
0.25546
0.455716
0.509573
0.308879
0.907296
0.55314
0.787477
0.924238
0.163135
0.427874
0.43321
0.354472
0.008906
0.815972
0.111559
0.995481
0.772958
0.58001
0.154606
0.515393
0.261109
0.252323
0.829529
0.380644
0.450724
0.842965
0.087791
0.594618
0.578216
0.425215
0.829775
0.94289
0.465336
0.456147
0.502064
0.723124
0.66806
0.222835
0.063895
0.949254
0.26107
0.638597
0.828438
0.300277
0.635433
0.1079
0.969931
0.058158
0.438175
0.536819
0.790482
0.121129
0.440808
0.299712
0.312011
0.778788
0.005461
0.749084
0.810398
0.901362
0.626882
0.333455
0.427235
0.969736
0.881187
0.463526
0.943063
0.822955
0.90109
0.682977
0.857654
0.891766
0.092017
0.965217
0.333613
0.4399
0.791904
0.664896
0.89306
0.400574
0.373288
0.031689
0.462725
0.724071
0.301179
0.462727
0.219398
0.772788
0.060512
0.705383
0.37894
0.041596
0.85347
0.487722
0.599319
0.732031
0.655074
0.730857
0.762282
0.589152
0.365638
0.243142
0.902903
0.969925
0.357663
0.112311
0.222537
0.670667
0.172933
0.780122
0.92303
0.963652
0.009326
0.958154
0.740194
0.08405
0.41524
0.700045
0.956685
0.164141
0.127733
0.472347
0.968099
0.971379
0.227915
0.319347
0.908032
0.734841
0.972316
0.893148
0.215096
0.759727
0.048565
0.817833
0.601557
0.956101
0.960032
0.050815
0.160521
0.484207
0.879494
0.814445
0.96437
0.618084
0.256564
0.025107
0.222926
0.675273
0.926275
0.320904
0.875704
0.394898
0.308271
0.508844
0.442273
0.9138
0.468257
0.277335
0.842566
0.99875
0.648171
0.250461
0.238815
0.057707
0.077293
0.914983
0.096487
0.484344
0.698122
0.850355
0.171271
0.437779
0.25148
0.255823
0.303839
0.587116
0.016577
0.408766
0.18683
0.967119
0.582729
0.868095
0.19569
0.810016
0.414782
0.177695
0.761245
0.762011
0.995888
0.780937
0.145267
0.322545
0.451727
0.126653
0.788039
0.526699
0.94445
0.589308
0.522899
0.071425
0.149346
0.849526
0.990676
0.415179
0.810086
0.627586
0.959059
0.238137
0.544836
0.408796
0.541716
0.268858
0.497746
0.624804
0.081216
0.742987
0.706523
0.880458
0.425857
0.061669
0.461461
0.137609
0.647447
0.047132
0.373996
0.082843
0.003366
0.960557
0.996127
0.555503
0.238956
0.911099
0.923037
0.854509
0.54437
0.074702
0.088439
0.89662
0.875827
0.434397
0.328155
0.644124
0.806988
0.731685
0.615603
0.231511
0.262505
0.724067
0.80262
0.116135
0.187297
0.68047
0.388987
0.563293
0.614815
0.776203
0.805717
0.280096
0.541297
0.123524
0.842015
0.845448
0.299506
0.16062
0.070092
0.574976
0.091428
0.680595
0.678126
0.613987
0.876561
0.378281
0.90227
0.036925
0.112757
0.412206
0.593993
0.032376
0.567434
0.307398
0.887147
0.533285
0.587894
0.945622
0.764171
0.438273
0.47688
0.647924
0.200199
0.088651
0.311237
0.778383
0.257324
0.130759
0.219023
0.678973
0.613948
0.688315
0.321958
0.900856
0.45177
0.513713
0.948808
0.979277
0.661543
0.944813
0.541507
0.307283
0.315093
0.558941
0.605036
0.439617
0.883771
0.426696
0.273424
0.007982
0.970569
0.824313
0.61556
0.830542
0.810289
0.931851
0.386068
0.554852
0.098628
0.965315
0.985127
0.789084
0.454121
0.496567
0.435367
0.293311
0.527791
0.053445
0.991887
0.42405
0.927367
0.724271
0.289943
0.222053
0.995675
0.772126
0.249661
0.067445
0.696917
0.303016
0.221331
0.734937
0.679261
0.481413
0.942656
0.679638
0.89342
0.190553
0.296646
0.10452
0.30458
0.971778
0.962856
0.760386
0.521048
0.78078
0.553487
0.003509
0.501547
0.598923
0.265748
0.203294
0.273809
0.623628
0.146064
0.720328
0.422675
0.353348
0.807231
0.506063
0.378401
0.878155
0.368252
0.859
0.504199
0.208007
0.612818
0.285324
0.147155
0.086529
0.241697
0.736555
0.837999
0.861721
0.270148
0.660973
0.230354
0.622762
0.887211
0.040894
0.985226
0.827088
0.761662
0.691363
0.770274
0.994595
0.770191
0.351601
0.613922
0.336923
0.970065
0.90014
0.56762
0.781274
0.909687
0.2436
0.579482
0.481716
0.771591
0.379083
0.70898
0.402993
0.111075
0.107121
0.119056
0.03252
0.532973
0.671903
0.126728
0.611858
0.59774
0.147094
0.404083
0.755136
0.016756
0.146948
0.995828
0.733545
0.46413
0.629801
0.846221
0.842305
0.324701
0.491291
0.638055
0.071897
0.945797
0.432742
0.370862
0.9071
0.118287
0.039261
0.685002
0.385003
0.764476
0.068545
0.383757
0.235325
0.739607
0.22717
0.457945
0.818878
0.915391
0.722606
0.429228
0.571986
0.68969
0.874933
0.888574
0.930969
0.810711
0.146798
0.74764
0.814592
0.877871
0.924817
0.50916
0.655093
0.009553
0.572784
0.473198
0.962306
0.901709
0.797604
0.056994
0.402029
0.696042
0.029661
0.235814
0.887507
0.129781
0.051374
0.580586
0.946465
0.834625
0.974773
0.753523
0.43737
0.946616
0.426633
0.350095
0.448196
0.813974
0.917694
0.357682
0.462247
0.898327
0.047044
0.783869
0.454218
0.376518
0.446921
0.418691
0.756619
0.927948
0.491456
0.832734
0.731945
0.330681
0.587314
0.666816
0.023499
0.395956
0.992638
0.637256
0.334244
0.250024
0.209482
0.401641
0.193266
0.135186
0.364063
0.607
0.146399
0.044343
0.034633
0.267384
0.190132
0.539255
0.45572
0.324767
0.833543
0.504947
0.09153
0.295764
0.973339
0.976977
0.254672
0.167236
0.495688
0.481465
0.410138
0.529357
0.232195
0.114929
0.570461
0.932598
0.137749
0.704815
0.437897
0.293977
0.853109
0.456492
0.583312
0.443056
0.08125
0.594905
0.418841
0.086757
0.595812
0.009871
0.20852
0.78107
0.037927
0.646682
0.949707
0.171192
0.417112
0.575498
0.450416
0.620378
0.404098
0.148504
0.089044
0.744443
0.238624
0.84745
0.743027
0.049453
0.201211
0.291993
0.594482
0.809827
0.060333
0.249609
0.37621
0.183377
0.545292
0.478002
0.316496
0.516887
0.355822
0.343194
0.265396
0.540438
0.444115
0.196325
0.012966
0.15093
0.042835
0.431599
0.225097
0.420455
0.32945
0.538015
0.723867
0.479314
0.061968
0.01751
0.213231
0.424968
0.044905
0.327734
0.887026
0.090019
0.948517
0.856672
0.831781
0.863659
0.08005
0.151168
0.134372
0.111242
0.327711
0.830217
0.251962
0.244222
0.675889
0.096925
0.36028
0.295426
0.847301
0.514501
0.646474
0.129034
0.928918
0.322452
0.706839
0.954626
0.508649
0.507535
0.117249
0.390276
0.852465
0.135107
0.917504
0.667309
0.42096
0.546498
0.150497
0.217483
0.286408
0.384846
0.915522
0.367569
0.523835
0.162026
0.735973
0.560281
0.439907
0.947186
0.890651
0.659511
0.921812
0.564782
0.826937
0.40946
0.086744
0.994149
0.165632
0.25151
0.163103
0.33748
0.28928
0.601102
0.99646
0.052509
0.778443
0.127992
0.019835
0.638577
0.873315
0.176299
0.341614
0.16875
0.906508
0.27036
0.444713
0.894741
0.552869
0.93285
0.92645
0.461601
0.582383
0.230314
0.990536
0.278317
0.783307
0.312969
0.313042
0.103863
0.559896
0.244832
0.148395
0.226667
0.251093
0.504083
0.385923
0.07549
0.536029
0.787747
0.574235
0.97454
0.09915
0.821152
0.505693
0.521595
0.5191
0.325319
0.324555
0.631845
0.044765
0.588786
0.724591
0.356326
0.217357
0.213387
0.08184
0.089719
0.166688
0.019173
0.266235
0.306402
0.995221
0.991688
0.187049
0.213032
0.491906
0.148784
0.504039
0.39939
0.324623
0.822605
0.828118
0.987889
0.223088
0.888277
0.537846
0.591459
0.896293
0.942631
0.726811
0.347842
0.489668
0.615054
0.82864
0.657948
0.365448
0.41788
0.050438
0.924268
0.088119
0.579931
0.871652
0.420865
0.800125
0.803816
0.059846
0.412144
0.691025
0.422354
0.545167
0.594458
0.151229
0.411981
0.028463
0.149626
0.512254
0.573586
0.146234
0.755619
0.372988
0.92065
0.387663
0.149811
0.75797
0.567801
0.386688
0.355957
0.150769
0.340835
0.029344
0.502402
0.896724
0.795331
0.028521
0.88126
0.452325
0.190891
0.752412
0.322874
0.253318
0.161318
0.486622
0.093394
0.785613
0.470675
0.446976
0.001854
0.817864
0.492837
0.439895
0.761385
0.062899
0.36668
0.575734
0.460578
0.181639
0.299277
0.300201
0.991971
0.326197
0.205182
0.822637
0.421171
0.443864
0.548889
0.595689
0.590556
0.0345
0.818842
0.194853
0.292342
0.17343
0.767077
0.583658
0.755296
0.653398
0.104159
0.3015
0.507265
0.304945
0.207304
0.869812
0.747784
0.34522
0.765012
0.627539
0.003786
0.380262
0.290487
0.217909
0.251589
0.942365
0.486317
0.847709
0.214217
0.174404
0.88879
0.495705
0.895152
0.063029
0.916436
0.415445
0.15537
0.683383
0.796903
0.047375
0.987196
0.697027
0.321402
0.151294
0.392531
0.220566
0.494153
0.781893
0.66013
0.435935
0.118944
0.957157
0.270371
0.277835
0.645502
0.77051
0.984153
0.969164
0.913761
0.435314
0.16667
0.584471
0.017257
0.196249
0.002529
0.180536
0.474757
0.393324
0.369297
0.830953
0.674996
0.936432
0.445341
0.27223
0.122685
0.672027
0.841741
0.183739
0.878753
0.526276
0.144081
0.642863
0.520053
0.028184
0.399243
0.784788
0.555424
0.282041
0.928642
0.237779
0.252736
0.354639
0.894538
0.507625
0.682179
0.976264
0.783296
0.1726
0.788354
0.748337
0.232617
0.32535
0.710128
0.238393
0.208187
0.703473
0.880595
0.075017
0.445908
0.607175
0.676277
0.996196
0.682692
0.620154
0.989734
0.060668
0.074437
0.560683
0.358665
0.096698
0.306449
0.674354
0.880615
0.094324
0.540145
0.296116
0.667326
0.549451
0.926711
0.037684
0.470037
0.19276
0.536782
0.853579
0.911317
0.398232
0.811781
0.280508
0.006305
0.855239
0.119412
0.017611
0.353798
0.37938
0.07722
0.814183
0.405593
0.489924
0.264625
0.511507
0.766731
0.906183
0.97053
0.426724
0.990034
0.294956
0.006976
0.767617
0.178436
0.052455
0.924009
0.791811
0.102665
0.77691
0.844
0.905302
0.543694
0.703412
0.762239
0.688639
0.646834
0.547559
0.479195
0.996125
0.337561
0.088269
0.765037
0.213824
0.532693
0.095802
0.619284
0.944007
0.722705
0.214535
0.971138
0.307087
0.436615
0.498117
0.990719
0.068891
0.696728
0.361931
0.078325
0.935032
0.589858
0.753518
0.240385
0.761541
0.828475
0.430829
0.571956
0.971873
0.84673
0.44485
0.664574
0.784231
0.024329
0.588366
0.984529
0.947181
0.83244
0.106214
0.994041
0.609538
0.222908
0.674269
0.856524
0.112328
0.916438
0.920204
0.013464
0.900319
0.946818
0.037692
0.294166
0.373108
0.34889
0.759003
0.358104
0.956579
0.994993
0.316819
0.508801
0.557706
0.579403
0.374209
0.165994
0.054561
0.106349
0.901291
0.280375
0.076823
0.62353
0.075307
0.070053
0.621571
0.591395
0.041477
0.460478
0.435768
0.546689
0.737845
0.2828
0.43278
0.792743
0.922556
0.891323
0.477631
0.520866
0.529105
0.868716
0.83994
0.311533
0.16285
0.378975
0.288406
0.950781
0.265916
0.181207
0.899479
0.086479
0.260266
0.439111
0.595107
0.327673
0.496234
0.198831
0.574274
0.407817
0.84926
0.415734
0.443815
0.592175
0.12317
0.156795
0.790238
0.273419
0.684697
0.097427
0.821847
0.988228
0.373691
0.50553
0.442712
0.894188
0.009934
0.653459
0.652368
0.382385
0.219334
0.239683
0.800464
0.066103
0.563824
0.306841
0.265248
0.505738
0.897862
0.618092
0.788611
0.600684
0.697716
0.432408
0.925982
0.501939
0.551775
0.524966
0.316189
0.231238
0.073835
0.718175
0.289275
0.389198
0.919928
0.566447
0.097078
0.799612
0.256131
0.552706
0.509981
0.238079
0.115771
0.211262
0.097338
0.275628
0.997298
0.402092
0.863888
0.549178
0.666583
0.156348
0.274806
0.510443
0.881143
0.042888
0.50692
0.051012
0.456823
0.628868
0.744723
0.138532
0.166575
0.470065
0.998036
0.356047
0.427527
0.432447
0.080701
0.774172
0.253102
0.703667
0.47509
0.61178
0.053972
0.889966
0.243857
0.670095
0.798019
0.540039
0.337334
0.977903
0.27844
0.948662
0.156224
0.389222
0.138496
0.00224
0.260259
0.08721
0.986346
0.761653
0.003705
0.223647
0.670124
0.398552
0.831843
0.504861
0.653651
0.597037
0.638169
0.230099
0.373289
0.050629
0.587637
0.459258
0.760716
0.206382
0.436812
0.180745
0.613979
0.84803
0.765443
0.944198
0.971726
0.772034
0.286806
0.219261
0.447549
0.993884
0.412668
0.199068
0.944343
0.385918
0.690899
0.788153
0.843156
0.82128
0.836247
0.667653
0.403831
0.667287
0.836734
0.350642
0.296508
0.343707
0.551283
0.052444
0.778971
0.138852
0.132839
0.197659
0.576927
0.285568
0.36809
0.931649
0.847202
0.852191
0.577642
0.866466
0.778566
0.953237
0.064368
0.028727
0.17503
0.929085
0.605565
0.426113
0.512711
0.829605
0.92911
0.729699
0.759848
0.320378
0.467035
0.88521
0.785934
0.684271
0.065247
0.039507
0.130411
0.581391
0.536387
0.942691
0.69476
0.293973
0.161496
0.849533
0.459624
0.653469
0.565144
0.107456
0.057058
0.377018
0.36155
0.673798
0.6322
0.968941
0.8581
0.496583
0.500025
0.674129
0.114091
0.999891
0.518808
0.909905
0.967356
0.581643
0.103349
0.573346
0.597642
0.789193
0.048229
0.466315
0.92277
0.991299
0.191383
0.870599
0.146251
0.841174
0.277278
0.959625
0.695497
0.399111
0.280973
0.235238
0.680792
0.895791
0.754942
0.834792
0.781384
0.979148
0.757805
0.210229
0.791598
0.322069
0.9958
0.376673
0.292794
0.239216
0.658515
0.109221
0.95356
0.294313
0.295401
0.046066
0.246018
0.418979
0.369606
0.27302
0.040744
0.300581
0.778331
0.438792
0.290775
0.304792
0.554438
0.302293
0.630797
0.989455
0.041176
0.168737
0.179108
0.44707
0.041419
0.477522
0.928925
0.011564
0.364939
0.760894
0.154495
0.077559
0.630779
0.009951
0.80177
0.066853
0.524354
0.740128
0.242011
0.10354
0.175623
0.854684
0.70578
0.198098
0.716121
0.708618
0.997725
0.391556
0.864853
0.446443
0.89776
0.0916
0.175313
0.849954
0.8193
0.305434
0.596798
0.3827
0.010317
0.026104
0.054256
0.594072
0.279228
0.143948
0.941131
0.121319
0.673982
0.89416
0.16383
0.21473
0.573814
0.508449
0.521027
0.554678
0.949903
0.053838
0.760449
0.232506
0.373678
0.089291
0.445627
0.804219
0.09874
0.275604
0.373062
0.103899
0.762317
0.786947
0.835895
0.583896
0.507239
0.262552
0.655158
0.444563
0.970776
0.968179
0.905205
0.360089
0.367972
0.852673
0.729135
0.704361
0.279611
0.833349
0.579421
0.446866
0.865422
0.39421
0.653926
0.465905
0.592738
0.040546
0.461115
0.556491
0.492719
0.84741
0.311124
0.884077
0.403462
0.694527
0.086723
0.200154
0.761166
0.012329
0.968528
0.190629
0.901304
0.515945
0.564575
0.084132
0.365219
0.156219
0.525931
0.550732
0.709667
0.878278
0.46818
0.23336
0.333572
0.84709
0.145863
0.627256
0.013086
0.245669
0.591408
0.456412
0.493549
0.660562
0.234586
0.280805
0.684458
0.538291
0.014587
0.670328
0.620092
0.078608
0.747519
0.522101
0.204747
0.559356
0.595459
0.920119
0.742144
0.301924
0.118133
0.853184
0.846068
0.17531
0.062131
0.711865
0.722582
0.177144
0.668212
0.278924
0.260617
0.324518
0.520396
0.804454
0.498644
0.298043
0.883974
0.05509
0.797091
0.784382
0.253547
0.198295
0.874701
0.558871
0.046011
0.890833
0.349006
0.342157
0.643288
0.661311
0.353316
0.143279
0.55227
0.625179
0.860222
0.48444
0.645696
0.054409
0.894523
0.327216
0.632221
0.916052
0.810526
0.637704
0.703608
0.920905
0.812093
0.609859
0.658703
0.147268
0.470168
0.300998
0.431971
0.662247
0.149151
0.017376
0.396924
0.322184
0.420432
0.931221
0.707084
0.327459
0.179279
0.618478
0.657576
0.483623
0.212761
0.028555
0.265661
0.45717
0.787934
0.853754
0.412935
0.796124
0.993353
0.71661
0.728599
0.909537
0.338144
0.011205
0.986977
0.490468
0.785678
0.812491
0.397517
0.541273
0.539916
0.220216
0.117639
0.543572
0.120143
0.346089
0.186083
0.706916
0.872009
0.577915
0.410156
0.996643
0.021209
0.304341
0.278673
0.356204
0.230596
0.264263
0.257677
0.505744
0.391055
0.63928
0.514401
0.183422
0.810045
0.472195
0.153232
0.16688
0.796968
0.702993
0.506528
0.306082
0.460522
0.636484
0.879282
0.555868
0.276735
0.04274
0.175455
0.650178
0.160437
0.48154
0.698955
0.308225
0.669106
0.581072
0.438939
0.897245
0.692059
0.360597
0.804265
0.738102
0.791684
0.640956
0.379371
0.348579
0.654151
0.1309
0.819914
0.370335
0.630372
0.499064
0.519326
0.738006
0.62667
0.250309
0.074226
0.840234
0.884894
0.164497
0.309477
0.282342
0.937449
0.204777
0.166539
0.181839
0.729869
0.88802
0.393367
0.13608
0.585722
0.209935
0.064151
0.886231
0.870841
0.97591
0.474005
0.294001
0.769784
0.180495
0.243292
0.255683
0.951619
0.729823
0.133695
0.092846
0.842815
0.802274
0.670995
0.196101
0.480284
0.602726
0.932138
0.169424
0.515447
0.157752
0.443849
0.200135
0.836186
0.254736
0.417105
0.407788
0.866295
0.757797
0.057575
0.067087
0.551197
0.427719
0.275584
0.792621
0.128635
0.974057
0.024103
0.118231
0.311317
0.509149
0.216136
0.736215
0.357542
0.038538
0.877722
0.943866
0.618564
0.806536
0.121112
0.26882
0.325232
0.960753
0.512223
0.007414
0.380186
0.007751
0.237806
0.4547
0.323393
0.032734
0.116336
0.550887
0.695605
0.404549
0.731482
0.163333
0.122058
0.839454
0.339213
0.432248
0.947582
0.424112
0.00349
0.937972
0.014119
0.662286
0.322891
0.470391
0.547285
0.40846
0.774369
0.930706
0.086412
0.800253
0.128671
0.080277
0.955831
0.489298
0.152603
0.569957
0.263237
0.464309
0.62466
0.86927
0.003081
0.214141
0.096271
0.097098
0.945777
0.936083
0.749308
0.643063
0.84797
0.058409
0.119486
0.317113
0.832492
0.472233
0.503575
0.229265
0.648387
0.887842
0.329514
0.619186
0.331949
0.792719
0.47496
0.339469
0.420049
0.091228
0.866117
0.958069
0.477414
0.221337
0.664656
0.452381
0.2523
0.038433
0.889704
0.796734
0.829006
0.43984
0.753255
0.581225
0.374775
0.842742
0.998758
0.899282
0.776192
0.747508
0.650249
0.853617
0.493081
0.18173
0.76805
0.919506
0.341352
0.782983
0.273723
0.9426
0.683461
0.569276
0.77987
0.813231
0.89237
0.90112
0.052691
0.122908
0.826061
0.946052
0.307672
0.008602
0.322705
0.382864
0.761033
0.047585
0.21264
0.893969
0.15482
0.759248
0.36131
0.66266
0.073847
0.286558
0.42479
0.857213
0.563496
0.045225
0.801867
0.054521
0.934367
0.211717
0.487926
0.072281
0.561712
0.497229
0.410249
0.035573
0.878936
0.802637
0.63303
0.57223
0.694946
0.14399
0.932644
0.284673
0.65649
0.606756
0.636614
0.878952
0.295911
0.748948
0.598391
0.07606
0.414155
0.837952
0.315347
0.482264
0.488639
0.61801
0.884018
0.173539
0.504617
0.424267
0.29592
0.919608
0.008171
0.122105
0.733344
0.263442
0.723179
0.832254
0.254616
0.191944
0.145301
0.200089
0.267185
0.86875
0.770004
0.001844
0.874119
0.078812
0.655266
0.151475
0.062276
0.759771
0.467203
0.599063
0.425353
0.067172
0.739618
0.820351
0.041421
0.375717
0.557317
0.605183
0.578153
0.692941
0.966816
0.390587
0.556624
0.699079
0.592424
0.386751
0.624079
0.650112
0.584968
0.205111
0.505981
0.884357
0.868602
0.750788
0.697196
0.153279
0.459465
0.110951
0.817284
0.291043
0.766866
0.814579
0.892496
0.75383
0.564729
0.598185
0.320582
0.176996
0.130636
0.182024
0.933952
0.164433
0.723737
0.184629
0.97529
0.366585
0.412136
0.404512
0.816459
0.218291
0.831025
0.657059
0.22028
0.065408
0.774993
0.218963
0.889067
0.129785
0.616365
0.692168
0.657702
0.31603
0.875524
0.769805
0.510206
0.603293
0.566371
0.946699
0.896413
0.235497
0.26276
0.981438
0.236561
0.953479
0.649754
0.050109
0.335727
0.476154
0.833093
0.328585
0.310578
0.920263
0.079034
0.551521
0.504239
0.057335
0.087759
0.381967
0.134161
0.478072
0.608889
0.691397
0.54647
0.37966
0.129759
0.247485
0.419422
0.924114
0.202601
0.413344
0.732309
0.705203
0.965593
0.190901
0.01652
0.322323
0.149693
0.548469
0.898779
0.688227
0.135799
0.11609
0.91145
0.48761
0.923673
0.736218
0.993348
0.871228
0.414212
0.758228
0.471228
0.233072
0.241029
0.397322
0.111466
0.177766
0.500609
0.953922
0.577686
0.408497
0.2427
0.195901
0.658407
0.848325
0.398856
0.550659
0.706727
0.058296
0.350897
0.729753
0.684619
0.053348
0.237818
0.679957
0.271416
0.81441
0.029505
0.190347
0.281313
0.92529
0.796319
0.884145
0.440479
0.822562
0.853494
0.399957
0.994462
0.851239
0.974097
0.866497
0.776204
0.943844
0.419819
0.783333
0.212891
0.732794
0.785353
0.716524
0.849813
0.413335
0.544768
0.010667
0.146053
0.644194
0.562317
0.197333
0.243465
0.344082
0.716415
0.609717
0.069571
0.759939
0.26266
0.67176
0.123363
0.997921
0.080335
0.741734
0.54133
0.085939
0.02681
0.362666
0.802224
0.041151
0.704399
0.655376
0.265538
0.077492
0.915322
0.30035
0.111383
0.681517
0.216681
0.475631
0.050406
0.992984
0.447621
0.99911
0.385675
0.347853
0.914572
0.329466
0.432006
0.07811
0.955462
0.085151
0.771185
0.538615
0.061405
0.001704
0.935554
0.742173
0.686436
0.438557
0.238614
0.679863
0.608301
0.726342
0.365793
0.986924
0.067009
0.079702
0.916876
0.647706
0.326334
0.761953
0.452773
0.021122
0.651104
0.243112
0.115335
0.225273
0.476158
0.049856
0.883152
0.559918
0.292996
0.687005
0.804236
0.613925
0.202495
0.110288
0.8599
0.234687
0.020082
0.642902
0.152885
0.99097
0.869731
0.608446
0.833866
0.470536
0.788486
0.646534
0.028645
0.948758
0.86092
0.953407
0.731366
0.412061
0.206985
0.179996
0.144916
0.22061
0.550636
0.683745
0.314057
0.548747
0.341253
0.69651
0.988486
0.689017
0.059031
0.477235
0.770387
0.542242
0.951063
0.054772
0.291156
0.220718
0.767622
0.523793
0.138344
0.285593
0.522659
0.996129
0.364292
0.156826
0.497067
0.310186
0.565967
0.46671
0.68949
0.914291
0.200514
0.82118
0.949266
0.37361
0.113663
0.821911
0.701096
0.212712
0.445224
0.577992
0.169854
0.714913
0.689883
0.887127
0.567273
0.574313
0.619387
0.273783
0.758606
0.662499
0.839146
0.768586
0.638572
0.160892
0.919147
0.367212
0.964299
0.401871
0.145938
0.88484
0.795059
0.786296
0.089411
0.87928
0.596401
0.470356
0.913172
0.666041
0.133031
0.519537
0.636617
0.898551
0.279894
0.794234
0.799813
0.128049
0.017233
0.58141
0.789479
0.554431
0.813347
0.622303
0.653292
0.028154
0.088598
0.72503
0.762843
0.542178
0.590165
0.614366
0.104991
0.667909
0.47847
0.602523
0.563142
0.763
0.318568
0.373526
0.391606
0.762456
0.431113
0.177075
0.983041
0.493382
0.109248
0.670275
0.739162
0.500223
0.646457
0.172675
0.367922
0.161829
0.387235
0.562801
0.442539
0.593215
0.501759
0.317814
0.143416
0.252673
0.200713
0.707422
0.819967
0.720389
0.643734
0.307851
0.710986
0.605083
0.046893
0.907612
0.079954
0.502708
0.513069
0.837007
0.913068
0.939676
0.569672
0.679042
0.08852
0.487916
0.897857
0.455697
0.069594
0.200641
0.429507
0.237528
0.392293
0.332962
0.318929
0.091165
0.882715
0.692706
0.623382
0.606469
0.396502
0.823315
0.93004
0.005617
0.079198
0.674976
0.236067
0.911705
0.667413
0.368291
0.415282
0.690883
0.140964
0.883412
0.004772
0.978947
0.167645
0.742111
0.039925
0.431429
0.630314
0.070227
0.443294
0.303136
0.498244
0.504577
0.785232
0.123505
0.08272
0.40189
0.88752
0.85527
0.559993
0.888774
0.805344
0.277939
0.170106
0.301157
0.227118
0.622719
0.584899
0.598437
0.189304
0.791863
0.433626
0.472452
0.996962
0.282272
0.394138
0.676463
0.880413
0.126781
0.735046
0.918281
0.422925
0.286727
0.677737
0.246074
0.38429
0.896913
0.590333
0.094977
0.329698
0.627265
0.481498
0.660339
0.761441
0.480615
0.986952
0.914674
0.059907
0.266431
0.300544
0.18429
0.312017
0.424821
0.051551
0.1273
0.096246
0.046317
0.481497
0.333803
0.935447
0.102761
0.926035
0.086546
0.619217
0.24773
0.826806
0.061475
0.952508
0.047257
0.241113
0.464185
0.756058
0.951113
0.428042
0.75731
0.727163
0.571169
0.690919
0.038067
0.441577
0.785861
0.474221
0.873505
0.833638
0.863446
0.129997
0.244141
0.029597
0.982801
0.236138
0.367093
0.274926
0.039794
0.261258
0.098196
0.394283
0.966824
0.698262
0.706901
0.453176
0.811304
0.908284
0.96155
0.09899
0.879644
0.225083
0.397267
0.345477
0.67513
0.597925
0.109105
0.782823
0.439645
0.002222
0.414503
0.516332
0.068875
0.151135
0.993572
0.871195
0.133327
0.580309
0.379243
0.54374
0.470535
0.048149
0.31542
0.125521
0.488968
0.907317
0.995533
0.944253
0.985697
0.015246
0.729447
0.272949
0.865618
0.813733
0.423675
0.473261
0.265092
0.288804
0.981174
0.888853
0.191869
0.275525
0.108648
0.988871
0.90721
0.552098
0.692893
0.747947
0.203811
0.934666
0.526743
0.092452
0.397083
0.601647
0.352823
0.699204
0.88205
0.771892
0.642658
0.512157
0.254463
0.454946
0.292953
0.934023
0.907311
0.155826
0.82262
0.702915
0.975212
0.463307
0.722174
0.517884
0.0694
0.046765
0.122111
0.296191
0.259113
0.728327
0.715923
0.971395
0.310391
0.938452
0.612851
0.495309
0.667841
0.702755
0.171929
0.751716
0.725173
0.997532
0.911948
0.68466
0.712364
0.945986
0.967178
0.826965
0.767394
0.111366
0.830322
0.253196
0.563784
0.405372
0.345607
0.31025
0.855427
0.769136
0.523449
0.66448
0.984528
0.397535
0.551101
0.533524
0.935972
0.351562
0.986255
0.304698
0.108907
0.191374
0.426221
0.649756
0.516825
0.376278
0.562033
0.838806
0.838931
0.726228
0.952448
0.590205
0.007658
0.29093
0.328223
0.547326
0.904889
0.838115
0.232173
0.51939
0.659149
0.987512
0.031303
0.463877
0.988109
0.977206
0.330727
1.7e-05
0.586735
0.866939
0.324297
0.93427
0.332702
0.610201
0.722046
0.345416
0.352206
0.469995
0.835223
0.100851
0.631479
0.677348
0.557873
0.935838
0.601991
0.634577
0.59976
0.722019
0.135409
0.894276
0.042492
0.640744
0.615481
0.208121
0.040711
0.138835
0.271672
0.882106
0.855734
0.063856
0.289268
0.889316
0.236659
0.995965
0.25684
0.739113
0.417059
0.136245
0.255155
0.675118
0.337056
0.604128
0.205531
0.448581
0.512246
0.412785
0.197918
0.461554
0.692901
0.964906
0.789522
0.16147
0.272702
0.078824
0.13565
0.250683
0.199527
0.213649
0.23077
0.300679
0.125586
0.277835
0.688412
0.236401
0.171838
0.067696
0.499971
0.841983
0.059017
0.542326
0.650619
0.592462
0.877623
0.866396
0.057308
0.360944
0.67083
0.952445
0.804685
0.176589
0.279209
0.763594
0.471475
0.547302
0.60898
0.103292
0.855962
0.863134
0.468239
0.626845
0.659904
0.189723
0.112585
0.020673
0.912882
0.345713
0.085831
0.4658
0.075625
0.085251
0.488885
0.508837
0.580143
0.656311
0.668267
0.432997
0.643533
0.30474
0.441308
0.393327
0.32911
0.238571
0.078459
0.50591
0.537288
0.336155
0.975844
0.556961
0.889011
0.570085
0.189916
0.974623
0.885335
0.471274
0.243058
0.22267
0.80602
0.069119
0.63806
0.640135
0.182455
0.704912
0.705406
0.350031
0.483376
0.832764
0.523153
0.618157
0.41277
0.149599
0.998067
0.531537
0.336446
0.713787
0.620822
0.232908
0.876925
0.070903
0.605698
0.477888
0.318198
0.82638
0.656277
0.759499
0.414659
0.942398
0.344723
0.531045
0.93365
0.083189
0.10881
0.994188
0.971391
0.771702
0.484188
0.506061
0.257213
0.432731
0.431349
0.03609
0.453158
0.479794
0.665783
0.516453
0.861683
0.367562
0.409718
0.571483
0.202723
0.393498
0.686167
0.411809
0.906617
0.615301
0.153768
0.487444
0.764779
0.643345
0.885264
0.749983
0.061614
0.112513
0.649749
0.238408
0.587835
0.792218
0.576932
0.415489
0.64627
0.143619
0.723208
0.697025
0.514403
0.278813
0.797564
0.51055
0.059177
0.918613
0.767716
0.584805
0.436826
0.9599
0.775021
0.534993
0.653154
0.28075
0.195716
0.27332
0.293136
0.739738
0.140061
0.777587
0.523395
0.384573
0.300396
0.513201
0.317518
0.429452
0.739015
0.625999
0.747982
0.712974
0.815072
0.20169
0.995123
0.47577
0.718233
0.67775
0.56615
0.995816
0.217316
0.421729
0.127731
0.181835
0.712964
0.004843
0.889821
0.633184
0.440905
0.331361
0.126274
0.921563
0.712322
0.336393
0.070936
0.325683
0.184634
0.786273
0.719599
0.498161
0.885841
0.180681
0.451966
0.71062
0.067802
0.372677
0.571665
0.366804
0.480199
0.608118
0.368391
0.106014
0.139444
0.527004
0.17474
0.889834
0.834186
0.349032
0.830987
0.533188
0.159051
0.614212
0.679451
0.083892
0.314453
0.005384
0.316429
0.335445
0.630209
0.199043
0.030091
0.315635
0.82562
0.399145
0.415094
0.469028
0.751789
0.480025
0.091283
0.2064
0.187897
0.507863
0.029929
0.283617
0.607195
0.354651
0.707712
0.391221
0.979258
0.965356
0.799841
0.954391
0.204778
0.750923
0.321659
0.725294
0.373893
0.289421
0.958795
0.209885
0.758569
0.674672
0.303478
0.458343
0.142943
0.921209
0.96812
0.732463
0.84942
0.082617
0.383969
0.330811
0.564952
0.183355
0.563381
0.654365
0.132353
0.131721
0.035423
0.760892
0.331009
0.22542
0.778094
0.143256
0.427183
0.744787
0.573832
0.554
0.157463
0.180933
0.582559
0.023567
0.869118
0.350471
0.416616
0.258432
0.876671
0.642504
0.449908
0.585309
0.38037
0.465582
0.357632
0.410675
0.314977
0.077641
0.037346
0.174106
0.251638
0.890472
0.611249
0.958297
0.339647
0.401738
0.719753
0.577902
0.52788
0.575564
0.584135
0.76574
0.668082
0.957314
0.947963
0.421923
0.035723
0.011075
0.123193
0.074897
0.373366
0.052875
0.624914
0.190174
0.513965
0.103079
0.827729
0.779959
0.386487
0.910593
0.185701
0.813937
0.545855
0.32958
0.084361
0.171311
0.862863
0.606886
0.237096
0.495853
0.107837
0.098842
0.907765
0.457856
0.361567
0.949072
0.399001
0.336242
0.272986
0.565063
0.558411
0.016194
0.654062
0.788307
0.615965
0.869888
0.276416
0.191979
0.697278
0.188559
0.091105
0.096615
0.768393
0.028737
0.289457
0.129186
0.75491
0.503493
0.205492
0.750411
0.750367
0.523023
0.27585
0.586277
0.93353
0.051636
0.26695
0.284969
0.631812
0.651164
0.206315
0.216101
0.928213
0.756299
0.93427
0.829663
0.402118
0.121908
0.62955
0.351991
0.425412
0.42588
0.93652
0.068862
0.193104
0.607943
0.883758
0.917943
0.558693
0.034561
0.362881
0.918833
0.499944
0.726613
0.269193
0.025007
0.57836
0.834981
0.990269
0.846627
0.553994
0.608728
0.824164
0.019811
0.951644
0.531221
0.952052
0.764518
0.152318
0.16526
0.353646
0.263988
0.439299
0.603904
0.436579
0.056421
0.975632
0.425122
0.851075
0.073954
0.810065
0.173405
0.679405
0.661807
0.909807
0.320677
0.10896
0.864566
0.331578
0.232534
0.486209
0.146136
0.296963
0.385281
0.277255
0.45026
0.384651
0.774591
0.918409
0.100923
0.823303
0.931771
0.686613
0.99642
0.335043
0.83031
0.673703
0.323429
0.704676
0.509622
0.188974
0.17388
0.713399
0.71193
0.530774
0.501416
0.180038
0.429286
0.871398
0.854727
0.660919
0.997357
0.893178
0.14523
0.399136
0.131937
0.46609
0.776383
0.155789
0.880422
0.569058
0.748944
0.045156
0.093838
0.620861
0.838192
0.873865
0.688369
0.200939
0.195022
0.881363
0.113235
0.686071
0.533507
0.42142
0.440335
0.945207
0.861443
0.864984
0.406618
0.106981
0.997839
0.145343
0.515582
0.264619
0.510743
0.304933
0.896887
0.968342
0.410064
0.07019
0.663336
0.376626
0.985969
0.089375
0.119126
0.699423
0.75865
0.471096
0.277265
0.30981
0.337973
0.225282
0.850643
0.065077
0.407278
0.747603
0.003825
0.878033
0.706293
0.073374
0.894997
0.487305
0.652239
0.882033
0.881162
0.408744
0.237689
0.257422
0.765942
0.92943
0.072231
0.01502
0.822935
0.386603
0.276449
0.188374
0.346481
0.971468
0.97708
0.331514
0.96369
0.299863
0.854481
0.212004
0.826488
0.35373
0.195724
0.93478
0.214184
0.991835
0.108574
0.010021
0.870794
0.586604
0.421626
0.081964
0.574893
0.393726
0.483622
0.630392
0.639934
0.960599
0.655053
0.339404
0.329633
0.477161
0.259328
0.376439
0.842113
0.859762
0.627792
0.582841
0.4271
0.635899
0.806053
0.737847
0.03546
0.73113
0.719948
0.098991
0.150247
0.787909
0.55899
0.821629
0.184744
0.030615
0.161942
0.45257
0.523293
0.857701
0.716201
0.990391
0.07872
0.130221
0.084356
0.538458
0.266861
0.683633
0.132691
0.103191
0.460165
0.375898
0.829165
0.837554
0.117429
0.812323
0.564165
0.503558
0.094763
0.739631
0.059634
0.277692
0.095432
0.530768
0.64523
0.890855
0.733872
0.961104
0.76095
0.298073
0.547585
0.45794
0.565969
0.572089
0.702101
0.083044
0.746745
0.143744
0.026207
0.518906
0.581477
0.034851
0.515371
0.53457
0.052495
0.711585
0.21029
0.794459
0.310822
0.477893
0.891851
0.806179
0.781864
0.160434
0.048142
0.605759
0.410692
0.909077
0.349593
0.410548
0.526001
0.796401
0.268299
0.941821
0.539921
0.840977
0.525618
0.771993
0.051421
0.799212
0.523959
0.449416
0.11161
0.741563
0.131164
0.192318
0.126423
0.006576
0.661914
0.270844
0.14947
0.319972
0.499085
0.503413
0.367196
0.494932
0.427341
0.822665
0.029614
0.86803
0.243915
0.721782
0.40504
0.294333
0.615347
0.768884
0.449936
0.466554
0.058856
0.923996
0.846897
0.397993
0.764951
0.313279
0.730422
0.516692
0.460767
0.056523
0.965422
0.837409
0.793388
0.304916
0.28959
0.573193
0.846223
0.934628
0.268929
0.607415
0.723903
0.226392
0.407469
0.187474
0.698905
0.863785
0.877534
0.670089
0.347152
0.66104
0.864267
0.625856
0.412892
0.919803
0.835217
0.882435
0.903192
0.393812
0.859639
0.57035
0.038159
0.635836
0.470619
0.275155
0.970383
0.055071
0.945877
0.159267
0.376988
0.417235
0.731021
0.215609
0.986102
0.749012
0.789953
0.106429
0.476312
0.945609
0.270066
0.145384
0.485394
0.930393
0.486791
0.404834
0.650272
0.936884
0.049057
0.153396
0.132754
0.085333
0.302106
0.229309
0.548691
0.327289
0.405208
0.941865
0.155656
0.388457
0.257082
0.549166
0.736336
0.816988
0.515297
0.854917
0.785076
0.157004
0.245429
0.671721
0.974794
0.37613
0.229808
0.869129
0.199612
0.697408
0.034249
0.018981
0.451567
0.65654
0.142434
0.763882
0.128736
0.533708
0.308299
0.752253
0.804117
0.066091
0.192605
0.892644
0.415613
0.476736
0.168024
0.994895
0.923048
0.002025
0.550735
0.872267
0.430534
0.436814
0.379347
0.028828
0.790283
0.456785
0.531066
0.255685
0.784118
0.793749
0.552921
0.904628
0.115884
0.786627
0.558584
0.231013
0.132304
0.301007
0.856316
0.787619
0.645132
0.090327
0.954831
0.30544
0.607
0.803102
0.132856
0.652197
0.032296
0.101789
0.723144
0.155082
0.443507
0.248333
0.42123
0.07722
0.754901
0.079041
0.837914
0.662609
0.416586
0.866487
0.186131
0.264564
0.137124
0.381569
0.986733
0.161027
0.830976
0.65188
0.015814
0.94489
0.971091
0.924901