128 4
0
18
71
98
105
1
32
43
102
124
2
36
88
91
111
3
20
35
80
87
1
4
30
96
107
5
11
29
43
75
6
48
50
115
120
7
10
23
59
121
8
12
71
73
90
9
19
63
71
127
10
70
71
72
77
1
11
27
42
120
7
12
84
91
110
13
22
34
45
125
1
14
60
75
114
15
35
51
63
120
16
46
66
68
120
1
17
43
82
100
18
63
77
80
117
19
27
53
73
90
20
35
66
101
119
21
24
47
62
85
20
22
38
46
93
23
29
30
91
120
21
24
25
106
115
0
20
25
36
76
8
16
26
45
84
27
46
84
94
102
11
28
53
58
85
5
29
52
63
118
4
15
30
72
89
13
31
43
45
103
32
51
62
93
105
25
33
52
108
115
7
18
28
34
46
22
34
35
105
116
36
52
94
95
98
4
15
16
37
57
31
38
95
101
121
19
39
51
111
127
40
65
83
110
119
0
41
57
81
92
42
43
82
92
103
5
43
49
102
107
44
71
87
109
117
4
13
19
45
117
33
39
40
46
123
26
44
47
70
79
19
32
43
48
77
6
35
49
110
116
31
38
50
66
111
23
51
69
85
92
52
86
87
103
111
37
53
73
74
79
31
44
54
60
69
52
55
87
96
127
26
50
55
56
75
17
37
57
61
126
58
63
102
108
118
29
59
76
103
116
40
48
60
115
116
12
33
61
93
99
24
62
65
124
127
4
17
18
63
99
17
41
64
120
125
9
20
31
36
65
12
48
54
66
85
8
16
43
67
87
7
45
68
77
118
18
36
62
69
91
45
70
93
104
122
25
45
71
103
121
45
72
74
117
123
13
62
71
73
84
2
27
28
74
124
17
34
75
86
126
4
46
75
76
113
58
74
77
102
121
58
74
78
105
110
12
46
77
79
94
80
88
105
108
112
32
61
78
81
96
15
43
57
82
119
5
83
88
101
107
3
14
55
63
84
33
67
85
90
93
31
55
86
94
107
8
62
87
102
115
32
71
77
88
104
20
54
75
86
89
1
12
56
90
125
3
49
83
91
122
47
77
92
114
122
7
11
28
29
93
25
40
49
94
101
1
54
55
95
103
5
13
96
105
127
80
94
97
103
125
11
60
88
95
98
12
18
43
99
112
58
88
94
100
111
15
24
36
101
120
37
42
102
112
121
5
13
86
88
103
22
59
104
106
125
11
12
99
102
105
5
37
62
97
106
49
51
107
125
127
7
39
60
103
108
33
78
96
107
109
56
59
98
99
110
21
39
45
86
111
44
50
54
85
112
4
12
27
94
113
79
83
96
114
121
23
61
86
92
115
6
36
37
97
116
41
67
97
117
124
4
49
63
85
118
86
105
117
119
123
14
72
94
120
122
24
52
88
106
121
8
84
112
122
124
21
37
111
118
123
48
67
86
106
124
14
53
64
92
125
19
29
32
92
126
99
104
107
123
127
0.720434
0.643771
0.332818
0.754873
0.648695
0.637445
0.553428
0.01139
0.696507
0.376042
0.94261
0.817985
0.587694
0.252182
0.203717
0.340385
0.476568
0.296066
0.514929
0.16537
0.977713
0.107925
0.931944
0.913578
0.52536
0.72491
0.436048
0.630035
0.340576
0.301159
0.57823
0.49813
0.579536
0.286661
0.366958
0.083898
0.052276
0.253457
0.074247
0.103775
0.812928
0.038874
0.658943
0.272558
0.871546
0.484992
0.305576
0.517639
0.381958
0.564301
0.114533
0.996991
0.425556
0.348231
0.71021
0.363899
0.833274
0.454271
0.719558
0.107453
0.846119
0.735718
0.211717
0.145286
0.316292
0.976071
0.256832
0.456127
0.03002
0.397228
0.57132
0.953125
0.516736
0.819107
0.547128
0.040785
0.315008
0.57555
0.950594
0.85913
0.228356
0.22011
0.201173
0.922499
0.852666
0.774883
0.392735
0.504381
0.464332
0.253398
0.505028
0.030497
0.13181
0.88659
0.75168
0.422868
0.51715
0.369999
0.74078
0.784187
0.763285
0.722612
0.204504
0.33797
0.469845
0.330793
0.75494
0.329354
0.138232
0.39904
0.979914
0.225881
0.612159
0.432973
0.071025
0.487877
0.702164
0.51322
0.872106
0.288937
0.086249
0.936566
0.378196
0.576406
0.792003
0.324314
0.716165
0.135419
0.291294
0.144711
0.811231
0.222649
0.717404
0.943298
0.527772
0.540029
0.461034
0.32589
0.475655
0.602808
0.985992
0.937765
0.862153
0.889131
0.467849
0.657444
0.895067
0.392951
0.961762
0.415786
0.601083
0.709805
0.950592
0.244616
0.746131
0.520816
0.268557
0.776607
0.552222
0.660974
0.322901
0.481274
0.617354
0.404911
0.198373
0.96164
0.511468
0.73392
0.411047
0.355132
0.407164
0.409197
0.54418
0.54347
0.497154
0.134786
0.496075
0.169104
0.126136
0.932646
0.60495
0.65949
0.401794
0.908981
0.63793
0.76917
0.368562
0.960012
0.820461
0.853948
0.172194
0.270963
0.285627
0.270909
0.855408
0.031885
0.0761
0.273915
0.199873
0.23186
0.797943
0.563127
0.005771
0.429323
0.407885
0.113945
0.676142
0.702097
0.720893
0.728471
5.3e-05
0.953921
0.814209
0.903982
0.015643
0.933859
0.809789
0.837219
0.093287
0.738778
0.959917
0.678547
0.570561
0.94563
0.442937
0.599294
0.476338
0.932846
0.076085
0.50112
0.686952
0.791907
0.583019
0.908918
0.941991
0.064319
0.402371
0.023459
0.329417
0.536868
0.910795
0.846554
0.1275
0.09303
0.589267
0.532118
0.266378
0.899453
0.927366
0.402611
0.890303
0.383949
0.736817
0.475942
0.122583
0.927934
0.454097
0.734487
0.367174
0.018881
0.10053
0.496219
0.689964
0.334735
0.695488
0.698636
0.703936
0.492522
0.914886
0.489197
0.450265
0.199381
0.307655
0.042334
0.633535
0.248536
0.304155
0.770815
0.327221
0.242196
0.169058
0.774858
0.129706
0.453754
0.50693
0.68739
0.633283
0.810721
0.044751
0.296441
0.280134
0.146017
0.289178
0.309765
0.521884
0.663704
0.381101
0.71947
0.336165
0.290284
0.541188
0.023716
0.079789
0.41797
0.942913
0.721512
0.088127
0.846318
0.732301
0.610947
0.820293
0.40411
0.221501
0.512023
0.548842
0.538326
0.565074
0.948705
0.902246
0.875717
0.801417
0.943428
0.098495
0.265123
0.495056
0.846534
0.505166
0.748035
0.13896
0.252414
0.731776
0.164734
0.351356
0.264866
0.349862
0.708324
0.367847
0.555263
0.099932
0.805018
0.369889
0.648534
0.72539
0.209661
0.884675
0.616224
0.428725
0.182335
0.942301
0.755068
0.208025
0.337711
0.809674
0.695678
0.765784
0.441201
0.716476
0.386494
0.211263
0.632677
0.976014
0.310601
0.46097
0.674001
0.541506
0.843428
0.761743
0.058297
0.998421
0.752402
0.863903
0.651198
0.856285
0.112383
0.347738
0.876421
0.201655
0.078242
0.788119
0.835486
0.162652
0.854346
0.686768
0.520083
0.83025
0.419249
0.193994
0.284853
0.505164
0.531331
0.805581
0.791353
0.581367
0.780785
0.191773
0.050065
0.873634
0.075554
0.246688
0.695319
0.409448
0.876314
0.29798
0.011871
0.300656
0.578075
0.375938
0.534873
0.876598
0.912485
0.265974
0.46214
0.549144
0.949112
0.998617
0.235407
0.72698
0.378031
0.008108
0.009253
0.460566
0.488335
0.02257
0.686927
0.294003
0.559893
0.300919
0.167134
0.407174
0.232273
0.534801
0.198829
0.508406
0.157379
0.670975
0.753938
0.110394
0.467802
0.070872
0.598182
0.264404
0.527624
0.517461
0.924354
0.549083
0.582998
0.401653
0.94908
0.777186
0.285405
0.84421
0.432396
0.828667
0.822888
0.18887
0.701141
0.290643
0.297493
0.296348
0.725568
0.229826
0.000906
0.715237
0.171185
0.104482
0.237516
0.379901
0.475906
0.04457
0.970573
0.716063
0.323194
0.318697
0.448543
0.626245
0.146373
0.18893
0.859435
0.256255
0.380195
0.871272
0.663148
0.341712
0.6837
0.019683
0.735643
0.487016
0.813182
0.954638
0.925789
0.909265
0.51217
0.360142
0.465035
0.689896
0.883998
0.206986
0.918193
0.81518
0.978856
0.880252
0.279937
0.105956
0.112241
0.291223
0.614184
0.80432
0.89925
0.623753
0.005631
0.186317
0.099726
0.363324
0.501351
0.043397
0.348478
0.17918
0.64707
0.464272
0.495318
0.427692
0.95602
0.214735
0.516664
0.736017
0.556844
0.929021
0.377968
0.463676
0.088522
0.608999
0.288212
0.160309
0.544531
0.53231
0.075872
0.698215
0.623772
0.189017
0.469435
0.720323
0.529436
0.395489
0.322338
0.610394
0.939109
0.671745
0.074746
0.460685
0.890824
0.094462
0.988876
0.949069
0.078274
0.933413
0.363133
0.844709
0.418383
0.440855
0.634243
0.774477
0.033789
0.593156
0.186733
0.34595
0.347969
0.46906
0.334136
0.107361
0.145629
0.033438
0.470249
0.954448
0.115675
0.946264
0.733362
0.637499
0.645278
0.826728
0.10692
0.504754
0.697091
0.58682
0.832779
0.072272
0.690701
0.534028
0.379161
0.340275
0.620833
0.890995
0.496176
0.824723
0.402156
0.102394
0.061506
0.051334
0.38015
0.337238
0.717937
0.742822
0.050854
0.221123
0.274262
0.547612
0.144515
0.133941
0.943789
0.804203
0.180655
0.406568
0.355622
0.791004
0.510213
0.12785
0.738992
0.396888
0.262924
0.375499
0.497757
0.343116
0.241906
0.398502
0.019173
0.772498
0.170945
0.043905
0.653699
0.773936
0.813829
0.493509
0.205368
0.737228
0.699713
0.246271
0.903408
0.104371
0.982688
0.860248
0.687899
0.93875
0.722311
0.190457
0.442156
0.071503
0.389657
0.741603
0.386443
0.330294
0.595356
0.872205
0.047583
0.38547
0.158241
0.695354
0.105725
0.664808
0.286181
0.198917
0.936353
0.018525
0.437777
0.021627
0.483593
0.501047
0.321662
0.132162
0.376388
0.672263
0.782396
0.530751
0.589834
0.200616
0.28733
0.161896
0.249295
0.224887
0.519449
0.562689
0.944947
0.195571
0.641676
0.817259
0.560241
0.255004
0.26255
0.039253
0.305444
0.744604
0.047518
0.219295
0.706232
0.782652
0.455318
0.698074
0.387952
0.159913
0.398149
0.579968
0.948053
0.068751
0.507394
0.32892
0.508312
0.023975
0.313025
0.819868
0.553942
0.450582
0.285525
0.298043
0.383101
0.835571
0.967213
0.438655
0.393353
0.846551
0.426905
0.552018
0.230942
0.743503
0.531988
0.809035
0.780733
0.215005
0.715636
0.800054
0.346107
0.172609
0.002632
0.450904
0.352433
0.55491
0.188041
0.859666
0.257755
0.22643
0.480714
0.498851
0.215085
0.271861
0.169705
0.71846
0.770089
0.462328
0.714087
0.735935
0.138276
0.966178
0.821032
0.204483
0.186165
0.125661
0.138379
0.748162
0.469654
0.782934
0.746255
0.604613
0.686367
0.018356
0.311778
0.637822
0.009345
0.032977
0.851888
0.684025
0.26537
0.687963
0.792457
0.306794
0.036037
0.932779
0.34518
0.106482
0.491857
0.768468
0.221647
0.26949
0.242715
0.991673
0.197404
0.57552
0.925265
0.146897
0.970854
0.947477
0.884572
0.214557
0.634055
0.760891
0.986028
0.180424
0.766026
0.338801
0.175626
0.421377
0.793836
0.46485
0.537523
0.995159
0.399109
0.615401
0.365244
0.392786
0.695641
0.937887
0.542359
0.7684
0.089207
0.211158
0.502132
0.020012
0.252855
0.517401
0.014961
0.264546
0.514031
0.573149
0.925752
0.645346
0.414736
0.930351
0.784883
0.200009
0.130842
0.675812
0.559883
0.789674
0.738805
0.625212
0.986382
0.53359
0.113106
0.828274
0.251853
0.777302
0.957107
0.696796
0.59603
0.460386
0.36441
0.353005
0.636373
0.751273
0.678517
0.19841
0.493987
0.79164
0.475704
0.536623
0.771136
0.661265
0.409345
0.895413
0.162567
0.995516
0.118853
0.01495
0.890019
0.244954
0.7297
0.811015
0.858986
0.991594
0.29404
0.710243
0.1154
0.406809
0.847972
0.367658
0.591095
0.503773
0.645952
0.972894
0.055736
0.573962
0.863029
0.481383
0.078527
0.560539
0.332074
0.154942
0.849035
0.5216
0.933276
0.806017
0.692972
0.005026
0.427823
0.197486
0.910798
0.174584
0.28606
0.516837
0.263364
0.209865
0.599099
0.08893
0.058168
0.372245
0.720664
0.554807
0.422876
0.565752
0.365451
0.936146
0.054905
0.673391
0.891283
0.803885
0.184041
0.295926
0.717048
0.084271
0.811862
0.718907
0.729607
0.100241
0.717761
0.679818
0.830922
0.041596
0.023111
0.373007
0.148788
0.558384
0.917349
0.39148
0.84495
0.000241
0.168515
0.030424
0.328147
0.90819
0.096952
0.60641
0.451496
0.938468
0.122519
0.212028
0.029542
0.433935
0.277833
0.869906
0.604941
0.614091
0.531911
0.09185
0.445019
0.999505
0.835229
0.893459
0.823226
0.103042
0.227448
0.003122
0.30351
0.108607
0.472793
0.677127
0.874505
0.749217
0.938586
0.053898
0.01218
0.661338
0.289352
0.253501
0.330887
0.269796
0.511436
0.440148
0.512429
0.672714
0.387131
0.251308
0.166201
0.349474
0.741806
0.756705
0.666905
0.234028
0.588086
0.57069
0.484266
0.549979
0.491791
0.565456
0.715506
0.109628
0.749626
0.135886
0.066628
0.97608
0.956992
0.060437
0.443253
0.186245
0.485345
0.830177
0.950612
0.634253
0.353906
0.603326
0.312001
0.909824
0.8704
0.558232
0.324799
0.29339
0.033418
0.815821
0.450383
0.325133
0.47111
0.818738
0.124614
0.857656
0.897509
0.946708
0.397488
0.21714
0.373641
0.332912
0.176154
0.607267
0.476624
0.865701
0.03211
0.643868
0.762949
0.759487
0.886074
0.729034
0.92781
0.332657
0.503209
0.01408
0.006958
0.240127
0.100807
0.260211
0.177043
0.02852
0.909304
0.008223
0.736082
0.152148
0.91223
0.892796
0.653901
0.672234
0.005339
0.984872
0.877833
0.895106
0.659245
0.344787
0.893649
0.291517
0.562712
0.099731
0.921956
0.14077
0.224897
0.558134
0.764093
0.619351
0.232134
0.000943
0.757151
0.985207
0.809913
0.460207
0.903767
0.409848
0.524934
0.47713
0.447624
0.775191
0.526769
0.316717
0.258158
0.037747
0.583195
0.229961
0.148134
0.65383
0.681209
0.752155
0.503577
0.894055
0.936343
0.807371
0.635593
0.303721
0.982945
0.274136
0.202657
0.442154
0.056841
0.978494
0.588434
0.556952
0.655796
0.497024
0.032064
0.612311
0.716174
0.416749
0.757296
0.227001
0.221277
0.161417
0.371995
0.847012
0.827912
0.382824
0.589119
0.720816
0.241207
0.168141
0.972096
0.617557
0.981416
0.337756
0.703032
0.222604
0.2612
0.511902
0.319618
0.167622
0.262881
0.035748
0.704424
0.492117
0.094243
0.171694
0.102535
0.612593
0.09421
0.754282
0.020511
0.249376
0.890667
0.718531
0.072968
0.821126
0.493035
0.846783
0.60074
0.681833
0.993502
0.232336
0.623946
0.460321
0.039452
0.014471
0.119229
0.649092
0.567163
0.55343
0.031857
0.469303
0.924623
0.397592
0.624922
0.779819
0.783925
0.51928
0.857952
0.391378
0.888693
0.240227
0.280216
0.053121
0.795582
0.417055
0.229117
0.23179
0.9014
0.833917
0.553531
0.616111
0.474326
0.391667
0.915477
0.125613
0.418447
0.344562
0.498151
0.457632
0.51889
0.139919
0.513142
0.242419
0.184331
0.064834
0.762653
0.427442
0.626644
0.727593
0.679317
0.470501
0.387899
0.37596
0.640049
0.494794
0.849132
0.874702
0.17056
0.136234
0.630401
0.301226
0.018571
0.888643
0.226901
0.929281
0.717434
0.762653
0.201461
0.234194
0.521268
0.1721
0.305432
0.321462
0.15963
0.205183
0.788552
0.167196
0.028457
0.629355
0.975983
0.331214
0.118656
0.570387
0.906354
0.784062
0.622516
0.315056
0.54188
0.091245
0.678945
0.725096
0.965032
0.260397
0.018456
0.545608
0.706791
0.790407
0.193739
0.261753
0.512591
0.330601
0.860511
0.47376
0.799579
0.58062
0.77309
0.332673
0.831417
0.274572
0.546099
0.214007
0.475527
0.318175
0.266703
0.966985
0.160074
0.787326
0.984165
0.019901
0.699027
0.252912
0.040488
0.40289
0.935218
0.011765
0.587886
0.501396
0.873384
0.084002
0.681526
0.68011
0.66908
0.942334
0.823088
0.041973
0.471083
0.397953
0.310147
0.451337
0.384194
0.432334
0.979262
0.088633
0.922231
0.480237
0.623742
0.830183
0.360463
0.430422
0.409518
0.374731
0.925529
0.82893
0.109
0.108123
0.42787
0.098657
0.619093
0.143692
0.522373
0.00722
0.316596
0.677191
0.484039
0.978269
0.874104
0.359071
0.045487
0.845626
0.911234
0.820627
0.12795
0.997915
0.258584
0.724205
0.908035
0.235687
0.908259
0.309482
0.976413
0.28126
0.953436
0.053545
0.709272
0.532111
0.477877
0.223494
0.705596
0.190809
0.552842
0.253245
0.955621
0.028631
0.199728
0.242311
0.414068
0.23273
0.491349
0.872466
0.712063
0.579962
0.089003
0.693992
0.166414
0.786367
0.250057
0.417049
0.35047
0.858814
0.126544
0.565645
0.142062
0.704796
0.905078
0.434608
0.488092
0.927423
0.520991
0.487598
0.578329
0.68923
0.106883
0.821111
0.435505
0.072349
0.786183
0.37695
0.100367
0.633779
0.880131
0.887754
0.957663
0.867705
0.002141
0.380241
0.818543
0.366253
0.601549
0.606317
0.365025
0.904474
0.503228
0.464784
0.997514
0.4935
0.178398
0.513069
0.814017
0.77686
0.788582
0.708024
0.254218
0.862084
0.893443
0.194153
0.130456
0.975605
0.868324
0.893236
0.886376
0.541687
0.646402
0.545363
0.051206
0.745503
0.505332
0.647709
0.50264
0.491811
0.171789
0.278714
0.158853
0.195666
0.972977
0.153113
0.26927
0.59059
0.610179
0.153974
0.793717
0.785203
0.237318
0.288666
0.937988
0.825671
0.697797
0.082233
0.418264
0.559302
0.187411
0.448227
0.601026
0.327377
0.780945
0.84045
0.323609
0.838657
0.103577
0.837729
0.15275
0.082927
0.641775
0.471937
0.907891
0.363189
0.287152
0.500735
0.455946
0.344428
0.693741
0.759562
0.852984
0.972857
0.266656
0.716093
0.394258
0.677082
0.475982
0.993773
0.728902
0.952491
0.83497
0.902901
0.814419
0.459159
0.251788
0.37032
0.020236
0.523993
0.505058
0.52525
0.974031
0.911454
0.161713
0.368883
0.423956
0.360533
0.798496
0.524038
0.5721
0.853014
0.805928
0.132212
0.713915
0.435436
0.294649
0.050019
0.48725
0.355437
0.251513
0.694672
0.769485
0.24479
0.049447
0.848753
0.00996
0.937112
0.62762
0.321847
0.246478
0.009006
0.235471
0.137728
0.612166
0.166546
0.52863
0.590116
0.298042
0.035065
0.037254
0.026347
0.739125
0.31801
0.7963
0.431733
0.452998
0.512883
0.713031
0.273503
0.121587
0.556057
0.326978
0.442491
0.646947
0.494126
0.620279
0.5442
0.739796
0.705937
0.53419
0.678903
0.87356
0.432271
0.412763
0.764246
0.582554
0.071007
0.892112
0.030783
0.748396
0.758794
0.953111
0.054134
0.596857
0.427841
0.330633
0.090319
0.562654
0.479041
0.104554
0.61249
0.737953
0.767278
0.905373
0.409471
0.953073
0.865429
0.296502
0.159283
0.435389
0.401899
0.575719
0.583386
0.749987
0.50989
0.104823
0.858291
0.309765
0.971297
0.11786
0.958251
0.091012
0.231036
0.04658
0.705113
0.850299
0.434071
0.928522
0.590299
0.630007
0.845419
0.2968
0.354266
0.905952
0.900963
0.976483
0.901838
0.127372
0.823724
0.409838
0.990801
0.472281
0.553836
0.529775
0.321737
0.075022
0.895651
0.802676
0.139527
0.776768
0.625847
0.409144
0.254021
0.859729
0.700188
0.54774
0.609569
0.091066
0.47392
0.1937
0.208384
0.661304
0.911256
0.403757
0.207749
0.648747
0.871187
0.748319
0.868757
0.536555
0.751876
0.140065
0.348275
0.389549
0.511296
0.929076
0.874297
0.134525
0.17279
0.357641
0.290744
0.614771
0.902776
0.962292
0.653603
0.838159
0.525202
0.208327
0.524688
0.555083
0.742458
0.219883
0.36831
0.364027
0.95944
0.443945
0.755094
0.750811
0.265544
0.57187
0.894303
0.475198
0.945118
0.214458
0.074159
0.891454
0.847681
0.99259
0.679393
0.936688
0.826949
0.844426
0.569142
0.382365
0.934558
0.432117
0.538819
0.446114
0.564818
0.470505
0.047968
0.882048
0.444394
0.588944
0.139188
0.003388
0.24529
0.704586
0.099195
0.908887
0.215023
0.204594
0.181508
0.013982
0.771805
0.875035
0.614163
0.1882
0.285278
0.475927
0.954346
0.247351
0.731646
0.439448
0.297847
0.455916
0.071207
0.798687
0.243302
0.725412
0.068348
0.955099
0.193015
0.882742
0.809473
0.96786
0.477891
0.727397
0.370711
0.184368
0.443076
0.165749
0.982045
0.096246
0.589212
0.626464
0.53808
0.662186
0.116181
0.555019
0.287213
0.940176
0.762072
0.972514
0.037556
0.285133
0.195423
0.011155
0.242326
0.678776
0.231089
0.509003
0.887818
0.693758
0.394629
0.372469
0.455736
0.177041
0.634001
0.364153
0.852365
0.756553
0.610513
0.364202
0.209932
0.776152
0.486409
0.22475
0.195175
0.165401
0.777161
0.228987
0.526642
0.451546
0.579611
0.877155
0.867747
0.451076
0.015366
0.426444
0.606194
0.557765
0.651336
0.154076
0.646535
0.182652
0.750524
0.339088
0.709895
0.047866
0.40786
0.705035
0.226871
0.795287
0.63078
0.587562
0.353549
0.482451
0.597349
0.472462
0.698313
0.433697
0.202273
0.213934
0.005804
0.300958
0.748918
0.794163
0.202468
0.959044
0.502403
0.916979
0.706765
0.722433
0.085044
0.219991
0.008815
0.716128
0.344438
0.786653
0.338936
0.819334
0.130698
0.173373
0.340877
0.408487
0.348703
0.763647
0.096951
0.351217
0.83724
0.066797
0.942344
0.986317
0.088568
0.291273
0.372401
0.776391
0.595927
0.644366
0.75751
0.117979
0.833209
0.70562
0.577342
0.889735
0.700306
0.2017
0.429745
0.494043
0.055218
0.954638
0.128577
0.697461
0.506231
0.025632
0.924747
0.851837
0.524258
0.228942
0.121623
0.363392
0.255428
0.506691
0.966409
0.574953
0.889931
0.650879
0.475247
0.854608
0.471368
0.868628
0.291577
0.128813
0.855314
0.587415
0.889092
0.937827
0.053628
0.500969
0.374965
0.625858
0.793591
0.28059
0.556798
0.708729
0.134431
0.814067
0.60611
0.949537
0.339529
0.108146
0.506501
0.085811
0.969527
0.038685
0.753504
0.525102
0.368621
0.065842
0.622167
0.58522
0.280883
0.910222
0.30411
0.449725
0.543762
0.100232
0.932162
0.374536
0.080779
0.387291
0.600203
0.513653
0.694542
0.055484
0.284541
0.819231
0.079894
0.855486
0.091896
0.834454
0.360788
0.612209
0.152887
0.066169
0.215938
0.127854
0.312406
0.514383
0.588759
0.789868
0.65624
0.608758
0.411782
0.473808
0.414521
0.842166
0.23
0.005721
0.65132
0.202462
0.890115
0.859046
0.076727
0.106388
0.495172
0.609223
0.274908
0.716798
0.594916
0.324824
0.025371
0.75015
0.214754
0.834474
0.42029
0.577077
0.872949
0.863623
0.37152
0.208889
0.775146
0.43308
0.192042
0.904425
0.198104
0.025807
0.02028
0.622315
0.661675
0.311042
0.320011
0.339494
0.680159
0.058134
0.929116
0.222521
0.999673
0.171523
0.771546
0.223413
0.080847
0.874933
0.858751
0.40357
0.702396
0.557066
0.852956
0.315056
0.523672
0.485372
0.353906
0.891455
0.165878
0.149509
0.57691
0.657494
0.194619
0.390717
0.946564
0.246617
0.668361
0.740149
0.448129
0.937526
0.736657
0.457925
0.569335
0.692613
0.59219
0.878698
0.356889
0.299886
0.213839
0.037783
0.043014
0.870055
0.678393
0.660532
0.614643
0.849219
0.480267
0.870411
0.359445
0.926708
0.698657
0.257177
0.564085
0.533031
0.137899
0.591243
0.314786
0.052349
0.948656
0.64149
0.876919
0.676056
0.356984
0.512688
0.675747
0.960252
0.253669
0.874977
0.924078
0.670416
0.931267
0.397879
0.953016
0.702783
0.042006
0.906873
0.484473
0.460327
0.566467
0.149385
0.469166
0.831127
0.015482
0.272917
0.002455
0.415711
0.728316
0.798772
0.94519
0.608505
0.254627
0.924148
0.775316
0.574428
0.69564
0.924316
0.712394
0.368375
0.713028
0.040278
0.386416
0.406323
0.166838
0.023085
0.133381
0.654621
0.802289
0.988203
0.346364
0.599379
0.937145
0.167042
0.717646
0.754979
0.088976
0.861249
0.813105
0.033403
0.091084
0.049127
0.334744
0.509289
0.532348
0.267667
0.911597
0.368263
0.04555
0.300227
0.531109
0.408222
0.273843
0.131323
0.819165
0.996145
0.329542
0.381621
0.618038
0.718441
0.39203
0.90493
0.560004
0.45039
0.646673
0.952804
0.794552
0.040013
0.33231
0.470545
0.314518
0.700188
0.826269
0.731345
0.989333
0.272548
0.874989
0.766623
0.362179
0.734125
0.104076
0.789333
0.532331
0.29229
0.655777
0.64162
0.209486
0.030397
0.433623
0.569512
0.876605
0.928217
0.528805
0.753803
0.439303
0.746082
0.204802
0.371065
0.634228
0.018158
0.722461
0.835536
0.399142
0.447942
0.851282
0.775655
0.288149
0.323976
0.678878
0.563198
0.16223
0.30993
0.899983
0.688174
0.985974
0.767013
0.941974
0.216189
0.771485
0.020218
0.67076
0.469282
0.34676
0.862404
0.854268
0.022302
0.609505
0.367832
0.415661
0.832041
0.30984
0.943049
0.179634
0.662722
0.672105
0.252195
0.324751
0.834798
0.761805
0.329096
0.533957
0.06168
0.208746
0.485821
0.085974
0.843332
0.718006
0.943634
0.693467
0.940401
0.554513
0.600219
0.976971
0.642129
0.030787
0.723803
0.905469
0.79558
0.583833
0.671304
0.990192
0.090662
0.667245
0.283398
0.64009
0.607624
0.153457
0.206747
0.62163
0.12823
0.265181
0.835246
0.327092
0.48806
0.94114
0.227149
0.389626
0.606458
0.755339
0.901653
0.915473
0.77664
0.228331
0.024809
0.383774
0.141549
0.710388
0.661131
0.043972
0.836594
0.248743
0.432227
0.667934
0.429419
0.441288
0.065628
0.401444
0.764848
0.915176
0.413497
0.423586
0.702627
0.942772
0.267061
0.440144
0.795973
0.609694
0.110586
0.627733
0.186746
0.510216
0.529103
0.876203
0.462494
0.279442
0.230966
0.874252
0.171011
0.425869
0.187173
0.773304
0.474373
0.351144
0.3611
0.852214
0.553774
0.717868
0.897039
0.901742
0.328509
0.952451
0.024876
0.376836
0.895799
0.274637
0.273081
0.302622
0.612313
0.438333
0.726735
0.894911
0.674199
0.204467
0.932682
0.264493
0.149894
0.089967
0.563384
0.113762
0.138776
0.30003
0.281653
0.60424
0.816745
0.76135
0.262484
0.24531
0.965792
0.008236
0.879721
0.199729
0.947284
0.342307
0.440352
0.707121
0.587669
0.317939
0.553831
0.730707
0.042335
0.011199
0.458067
0.131837
0.664344
0.214052
0.432851
0.197671
0.548484
0.116053
0.023107
0.051132
0.954258
0.142286
0.708478
0.067926
0.10816
0.508876
0.464871
0.95158
0.944835
0.779609
0.602102
0.45496
0.356179
0.947088
0.602909
0.579073
0.231901
0.046698
0.945189
0.313735
0.442589
0.11464
0.836924
0.027632
0.833991
0.140285
0.886564
0.729773
0.16467
0.565818
0.312656
0.178233
0.859182
0.403523
0.398544
0.169887
0.383066
0.871617
0.363129
0.951604
0.946309
0.144899
0.177311
0.862674
0.392761
0.004374
0.273872
0.597629
0.799266
0.133389
0.110541
0.922093
0.751148
0.58978
0.769187
0.428854
0.758456
0.371803
0.244095
0.729013
0.419672
0.981377
0.349485
0.921727
0.932963
0.241853
0.798221
0.433075
0.917525
0.450124
0.744304
0.466967
0.227801
0.19935
0.425431
0.755495
0.605071
0.688629
0.282326
0.481435
0.044395
0.817532
0.989892
0.406879
0.010964
0.169793
0.652527
0.612079
0.787865
0.253884
0.763632
0.687984
0.322814
0.545488
0.147274
0.452565
0.881197
0.421191
0.839567
0.590253
0.191877
0.581106
0.505983
0.398641
0.11963
0.416709
0.072762
0.098769
0.415917
0.305381
0.925544
0.375706
0.757858
0.530248
0.704086
0.260116
0.941905
0.530088
0.831324
0.365046
0.100211
0.673712
0.00776
0.475293
0.192802
0.627376
0.97942
0.464403
0.817498
0.507784
0.49584
0.930423
0.889966
0.7858
0.296256
0.545008
0.223897
0.443917
0.484213
0.83164
0.896028
0.41462
0.017704
0.861774
0.174279
0.621882
0.024971
0.399506
0.98596
0.100694
0.423693
0.30715
0.905088
0.86934
0.237699
0.081188
0.627138
0.336369
0.672084
0.03212
0.133399
0.686372
0.212371
0.857588
0.058591
0.215482
0.99856
0.433076
0.702966
0.182663
0.609869
0.726106
0.314477
0.828897
0.603418
0.389123
0.557642
0.576761
0.165535
0.402732
0.343431
0.400903
0.761111
0.482538
0.940316
0.293676
0.415704
0.786957
0.546025
0.547028
0.05334
0.3986
0.270734
0.999335
0.308355
0.884497
0.676234
0.340916
0.543534
0.840536
0.883368
0.160394
0.339573
0.335223
0.042045
0.598238
0.85482
0.381574
0.740036
0.6277
0.375649
0.14106
0.709324
0.854565
0.685854
0.017878
0.216233
0.06948
0.570386
0.756478
0.110579
0.838338
0.555509
0.689969
0.971402
0.083681
0.901224
0.126103
0.392959
0.851439
0.906254
0.506372
0.594105
0.708147
0.832759
0.121511
0.810069
0.481276
0.450623
0.4239
0.509212
0.945051
0.548204
0.953178
0.18029
0.724136
0.81224
0.679129
0.606922
0.564813
0.86093
0.821647
0.122289
0.848588
0.414069
0.253697
0.869769
0.432025
0.808365
0.263404
0.003929
0.495459
0.100228
0.754376
0.276075
0.443646
0.087034
0.286659
0.78149
0.151588
0.64716
0.917426
0.679837
0.811022
0.108972
0.250732
0.894539
0.715106
0.639554
0.663767
0.414201
0.044557
0.784442
0.678713
0.472804
0.89976
0.33616
0.294322
0.872796
0.796988
0.51498
0.130735
0.215071
0.656228
0.385041
0.836473
0.949955
0.805637
0.377545
0.788686
0.351442
0.1671
0.033393
0.385717
0.903559
0.238987
0.206513
0.969821
0.025004
0.785782
0.32137
0.037488
0.917803
0.139642
0.551779
0.274054
0.065193
0.049922
0.115557
0.071367
0.760558
0.485566
0.342892
0.418369
0.928947
0.910752
0.715676
0.884682
0.319648
0.381109
0.613712
0.623626
0.4817
0.400658
0.98618
0.821124
0.43498
0.727292
0.269562
0.100169
0.352431
0.402973
0.016537
0.814792
0.359193
0.580418
0.073963
0.174997
0.889694
0.608688
0.950284
0.99875
0.37186
0.298803
0.858356
0.998611
0.629641
0.795141
0.781746
0.35534
0.57427
0.833057
0.688114
0.021164
0.336706
0.144476
0.232972
0.905489
0.036893
0.219801
0.309569
0.616884
0.534102
0.218269
0.164241
0.236798
0.50253
0.271178
0.947603
0.463865
0.058796
0.729266
0.328845
0.653489
0.279594
0.570744
0.772153
0.928009
0.261127
0.334857
0.464266
0.927175
0.901387
0.089878
0.13193
0.495509
0.106619
0.345581
0.148385
0.63604
0.949495
0.996734
0.375241
0.599013
0.856268
0.117462
0.689564
0.408844
0.206146
0.402754
0.07596
0.695407
0.252743
0.311406
0.121081
0.864659
0.493444
0.572147
0.569433
0.410493
0.19253
0.745133
0.127056
0.103874
0.710145
0.208837
0.306773
0.475227
0.449351
0.708579
0.623432
0.644396
0.714054
0.292613
0.322333
0.437998
0.307462
0.984938
0.814052
0.164655
0.005594
0.042783
0.244063
0.114291
0.533338
0.857995
0.73675
0.215609
0.399299
0.507894
0.810206
0.839122
0.909718
0.509245
0.694275
0.1118
0.565289
0.248692
0.431717
0.634051
0.256986
0.052185
0.010234
0.02216
0.00835
0.110355
0.239489
0.221222
0.986797
0.306006
0.127421
0.545563
0.857957
0.67806
0.296082
0.561616
0.714856
0.728104
0.666538
0.87081
0.870105
0.578937
0.429856
0.64157
0.818212
0.005652
0.991997
0.182894
0.470249
0.87203
0.22504
0.476795
0.132582
0.395076
0.177135
0.363628
0.373464
0.993171
0.994813
0.114786
0.725969
0.051745
0.030192
0.105334
0.965486
0.940864
0.193928
0.161672
0.240535
0.515547
0.569705
0.221593
0.756623
0.309553
0.922131
0.656723
0.436351
0.789912
0.817915
0.290482
0.339715
0.935955
0.164741
0.04215
0.454055
0.80121
0.771668
0.919531
0.533201
0.100065
0.588689
0.778396
0.093328
0.172657
0.012291
0.593653
0.886734
0.670663
0.98204
0.063034
0.903001
0.814068
0.314242
0.973527
0.287938
0.889305
0.880749
0.757658
0.56347
0.120003
0.531972
0.356796
0.792217
0.758129
0.910613
0.01483
0.809103
0.938462
0.7893
0.130194
0.081279
0.020845
0.628745
0.629673
0.986914
0.398043
0.331906
0.624425
0.825609
0.936774
0.803124
0.426674
0.634914
0.856299
0.49061
0.216687
0.169723
0.000158
0.718238
0.111097
0.243839
0.297876
0.56038
0.397957
0.674674
0.055639
0.123939
0.499212
0.336965
0.295813
0.067028
0.895719
0.691819
0.121618
0.065046
0.974873
0.681173
0.417456
0.701731
0.756332
0.779962
0.477877
0.429883
0.011028
0.926557
0.603308
0.203154
0.919603
0.914932
0.989184
0.874057
0.997784
0.244686
0.84225
0.823028
0.23094
0.098438
0.979421
0.296025
0.870892
0.004127
0.021025
0.465871
0.238715
0.689841
0.565564
0.077486
0.162628
0.388049
0.185604
0.792222
0.41607
0.093432
0.484343
0.090838
0.128937
0.23961
0.859528
0.924613
0.826258
0.334077
0.272446
0.549156
0.721853
0.993373
0.131571
0.049292
0.694356
0.832226
0.846349
0.678464
0.954016
0.511005
0.913815
0.967812
0.847157
0.309759
0.196216
0.54812
0.453015
0.877758
0.100032
0.25774
0.751799
0.094987
0.320764
0.387155
0.622594
0.158133
0.860604
0.447542
0.917022
0.46787
0.27504
0.141829
0.003745
0.532157
0.107157
0.391728
0.589272
0.275686
0.175224
0.774722
0.946791
0.10044
0.15559
0.960013
0.037784
0.977632
0.004644
0.873669
0.307325
0.938589
0.316945
0.654306
0.080033
0.24233
0.773679
0.528686
0.927969
0.428751
0.869812
0.448955
0.979248
0.959834
0.329137
0.885924
0.847611
0.21068
0.62429
0.072682
0.836711
0.174546
0.070815
0.400219
0.576922
0.854917
0.974243
0.439493
0.060447
0.749116
0.565173
0.447891
0.309269
0.502399
0.33868
0.757012
0.543894
0.876848
0.543544
0.238262
0.851092
0.557219
0.206841
0.623508
0.357717
0.844406
0.4533
0.726441
0.095536
0.396024
0.983241
0.80846
0.159941
0.277764
0.329816
0.650366
0.756995
0.749527
0.509874
0.810821
0.437078
0.123881
0.564442
0.952301
0.792994
0.578701
0.646806
0.930562
0.428343
0.331394
0.977242
0.863443
0.323044
0.463781
0.415078
0.149096
0.957819
0.404312
0.875329
0.189356
0.547871
0.023961
0.76422
0.580914
0.62559
0.051721
0.211038
0.074331
0.288914
0.627439
0.566186
0.61215
0.549251
0.273029
0.244507
0.13706
0.849071
0.616479
0.186511
0.177209
0.873036
0.742731
0.659399
0.406864
0.261976
0.979451
0.79724
0.301779
0.847565
0.758932
0.297081
0.426553
0.185953
0.111052
0.722762
0.267512
0.820059
0.995609
0.07662
0.473035
0.802063
0.788951
0.759997
0.348995
0.453853
0.594968
0.973941
0.327547
0.923144
0.269357
0.989074
0.670264
0.463511
0.61339
0.272531
0.274174
0.113555
0.11405
0.347672
0.762855
0.607971
0.102585
0.852237
0.601368
0.960856
0.670185
0.175175
0.473783
0.648498
0.028265
0.01491
0.129403
0.251664
0.429549
0.48744
0.138028
0.673392
0.596138
0.294464
0.01366
0.077648
0.391695
0.153974
0.37682
0.628183
0.547237
0.231176
0.343822
0.614031
0.860855
0.753213
0.5534
0.362293
0.365051
0.879417
0.039244
0.987983
0.664375
0.681138
0.037998
0.605529
0.484778
0.105779
0.277922
0.890314
0.549988
0.413417
0.072682
0.714122
0.702851
0.614044
0.510263
0.433784
0.593271
0.233395
0.941259
0.588795
0.311192
0.44968
0.805685
0.161616
0.292836
0.679508
0.315489
0.792502
0.130453
0.762686
0.068352
0.012593
0.898224
0.581339
0.351827
0.232595
0.616886
0.509002
0.991598
0.983216
0.635025
0.442871
0.491141
0.682479
0.101575
0.328352
0.075272
0.073361
0.195839
0.485253
0.784774
0.485496
0.335477
0.082353
0.550296
0.271269
0.614934
0.977188
0.111314
0.212125
0.473095
0.968614
0.77181
0.898229
0.333715
0.992038
0.102833
0.052973
0.855603
0.927265
0.090585
0.113427
0.033174
0.104508
0.20942
0.970077
0.66786
0.778553
0.776139
0.535074
0.797489
0.595808
0.314546
0.56111
0.533509
0.823453
0.981727
0.411043
0.763391
0.099763
0.776831
0.371417
0.03939
0.363246
0.610643
0.11925
0.924034
0.077672
0.930007
0.707138
0.329712
0.39075
0.740809
0.601471
0.671643
0.389165
0.487813
0.989867
0.213923
0.417856
0.291823
0.765112
0.764013
0.292445
0.08139
0.011433
0.427451
0.410338
0.98839
0.469802
0.256418
0.891229
0.491068
0.599176
0.095669
0.382916
0.944224
0.589505
0.344502
0.625667
0.910411
0.273991
0.505117
0.958691
0.172396
0.719664
0.614481
0.679675
0.35122
0.313879
0.68421
0.215543
0.419655
0.188175
0.008305
0.970057
0.431703
0.96935
0.140324
0.587367
0.200974
0.790074
0.783703
0.112607
0.912064
0.19463
0.612977
0.985634
0.882397
0.956564
0.342599
0.105576
0.188347
0.500495
0.79323
0.150154
0.659732
0.323578
0.341202
0.661918
0.466999
0.812033
0.155919
0.789948
0.064235
0.194054
0.65615
0.854926
0.25268
0.327192
0.537121
0.211573
0.811156
0.773637
0.145292
0.46383
0.774828
0.33733
0.633107
0.050213
0.608689
0.152653
0.830583
0.355449
0.281554
0.840889
0.050144
0.396609
0.370004
0.2848
0.911754
0.750928
0.063923
0.714687
0.527299
0.900868
0.312946
0.574162
0.500755
0.489561
0.456105
0.205629
0.75571
0.451336
0.958516
0.260808
0.682744
0.940717
0.663458
0.871273
0.827481
0.360118
0.600124
0.156261
0.535526
0.230422
0.743737
0.528058
0.411227
0.268797
0.998698
0.071711
0.043561
0.217257
0.971072
0.979238
0.654928
0.880107
0.213962
0.972042
0.142785
0.101125
0.112212
0.573128
0.780974
0.366667
0.977896
0.43442
0.150449
0.465967
0.679037
0.832226
0.458768
0.593607
0.267345
0.645917
0.985972
0.049054
0.886531
0.562283
0.252099
0.95489
0.483354
0.33169
0.181498
0.244452
0.832849
0.61441
0.913246
0.231968
0.121139
0.006088
0.507862
0.998307
0.694965
0.308395
0.876859
0.781722
0.015415
0.81686
0.300527
0.149673
0.226331
0.46858
0.424868
0.288887
0.172218
0.762231
0.99011
0.777792
0.295937
0.244809
0.217666
0.136695
0.551331
0.6054
0.705503
0.680213
0.292333
0.330311
0.681515
0.349448
0.212623
0.374336
0.272084
0.088313
0.830139
0.853111
0.21975
0.064772
0.738827
0.211529
0.393435
0.064135
0.22627
0.792902
0.804396
0.207085
0.335914
0.134238
0.074173
0.992172
0.655594
0.542097
0.765499
0.840077
0.806715
0.016539
0.186808
0.654905
0.375759
0.982483
0.665405
0.956549
0.201446
0.863957
0.321352
0.989565
0.157689
0.51634
0.792845
0.432642
0.468084
0.986356
0.425308
0.604072
0.05454
0.84221
0.648168
0.40402
0.01617
0.591669
0.012658
0.001204
0.616099
0.189017
0.191888
0.653272
0.053697
0.313406
0.149432
0.580176
0.661765
0.721136
0.255231
0.08925
0.078684
0.426152
0.945844
0.217729
0.256742
0.100889
0.60557
0.679873
0.642931
0.86113
0.486426
0.134457
0.289405
0.66243
0.613122
0.531003
0.682964
0.637391
0.881325
0.586016
0.778601
0.248707
0.678183
0.902194
0.385732
0.779104
0.724789
0.059526
0.581508
0.130189
0.967319
0.811408
0.109724
0.121752
0.594474
0.344889
0.034906
0.541642
0.387845
0.101076
0.80192
0.915077
0.756594
0.822422
0.216491
0.263573
0.208528
0.765063
0.947917
0.716837
0.881467
0.638699
0.38766
0.425762
0.075321
0.031457
0.695476
0.438429
0.552215
0.557661
0.277376
0.475893
0.47076
0.388427
0.820675
0.451164
0.603645
0.89552
0.866234
0.890422
0.270005
0.034982
0.261067
0.278707
0.90936
0.649243
0.081704
0.135379
0.155676
0.630422
0.735414
0.859644
0.940637
0.201705
0.309772
0.240323
0.358762
0.914665
0.575113
0.738192
0.490119
0.028858
0.064195
0.537923
0.718789
0.215331
0.72191
0.810666
0.411897
0.746419
0.40403
0.678351
0.763997
0.991927
0.345397
0.411041
0.16562
0.204073
0.693395
0.917046
0.394605
0.179844
0.285099
0.455052
0.29065
0.233579
0.735984
0.007845
0.539231
0.793767
0.266228
0.603292
0.6689
0.655025
0.44585
0.346578
0.835924
0.758446
0.321255
0.103019
0.071808
0.094276
0.582869
0.051662
0.336927
0.7532
0.294348
0.763308
0.745467
0.245827
0.728822
0.747777
0.397454
0.21042
0.521271
0.921398
0.639617
0.172922
0.682757
0.427203
0.591529
0.734064
0.514947
0.813984
0.722156
0.615073
0.150793
0.835949
0.935906
0.136965
0.488241
0.258889
0.754523
0.72163
0.140885
0.877027
0.180973
0.797259
0.45698
0.328272
0.158239
0.167614
0.661891
0.55043
0.122085
0.112698
0.072311
0.743767
0.711882
0.058431
0.56027
0.084676
0.903746
0.907117
0.698233
0.926189
0.811453
0.828539
0.569708
0.306059
0.217799
0.3272
0.628495
0.172657
0.25864
0.468061
0.23305
0.588644
0.923176
0.748089
0.666427
0.582721
0.487948
0.186564
0.89471
0.248536
0.091309
0.750015
0.175616
0.371896
0.028285
0.137068
0.173204
0.05441
0.656657
0.837008
0.373315
0.874576
0.213347
0.32539
0.150737
0.620559
0.41987
0.613283
0.761675
0.545703
0.62763
0.93525
0.299064
0.359164
0.717703
0.611306
0.178533
0.376147
0.467838
0.41939
0.178275
0.92443
0.762319
0.481356
0.680061
0.897283
0.136174
0.250373
0.542701
0.79901
0.036255
0.984018
0.454907
0.359231
0.292724
0.174357
0.791574
0.955414
0.413645
0.952421
0.823798
0.481051
0.674026
0.434984
0.558723
0.058046
0.696263
0.052825
0.817085
0.824947
0.237077
0.323663
0.48131
0.596663
0.287354
0.592486
0.297787
0.055491
0.002528
0.101151
0.792251
0.961431
0.426966
0.512684
0.146848
0.551031
0.144655
0.611214
0.933259
0.195699
0.764564
0.023502
0.375497
0.110749
0.352475
0.173537
0.373305
0.417523
0.300591
0.656622
0.918852
0.400595
0.192343
0.270723
0.854001
0.57164
0.455011
0.149637
0.449727
0.278492
0.943163
0.88407
0.083903
0.516653
0.225058
0.410777
0.876848
0.527515
0.334215
0.207888
0.800325
0.624518
0.468065
0.217484
0.334246
0.959843
0.52009
0.400699
0.521422
0.778989
0.340109
0.178706
0.584936
0.665204
0.712718
0.881988
0.371174
0.075355
0.958349
0.435012
0.623258
0.666305
0.546514
0.205258
0.755143
0.803752
0.552976
0.488561
0.113938
0.083952
0.339565
0.310846
0.953656
0.783623
0.659924
0.517648
0.167368
0.978457
0.375041
0.106926
0.493799
0.873998
0.887291
0.010966
0.886296
0.271484
0.038972
0.84779
0.863867
0.596231
0.574434
0.81312
0.78631
0.890105
0.552747
0.967647
0.996147
0.116545
0.849544
0.499822
0.387566
0.613072
0.055966
0.506461
0.870891
0.213462
0.42639
0.939481
0.428564
0.358368
0.440537
0.519453
0.631991
0.800693
0.452102
0.817481
0.533721
0.338481
0.657951
0.717722
0.558049
0.056615
0.169883
0.285298
0.282626
0.673421
0.018349
0.755682
0.265342
0.310022
0.52791
0.215926
0.884471
0.085369
0.444382
0.849422
0.615844
0.29233
0.42076
0.706694
0.973261
0.893139
0.342433
0.998198
0.003505
0.02763
0.823841
0.199463
0.060769
0.237148
0.4261
0.730566
0.624336
0.237621
0.50327
0.926214
0.815008
0.32319
0.982265
0.70862
0.062449
0.035161
0.168408
0.727856
0.183739
0.511487
0.09326
0.920886
0.343961
0.908132
0.944876
0.006129
0.464135
0.024656
0.908693
0.518408
0.074944
0.110277
0.383509
0.940234
0.692909
0.867619
0.366457
0.043214
0.974318
0.017173
0.947652
0.368677
0.01009
0.689157
0.98054
0.965626
0.160937
0.181248
0.565539
0.637305
0.739418
0.18105
0.959007
0.638739
0.847047
0.540066
0.414277
0.977183
0.582121
0.866874
0.953292
0.675355
0.548939
0.003511
0.04002
0.200851
0.186008
0.254759
0.304935
0.360065
0.420538
0.098866
0.042362
0.673944
0.537335
0.444144
0.63444
0.827679
0.427693
0.641119
0.953572
0.839624
0.426001
0.644717
0.177071
0.560522
0.981328
0.518315
0.927638
0.407335
0.998845
0.57922
0.042269
0.586755
0.274573
0.032481
0.820853
0.27573
0.796549
0.288218
0.194326
0.973936
0.361645
0.601376
0.609981
0.560473
0.914696
0.674441
0.403733
0.86238
0.181063