128 4
0
14
18
34
38
1
12
15
103
119
2
54
66
94
116
0
3
15
34
64
4
6
13
49
61
5
22
28
62
98
5
6
21
79
92
7
28
81
88
108
1
8
63
107
119
9
19
35
95
104
10
36
54
101
105
11
51
68
69
96
12
21
82
84
106
13
14
46
70
97
14
51
68
80
107
1
15
38
44
90
16
23
60
104
110
17
64
91
110
121
18
20
52
115
120
19
66
91
93
126
0
20
58
114
115
17
21
46
108
112
14
22
23
32
35
23
33
50
59
89
15
21
24
39
103
4
15
25
41
114
5
26
29
41
87
18
27
31
52
100
27
28
46
50
108
29
71
106
126
127
0
21
30
56
67
31
57
85
90
93
12
26
32
38
90
33
38
71
101
120
11
17
23
34
118
14
15
35
59
96
23
36
46
73
127
18
37
44
90
108
15
30
38
40
84
17
22
39
40
77
11
35
40
100
119
41
50
68
74
84
31
35
42
70
92
39
43
69
90
125
3
37
44
45
53
45
62
73
98
117
29
46
49
101
105
3
15
47
51
72
10
25
28
48
91
23
49
91
95
107
6
17
38
41
50
2
51
62
107
127
19
52
93
97
109
53
69
72
73
122
16
54
78
96
119
12
41
53
55
58
43
56
79
85
118
19
57
66
71
97
23
46
50
58
124
0
17
22
59
122
4
17
60
65
114
61
73
79
92
116
24
34
62
105
120
12
20
23
63
105
18
33
38
64
106
27
65
90
113
127
10
34
48
66
89
27
56
67
75
83
64
65
68
72
120
21
50
69
103
119
8
35
53
70
90
37
65
71
111
113
4
36
42
72
80
50
57
62
73
98
42
64
66
71
74
61
62
75
87
108
29
37
76
89
105
50
77
103
106
125
37
78
106
107
126
66
76
79
99
113
11
47
80
104
126
19
71
81
102
107
1
82
110
116
126
74
83
84
100
119
5
54
82
84
93
85
102
107
109
127
48
61
83
86
99
9
23
53
87
117
28
88
96
118
123
5
89
93
99
108
56
57
77
90
110
2
18
23
91
101
8
29
92
95
97
43
52
76
81
93
22
59
67
85
94
6
43
54
60
95
38
74
96
121
124
4
58
97
104
105
41
88
91
98
124
13
15
26
90
99
1
18
22
40
100
13
46
62
101
114
7
26
89
102
110
27
39
67
103
122
37
60
74
104
127
23
27
40
105
107
17
25
48
84
106
2
37
76
107
122
0
13
91
108
122
91
99
109
117
122
10
39
106
110
113
3
33
55
64
111
9
70
80
102
112
12
21
55
63
113
64
91
96
114
121
0
12
37
115
118
24
41
57
116
127
32
36
56
84
117
56
61
97
117
118
2
29
66
118
119
22
62
71
81
120
1
60
65
72
121
26
47
102
122
125
0
4
62
99
123
21
73
108
124
126
23
58
78
96
125
17
22
49
77
126
21
36
43
88
127
0.283386
0.873177
0.553401
0.608324
0.367065
0.06031
0.075248
0.420383
0.177494
0.104263
0.262244
0.742046
0.073018
0.448226
0.826087
0.267925
0.301874
0.884207
0.650004
0.797712
0.289204
0.99678
0.140896
0.961937
0.902099
0.551895
0.585296
0.775048
0.306782
0.52747
0.902376
0.068249
0.905529
0.728778
0.769845
0.064718
0.187757
0.925262
0.124051
0.631183
0.782693
0.231282
0.69879
0.065577
0.498768
0.334433
0.645742
0.889005
0.125491
0.450308
0.423194
0.323795
0.480167
0.880728
0.973662
0.002843
0.739032
0.615081
0.994512
0.089931
0.811346
0.933928
0.912116
0.560573
0.327556
0.639904
0.306072
0.412269
0.445725
0.30195
0.341827
0.007313
0.297079
0.472305
0.173007
0.805585
0.537637
0.793881
0.128103
0.820511
0.958263
0.352454
0.283952
0.646832
0.635914
0.112468
0.926759
0.479056
0.764416
0.359318
0.261537
0.111272
0.274519
0.993431
0.65796
0.802782
0.958509
0.078991
0.164694
0.927966
0.564554
0.634849
0.427634
0.814429
0.517244
0.826129
0.992187
0.646727
0.528814
0.365158
0.194696
0.656658
0.062637
0.956288
0.647555
0.959363
0.272275
0.946516
0.612125
0.810264
0.178923
0.50011
0.56896
0.392854
0.253233
0.904775
0.085059
0.153987
0.320511
0.91977
0.56421
0.373174
0.402678
0.837778
0.02678
0.011339
0.046085
0.469205
0.581249
0.624469
0.731137
0.189724
0.262285
0.243507
0.149172
0.244396
0.613653
0.366412
0.767912
0.536419
0.212039
0.467382
0.593369
0.866195
0.833718
0.42648
0.647676
0.297805
0.633003
0.912792
0.624543
0.303772
0.643983
0.902755
0.137047
0.482447
0.321051
0.241467
0.396209
0.393968
0.210433
0.403625
0.633732
0.025732
0.989225
0.295944
0.623645
0.283549
0.393536
0.549237
0.611853
0.770458
0.791684
0.518703
0.075726
0.557784
0.47758
0.215387
0.010163
0.315966
0.259488
0.48291
0.761602
0.43904
0.951568
0.221313
0.220952
0.60445
0.896263
0.671858
0.673678
0.806286
0.66868
0.759348
0.866127
0.007911
0.885623
0.215264
0.912105
0.266183
0.455239
0.933883
0.109747
0.745283
0.392449
0.024101
0.939133
0.117829
0.774142
0.38427
0.810583
0.750287
0.633219
0.939223
0.098923
0.798579
0.670785
0.314721
0.545972
0.644628
0.736271
0.18706
0.102114
0.102056
0.293869
0.154173
0.535642
0.43704
0.893067
0.717402
0.205812
0.045727
0.709156
0.845828
0.700994
0.643794
0.249315
0.494604
0.724962
0.193375
0.476544
0.117028
0.530719
0.573537
0.535386
0.469465
0.587454
0.9968
0.622536
0.752568
0.192121
0.530023
0.007505
0.031458
0.32248
0.4666
0.575637
0.888004
0.771756
0.299977
0.743484
0.549391
0.779181
0.41105
0.091893
0.618488
0.557038
0.953604
0.16213
0.656133
0.474073
0.378922
0.794568
0.81065
0.714601
0.083602
0.345111
0.04675
0.343681
0.647918
0.518707
0.702937
0.551462
0.555814
0.510965
0.364325
0.446565
0.112438
0.834508
0.889212
0.766271
0.583586
0.569179
0.470324
0.231347
0.383804
0.989906
0.145803
0.542683
0.866526
0.453002
0.60561
0.827793
0.547561
0.731469
0.347272
0.733023
0.041021
0.152899
0.637296
0.448955
0.828349
0.341974
0.767208
0.139113
0.930147
0.418439
0.230902
0.789152
0.947886
0.918082
0.237939
0.672008
0.546858
0.725104
0.486933
0.469763
0.882707
0.871256
0.787596
0.704895
0.678367
0.056182
0.749536
0.638104
0.302411
0.820101
0.832447
0.932191
0.418358
0.55125
0.905954
0.316801
0.796643
0.991967
0.651936
0.983704
0.515812
0.153053
0.175596
0.731374
0.000909
0.661888
0.151272
0.984369
0.163128
0.552464
0.669446
0.819496
0.459264
0.933799
0.480246
0.25206
0.593035
0.658006
0.507391
0.733182
0.420681
0.004337
0.264539
0.945905
0.763223
0.189534
0.066653
0.350797
0.836302
0.105979
0.543354
0.275
0.726255
0.00041
0.277174
0.67925
0.546751
0.778866
0.157676
0.530976
0.19577
0.63922
0.131343
0.148694
0.328205
0.401906
0.49856
0.580707
0.468814
0.045639
0.34346
0.061382
0.118084
0.092824
0.158096
0.812921
0.627572
0.506781
0.732258
0.961224
0.417675
0.367412
0.977774
0.77133
0.777111
0.599942
0.507008
0.550592
0.652085
0.376839
0.782295
0.909221
0.571284
0.381476
0.69559
0.182165
0.968573
0.657987
0.067569
0.52975
0.750341
0.277846
0.05099
0.489162
0.833624
0.251534
0.717013
0.407791
0.059632
0.303963
0.313902
0.904664
0.981748
0.209768
0.430513
0.976703
0.407268
0.349171
0.109882
0.753285
0.447006
0.638663
0.509857
0.174537
0.17637
0.939756
0.889519
0.610634
0.001244
0.433296
0.530428
0.449438
0.925449
0.040866
0.654929
0.313836
0.559477
0.655917
0.440821
0.148374
0.519038
0.932956
0.53588
0.12294
0.824163
0.221745
0.370217
0.428757
0.339699
0.404452
0.795481
0.223359
0.470419
0.020009
0.507666
0.111689
0.282236
0.324873
0.082353
0.360566
0.498057
0.431095
0.280425
0.294855
0.633583
0.718396
0.576531
0.976188
0.944874
0.098469
0.261374
0.868394
0.029664
0.592197
0.9545
0.678718
0.091933
0.747818
0.376485
0.921534
0.286316
0.473232
0.746607
0.25754
0.181782
0.002708
0.487962
0.928617
0.281487
0.043379
0.620431
0.05617
0.506912
0.38153
0.475424
0.16264
0.090202
0.748991
0.245667
0.800424
0.758447
0.198379
0.908291
0.16128
0.797146
0.420534
0.183016
0.938111
0.963257
0.511373
0.469175
0.900842
0.596137
0.266039
0.425197
0.835989
0.859563
0.939253
0.288261
0.679953
0.068389
0.725903
0.5632
0.249766
0.654632
0.135182
0.333806
0.400914
0.777137
0.308784
0.049035
0.180741
0.608093
0.01525
0.792232
0.90112
0.495398
0.70763
0.462677
0.308763
0.164866
0.518162
0.92989
0.889972
0.919626
0.966413
0.165358
0.146525
0.427761
0.689312
0.439694
0.892354
0.717396
0.633971
0.071038
0.175335
0.428154
0.976375
0.334409
0.629975
0.988906
0.264025
0.166667
0.546333
0.55189
0.921887
0.02643
0.407378
0.312348
0.571053
0.00933
0.711064
0.48499
0.700689
0.447806
0.474193
0.89555
0.210898
0.217489
0.559477
0.660224
0.354688
0.519511
0.227856
0.135911
0.238263
0.916373
0.801818
0.140246
0.04656
0.093185
0.293433
0.811359
0.321374
0.185655
0.395841
0.124054
0.470217
0.675554
0.368849
0.173611
0.453197
0.762489
0.076594
0.070937
0.318111
0.415053
0.216472
0.026911
0.21956
0.43537
0.079427
0.715892
0.552101
0.43444
0.518712
0.655806
0.994799
0.77512
0.540363
0.770534
0.475224
0.310909
0.261961
0.399479
0.002283
0.176956
0.126533
0.960342
0.064848
0.500973
0.919718
0.60752
0.495269
0.742993
0.353375
0.193714
0.847282
0.056582
0.807794
0.103366
0.625568
0.477047
0.998541
0.387921
0.957287
0.403781
0.6817
0.643661
0.086452
0.743366
0.208668
0.388441
0.782201
0.944314
0.559804
0.519385
0.504923
0.816565
0.993116
0.633591
0.378622
0.218664
0.198821
0.856151
0.992352
0.69799
0.955829
0.349996
0.627595
0.511685
0.482018
0.632374
0.310339
0.640622
0.672862
0.836113
0.730481
0.319774
0.4508
0.120378
0.257294
0.520945
0.100761
0.570606
0.390279
0.034766
0.434448
0.28114
0.066977
0.29337
0.294095
0.355074
0.366475
0.429772
0.091958
0.005278
0.736007
0.337346
0.613612
0.307035
0.984187
0.315425
0.605044
0.219971
0.517802
0.579331
0.182824
0.123655
0.973601
0.893268
0.660067
0.861054
0.09556
0.729376
0.285604
0.539493
0.764814
0.033479
0.694838
0.434867
0.439673
0.907278
0.859736
0.057534
0.618315
0.435846
0.117814
0.851051
0.071511
0.032097
0.197516
0.303379
0.060881
0.641311
0.43715
0.412189
0.145341
0.437789
0.390166
0.383643
0.218567
0.094437
0.260708
0.66727
0.072923
0.382324
0.514376
0.963152
0.843825
0.916613
0.820002
0.589115
0.860787
0.565247
0.357748
0.372342
0.565462
0.80944
0.133653
0.039265
0.789569
0.647592
0.82131
0.976677
0.251394
0.194292
0.340979
0.877962
0.013964
0.010532
0.216786
0.375916
0.302346
0.824918
0.689722
0.837834
0.38376
0.59581
0.515455
0.474727
0.288103
0.709221
0.52403
0.078603
0.000522
0.020319
0.07595
0.370954
0.305666
0.156642
0.515449
0.970181
0.160697
0.250591
0.462103
0.640841
0.60025
0.521199
0.737268
0.845946
0.998967
0.465511
0.994957
0.730499
0.657342
0.639683
0.910744
0.947934
0.178493
0.493424
0.94145
0.382113
0.232677
0.102653
0.597218
0.700273
0.195548
0.673638
0.899619
0.243579
0.122
0.835424
0.916446
0.214862
0.721381
0.590919
0.239196
0.823658
0.470437
0.700334
0.301423
0.815782
0.264286
0.364787
0.391469
0.206427
0.874369
0.113488
0.563129
0.814151
0.580905
0.326896
0.781355
0.499177
0.163013
0.316863
0.59194
0.658777
0.548132
0.272009
0.593753
0.332452
0.224921
0.945529
0.314873
0.33562
0.896776
0.142693
0.584595
0.783711
0.273665
0.844081
0.769649
0.486094
0.118716
0.970107
0.62423
0.517098
0.88545
0.421356
0.563641
0.858413
0.392972
0.772392
0.256138
0.702365
0.510435
0.164907
0.136007
0.457688
0.710847
0.603296
0.854725
0.389662
0.843642
0.037028
0.365805
0.072983
0.919244
0.475312
0.316156
0.492488
0.532846
0.846232
0.542428
0.431381
0.961354
0.968558
0.038417
0.706846
0.371758
0.6752
0.636922
0.330105
0.986659
0.357109
0.631982
0.813386
0.145465
0.300568
0.198973
0.781822
0.801209
0.255944
0.00413
0.42335
0.687138
0.622502
0.4457
0.301942
0.474387
0.015103
0.073871
0.162677
0.625405
0.218799
0.423379
0.621411
0.830577
0.549657
0.177127
0.95174
0.090015
0.367119
0.921324
0.602333
0.662652
0.301693
0.078539
0.365761
0.402157
0.270272
0.215485
0.355509
0.639417
0.949035
0.703781
0.779603
0.306067
0.104692
0.291514
0.402654
0.689881
0.939359
0.809293
0.2664
0.820301
0.411747
0.175439
0.461253
0.563221
0.763405
0.349896
0.146779
0.094354
0.112446
0.950023
0.951751
0.968756
0.302489
0.191614
0.980914
0.988264
0.07835
0.752528
0.288664
0.909299
0.089225
0.888578
0.002621
0.521978
0.335564
0.427334
0.433785
0.653603
0.023097
0.691364
0.022198
0.185274
0.606742
0.086437
0.990904
0.784384
0.705666
0.267681
0.048565
0.978781
0.147848
0.830567
0.197517
0.374095
0.69359
0.945365
0.019782
0.260768
0.764966
0.173394
0.111455
0.046185
0.50249
0.767734
0.961735
0.267486
0.121372
0.402553
0.05544
0.33136
0.64308
0.168166
0.631877
0.971949
0.8642
0.356835
0.421496
0.419321
0.859901
0.993827
0.825896
0.558118
0.097366
0.954484
0.860046
0.841411
0.391818
0.447171
0.119662
0.937873
0.943234
0.254441
0.696008
0.20349
0.392947
0.302381
0.389591
0.308973
0.345291
0.79106
0.300027
0.814695
0.567922
0.780445
0.918891
0.138425
0.34389
0.055557
0.40691
0.237403
0.571679
0.78339
0.486366
0.333623
0.152556
0.02683
0.677883
0.030546
0.920839
0.59423
0.353295
0.041914
0.413487
0.8673
0.969823
0.084928
0.777138
0.258358
0.379437
0.547673
0.994729
0.208815
0.130498
0.594977
0.853049
0.648216
0.347576
0.976983
0.995032
0.770649
0.802416
0.760842
0.257661
0.150264
0.554354
0.954146
0.878292
0.10686
0.056991
0.873771
0.613015
0.304321
0.561768
0.221669
0.946952
0.827198
0.962238
0.187057
0.84367
0.560286
0.324992
0.479663
0.944384
0.691453
0.359916
0.9999
0.345743
0.81372
0.784377
0.722927
0.669436
0.108665
0.994956
0.161043
0.596134
0.249148
0.168778
0.559465
0.836344
0.376946
0.077169
0.623759
0.76643
0.296085
0.69059
0.07579
0.361428
0.474131
0.781964
0.338142
0.4537
0.628354
0.62408
0.51776
0.328475
0.669925
0.837154
0.153814
0.340462
0.668748
0.755775
0.78146
0.653272
0.47827
0.6458
0.135045
0.207761
0.927531
0.922171
0.723884
0.327047
0.64884
0.687792
0.515115
0.748526
0.029691
0.256221
0.79445
0.9387
0.876088
0.716493
0.165497
0.36872
0.050213
0.639862
0.449863
0.573012
0.979353
0.402252
0.30671
0.150605
0.14361
0.518574
0.749228
0.564462
0.873293
0.315872
0.595047
0.661242
0.28069
0.396304
0.59094
0.020931
0.886611
0.111064
0.047558
0.215035
0.502318
0.328697
0.440146
0.084271
0.233105
0.097661
0.229707
0.703309
0.575291
0.333971
0.261227
0.997528
0.767868
0.822044
0.026365
0.059587
0.712614
0.191833
0.425655
0.184167
0.177072
0.109077
0.59426
0.739301
0.056845
0.275552
0.658368
0.392316
0.704666
0.759228
0.032294
0.38086
0.729139
0.378416
0.005833
0.336303
0.872653
0.951939
0.560517
0.30636
0.466064
0.236204
0.168126
0.493535
0.736684
0.222465
0.909537
0.168228
0.558412
0.776383
0.213388
0.296444
0.051484
0.943948
0.486972
0.064306
0.830127
0.569344
0.055285
0.450897
0.434403
0.146082
0.420373
0.282807
0.699942
0.005492
0.106376
0.918649
0.433333
0.176182
0.793226
0.851593
0.211214
0.7136
0.615136
0.745057
0.787898
0.660936
0.956217
0.864226
0.228971
0.913566
0.359597
0.726542
0.84801
0.43637
0.051509
0.949661
0.07248
0.34811
0.596447
0.117537
0.838206
0.203422
0.986004
0.916433
0.604556
0.66001
0.533606
0.391104
0.351708
0.891655
0.57662
0.823294
0.514071
0.307025
0.091759
0.323697
0.880118
0.711961
0.78583
0.773434
0.119972
0.158861
0.317239
0.301029
0.066081
0.153472
0.85623
0.589045
0.342283
0.526478
0.261313
0.583842
0.074631
0.902651
0.240447
0.819076
0.659999
0.523007
0.929796
0.156813
0.119277
0.32186
0.830221
0.035201
0.239406
0.424702
0.712941
0.299313
0.448112
0.33685
0.09206
0.738676
0.461379
0.812512
0.694693
0.057815
0.500076
0.990856
0.30787
0.492958
0.652032
0.202266
0.702507
0.659777
0.37496
0.284439
0.919103
0.127024
0.432031
0.766984
0.148137
0.932928
0.526252
0.504816
0.424277
0.86745
0.948441
0.380068
0.542394
0.315423
0.368017
0.028334
0.785935
0.969333
0.769527
0.518211
0.82751
0.857879
0.544523
0.937157
0.03017
0.010096
0.081459
0.057858
0.424611
0.940321
0.675224
0.659453
0.384886
0.533766
0.304175
0.517838
0.746661
0.558692
0.418872
0.844922
0.287443
0.481487
0.978147
0.967322
0.006285
0.532233
0.336919
0.291224
0.596252
0.446304
0.732842
0.027134
0.926891
0.567593
0.684067
0.604586
0.989132
0.986298
0.609891
0.683963
0.61857
0.310681
0.192614
0.402763
0.682757
0.055977
0.514305
0.408397
0.527485
0.860227
0.04761
0.763624
0.66691
0.203848
0.734184
0.496372
0.481025
0.483071
0.949234
0.944365
0.913608
0.886742
0.037588
0.400595
0.894877
0.755127
0.45666
0.773253
0.208186
0.599799
0.532998
0.573547
0.721795
0.949802
0.264012
0.758051
0.645141
0.695145
0.42892
0.944579
0.479656
0.121592
0.680693
0.128869
0.322675
0.228006
0.538934
0.347504
0.159853
0.790814
0.468492
0.454449
0.886363
0.538824
0.709896
0.328065
0.561289
0.726415
0.296472
0.688534
0.568763
0.434193
0.71297
0.316904
0.714503
0.551114
0.245604
0.668275
0.884764
0.310014
0.812332
0.33613
0.821121
0.051151
0.007215
0.113262
0.873943
0.533722
0.594101
0.842205
0.050646
0.387107
0.64309
0.40468
0.03213
0.650944
0.391401
0.019209
0.170518
0.217582
0.510616
0.186375
0.361327
0.750666
0.80772
0.795413
0.695083
0.541812
0.55063
0.953388
0.877869
0.649784
0.468495
0.72907
0.062716
0.944608
0.547579
0.50279
0.290835
0.003389
0.061243
0.263008
0.541546
0.08358
0.972052
0.410961
0.316317
0.525196
0.064987
0.850451
0.460277
0.178335
0.161734
0.360954
0.573363
0.416906
0.596797
0.705478
0.748489
0.400956
0.717003
0.141504
0.513096
0.072515
0.244106
0.583187
0.740421
0.095309
0.20707
0.991898
0.337658
0.284041
0.085257
0.694843
0.508253
0.157551
0.632898
0.52576
0.564945
0.994855
0.028613
0.914972
0.841891
0.415343
0.880946
0.648561
0.889355
0.594731
0.216149
0.576221
0.179062
0.140828
0.654061
0.947477
0.588496
0.795788
0.168364
0.65421
0.732977
0.041615
0.097164
0.781581
0.43995
0.405581
0.92037
0.991966
0.764385
0.792594
0.208321
0.192225
0.980683
0.695092
0.68671
0.286188
0.886479
0.04444
0.27459
0.180141
0.711096
0.71535
0.534731
0.00526
0.873755
0.955587
0.202312
0.842233
0.973286
0.326974
0.185057
0.97754
0.059743
0.275961
0.742029
0.617353
0.684511
0.708092
0.686144
0.342241
0.3115
0.428467
0.807684
0.938271
0.455246
0.085766
0.938299
0.080428
0.15911
0.867678
0.551479
0.352686
0.93091
0.960506
0.330763
0.868424
0.678529
0.274491
0.941433
0.063069
0.317942
0.396262
0.690653
0.038433
0.889777
0.659103
0.275023
0.658342
0.536924
0.336276
0.028596
0.551101
0.082182
0.810176
0.088526
0.428739
0.434552
0.556202
0.039508
0.203832
0.199501
0.598971
0.263636
0.144195
0.018353
0.840545
0.971548
0.703262
0.412712
0.122011
0.475105
0.457322
0.419876
0.378304
0.496753
0.073181
0.038295
0.06396
0.199998
0.27807
0.169458
0.251917
0.185837
0.150743
0.292983
0.397513
0.744267
0.95555
0.918965
0.475934
0.461345
0.125698
0.97174
0.760098
0.847568
0.234164
0.401086
0.102645
0.940813
0.285829
0.59601
0.15222
0.802797
0.186345
0.809384
0.401763
0.577757
0.269709
0.882776
0.759868
0.354274
0.585364
0.128988
0.160472
0.533678
0.640599
0.557432
0.559408
0.74229
0.902407
0.387598
0.536933
0.893024
0.464279
0.445149
0.766514
0.877301
0.737672
0.100124
0.464771
0.21197
0.317348
0.468754
0.221529
0.515934
0.643276
0.874898
0.211461
0.310565
0.4058
0.224547
0.33204
0.883351
0.138655
0.443748
0.310967
0.077165
0.096125
0.78488
0.852333
0.741408
0.539229
0.772659
0.152016
0.780202
0.423475
0.750316
0.227749
0.832543
0.568117
0.007338
0.519267
0.310279
0.057502
0.44731
0.31147
0.20439
0.349122
0.179607
0.299812
0.115334
0.084313
0.910019
0.902766
0.828005
0.230326
0.725891
0.589712
0.051233
0.899586
0.997982
0.708721
0.231508
0.55441
0.10938
0.298779
0.717256
0.301074
0.147206
0.007471
0.572514
0.968671
0.484133
0.212612
0.46328
0.602084
0.801368
0.452679
0.172952
0.18801
0.899726
0.236242
0.728018
0.268949
0.720562
0.078364
0.207393
0.408701
0.515317
0.352951
0.573516
0.32537
0.678439
0.511207
0.705109
0.430979
0.8765
0.382133
0.308134
0.557085
0.509172
0.518098
0.79613
0.588597
0.885265
0.619097
0.021701
0.870394
0.839784
0.04885
0.125284
0.556356
0.042853
0.411168
0.975361
0.172776
0.206096
0.676348
0.043978
0.820686
0.199031
0.531554
0.248763
0.658882
0.587216
0.94644
0.445601
0.874879
0.575822
0.914463
0.291822
0.549761
0.39003
0.065897
0.574266
0.794228
0.556204
0.279342
0.263829
0.237839
0.979632
0.39922
0.31687
0.418468
0.115798
0.19602
0.508902
0.798847
0.876427
0.865985
0.944751
0.125772
0.04097
0.105731
0.600742
0.556119
0.67121
0.371091
0.391589
0.545575
0.079056
0.799872
0.922856
0.387345
0.739572
0.548835
0.236009
0.067798
0.245899
0.604906
0.04023
0.836191
0.970306
0.083502
0.246698
0.675634
0.80608
0.345994
0.515238
0.891759
0.384398
0.081538
0.994894
0.18028
0.048782
0.410654
0.121464
0.978733
0.380794
0.825811
0.176605
0.138815
0.649293
0.90931
0.114536
0.589254
0.084939
0.812163
0.909306
0.628794
0.688343
0.055436
0.072977
0.179671
0.273828
0.759856
0.435429
0.07825
0.852645
0.993827
0.455026
0.511764
0.078509
0.383017
0.371804
0.965792
0.660432
0.782183
0.128332
0.416927
0.191553
0.860189
0.152372
0.438871
0.05365
0.634294
0.481925
0.497967
0.101619
0.513981
0.563783
0.96284
0.033223
0.922714
0.479564
0.210115
0.665546
0.517052
0.226755
0.626827
0.473262
0.689015
0.689077
0.472815
0.390796
0.063244
0.493847
0.243115
0.053247
0.33038
0.087469
0.579742
0.503669
0.792429
0.267634
0.371529
0.68895
0.992945
0.90417
0.520825
0.677947
0.531922
0.434806
0.602298
0.386499
0.280188
0.705674
0.871973
0.288024
0.706892
0.434019
0.302085
0.621111
0.939414
0.351691
0.759479
0.314698
0.803868
0.759985
0.765633
0.997708
0.140518
0.388839
0.630812
0.590475
0.780633
0.04691
0.705051
0.737724
0.061101
0.538682
0.244993
0.801627
0.049614
0.146164
0.104454
0.065218
0.600074
0.868547
0.510973
0.210582
0.343796
0.360366
0.451635
0.420538
0.671151
0.339912
0.662965
0.546773
0.048509
0.919672
0.177957
0.451529
0.947597
0.247333
0.022165
0.49005
0.223931
0.582028
0.817108
0.51122
0.645029
0.666152
0.820534
0.687927
0.976172
0.456211
0.050258
0.394027
0.839878
0.133068
0.73594
0.535661
0.900666
0.73119
0.660524
0.886878
0.90822
0.384917
0.927847
0.054698
0.762567
0.336531
0.487397
0.83575
0.637039
0.457491
0.163933
0.939265
0.332477
0.101162
0.564147
0.40628
0.590511
0.23353
0.378729
0.972508
0.936536
0.864382
0.779121
0.15656
0.466931
0.727903
0.261768
0.033074
0.418099
0.425141
0.0651
0.320616
0.9173
0.250297
0.56916
0.487882
0.862126
0.65355
0.158429
0.142869
0.557487
0.046466
0.393531
0.399011
0.196333
0.301012
0.329948
0.011759
0.805891
0.957446
0.289267
0.111986
0.953552
0.740551
0.891142
0.360876
0.484062
0.93024
0.459552
0.672095
0.704799
0.837114
0.975179
0.334899
0.247451
0.077706
0.856538
0.29268
0.049613
0.86527
0.509909
0.838313
0.554482
0.31373
0.129782
0.437162
0.026549
0.602459
0.427665
0.141524
0.530234
0.800911
0.9748
0.527358
0.129551
0.810706
0.695789
0.953971
0.535213
0.357104
0.96284
0.538445
0.015906
0.473669
0.002378
0.737708
0.565945
0.109801
0.813011
0.536437
0.11406
0.160011
0.822104
0.355487
0.821096
0.069503
0.243859
0.764583
0.641702
0.306825
0.936026
0.211066
0.84978
0.695744
0.121117
0.555116
0.929908
0.618896
0.528807
0.366323
0.788788
0.913059
0.753317
0.725249
0.19249
0.833986
0.040696
0.757361
0.21087
0.487261
0.695234
0.759078
0.888084
0.282592
0.22432
0.996246
0.207558
0.665481
0.952745
0.896556
0.443263
0.637582
0.529096
0.346656
0.144422
0.803394
0.090442
0.609627
0.594369
0.334824
0.135409
0.799637
0.461924
0.725273
0.016486
0.074503
0.175848
0.113838
0.191707
0.686488
0.046997
0.037866
0.031652
0.697649
0.536135
0.370242
0.675608
0.553604
0.007335
0.83855
0.350184
0.399561
0.78229
0.187091
0.010072
0.908838
0.505478
0.349527
0.819046
0.026295
0.202291
0.155288
0.737831
0.312087
0.772907
0.041476
0.608116
0.318221
0.18692
0.816765
0.41225
0.57163
0.033084
0.791625
0.286883
0.693406
0.760475
0.117116
0.295901
0.72344
0.232178
0.848174
0.311974
0.40233
0.099743
0.147675
0.275422
0.048909
0.193032
0.408943
0.379962
0.198694
0.080451
0.318148
0.745347
0.5101
0.946804
0.139886
0.207318
0.2803
0.013002
0.94338
0.445364
0.481649
0.157857
0.872698
0.692632
0.431361
0.877971
0.905458
0.049481
0.119325
0.027628
0.58173
0.217944
0.844928
0.465914
0.83771
0.555605
0.796168
0.371855
0.945394
0.667159
0.595491
0.352357
0.937184
0.337734
0.835859
0.404308
0.767184
0.911878
0.465607
0.526135
0.330343
0.054696
0.652481
0.119643
0.354059
0.349494
0.151004
0.66671
0.174599
0.778336
0.249279
0.287287
0.343728
0.152753
0.434264
0.080325
0.427116
0.339912
0.338265
0.660674
0.769023
0.355999
0.262015
0.494349
0.787719
0.644573
0.038001
0.47993
0.990965
0.353128
0.440717
0.287407
0.497695
0.160921
0.247014
0.711736
0.138287
0.926144
0.30796
0.575025
0.321831
0.478031
0.903801
0.068577
0.856343
0.557574
0.665071
0.055887
0.761399
0.127778
0.964821
0.799287
0.492868
0.924167
0.169073
0.991664
0.716819
0.098378
0.536592
0.710876
0.613022
0.423949
0.248143
0.238229
0.92695
0.234741
0.962405
0.210226
0.384284
0.012323
0.903144
0.104352
0.357329
0.842518
0.791898
0.841501
0.914108
0.911071
0.770499
0.582424
0.561549
0.01292
0.72257
0.226677
0.828697
0.553804
0.987248
0.210273
0.723465
0.547534
0.931807
0.265994
0.059438
0.543866
0.521613
0.311707
0.986538
0.069711
0.56952
0.260217
0.001912
0.987849
0.481613
0.85719
0.840067
0.812278
0.459017
0.895926
0.367272
0.408387
0.255705
0.448085
0.9865
0.573241
0.831098
0.263343
0.955921
0.013173
0.930245
0.898004
0.067356
0.604847
0.785244
0.403808
0.091857
0.8294
0.466498
0.26325
0.070855
0.640172
0.042302
0.791094
0.770752
0.322943
0.472287
0.66922
0.959124
0.520151
0.99668
0.325106
0.526492
0.115616
0.55644
0.536313
0.848814
0.996552
0.986178
0.236301
0.338446
0.274657
0.19968
0.150136
0.511744
0.872499
0.589868
0.872664
0.959495
0.383141
0.835668
0.052335
0.481073
0.368297
0.204852
0.438393
0.443703
0.80854
0.868919
0.65695
0.633388
0.110182
0.575262
0.274445
0.294763
0.094775
0.635868
0.583808
0.220273
0.263037
0.773001
0.792933
0.493085
0.149003
0.055592
0.271469
0.731186
0.600817
0.718107
0.471748
0.754706
0.480806
0.084015
0.079858
0.831503
0.629624
0.279127
0.757175
0.135735
0.645243
0.989486
0.15002
0.141945
0.467834
0.642661
0.026546
0.499671
0.08317
0.241324
0.712398
0.738865
0.729732
0.065146
0.786763
0.432207
0.47531
0.41969
0.857022
0.67997
0.500026
0.834287
0.805363
0.005044
0.47888
0.042246
0.307186
0.803837
0.944052
0.242067
0.021425
0.402336
0.335119
0.676966
0.495058
0.398847
0.229556
0.82848
0.248389
0.054735
0.564611
0.317349
0.712435
0.080872
0.966308
0.186858
0.357057
0.480955
0.890118
0.722541
0.144828
0.438614
0.542912
0.702126
0.571814
0.457335
0.765548
0.378058
0.987173
0.947783
0.70738
0.882612
0.393176
0.58147
0.272655
0.885639
0.471025
0.536144
0.864567
0.797279
0.321743
0.087428
0.162093
0.339096
0.305291
0.038311
0.432065
0.10585
0.22089
0.787483
0.49488
0.372953
0.185435
0.86628
0.90369
0.518678
0.921275
0.464789
0.107242
0.01704
0.128378
0.622656
0.320905
0.648309
0.507976
0.333013
0.21868
0.081044
0.782391
0.819004
0.541451
0.157095
0.263529
0.955145
0.225941
0.056805
0.550049
0.261914
0.957435
0.574768
0.965815
0.785577
0.723085
0.830365
0.604886
0.011121
0.392465
0.219018
0.434313
0.47055
0.127831
0.023432
0.1382
0.857427
0.755854
0.798893
0.276307
0.236099
0.037372
0.472268
0.382409
0.835886
0.681868
0.144286
0.987155
0.770641
0.720238
0.216616
0.905157
0.473921
0.297656
0.654834
0.211752
0.907566
0.854344
0.464911
0.190657
0.496504
0.149138
0.269849
0.482732
0.02114
0.765723
0.196915
0.866611
0.02226
0.532132
0.776651
0.237948
0.707553
0.720868
0.637844
0.364253
0.785065
0.628434
0.590388
0.819161
0.244638
0.232488
0.386447
0.073133
0.337393
0.406272
0.495058
0.254013
0.906842
0.285078
0.851551
0.444952
0.718157
0.110902
0.544637
0.960826
0.666251
0.820289
0.26107
0.800169
0.351253
0.485078
0.187958
0.485698
0.515702
0.622327
0.868634
0.304851
0.984137
0.84769
0.402923
0.226664
0.071495
0.234364
0.884523
0.292031
0.13798
0.022675
0.29768
0.216153
0.102202
0.951086
0.267622
0.006177
0.944276
0.578513
0.082813
0.031422
0.107849
0.591491
0.061872
0.568141
0.652541
0.147577
0.488433
0.96388
0.836488
0.723364
0.517735
0.394275
0.451435
0.76461
0.554298
0.764654
0.969873
0.640514
0.603104
0.406162
0.196754
0.374201
0.520097
0.034856
0.475805
0.862149
0.976624
0.855549
0.171982
0.155013
0.393312
0.22543
0.675995
0.084558
0.443719
0.280356
0.595403
0.797065
0.923563
0.963853
0.351195
0.855848
0.591963
0.692255
0.851131
0.130113
0.947407
0.547397
0.336003
0.338731
0.751
0.67866
0.72948
0.252996
0.170196
0.72186
0.298481
0.222436
0.214609
0.148401
0.426816
0.260949
0.893865
0.68914
0.743862
0.40361
0.60021
0.500798
0.167451
0.047854
0.683518
0.121172
0.057349
0.441867
0.738026
0.768868
0.87347
0.199214
0.985624
0.763209
0.157213
0.840721
0.498959
0.066546
0.132042
0.433893
0.530507
0.947492
0.215712
0.474105
0.225889
0.558401
0.909318
0.567751
0.510071
0.750129
0.147614
0.905615
0.577634
0.686309
0.818961
0.635038
0.641205
0.729621
0.052237
0.382211
0.962937
0.257936
0.542255
0.175427
0.323274
0.71708
0.643094
0.414316
0.938076
0.775047
0.267924
0.465446
0.878035
0.022464
0.581466
0.23196
0.06382
0.912861
0.816283
0.185294
0.836946
0.146427
0.476161
0.725773
0.533806
0.850781
0.616878
0.431952
0.925162
0.036295
0.488399
0.660782
0.836058
0.541157
0.885518
0.426277
0.317129
0.973812
0.667181
0.425778
0.87819
0.68308
0.637935
0.728538
0.738293
0.492983
0.419308
0.909283
0.497248
0.215822
0.521603
0.034422
0.723318
0.126984
0.111724
0.946356
0.772557
0.414229
0.239576
0.84349
0.968584
0.508354
0.580076
0.243053
0.58925
0.400598
0.845578
0.377113
0.648779
0.203466
0.090673
0.040355
0.415645
0.163529
0.99348
0.798383
0.693373
0.803318
0.262747
0.879264
0.995636
0.289854
0.984649
0.320397
0.011723
0.367214
0.997515
0.635151
0.695473
0.238347
0.14592
0.88551
0.413392
0.004108
0.294246
0.195732
0.603772
0.756123
0.497498
0.185899
0.057964
0.313534
0.805963
0.419514
0.252251
0.020725
0.496062
0.684822
0.190329
0.537189
0.420739
0.703948
0.860605
0.307049
0.904771
0.706952
0.037166
0.791243
0.494627
0.945461
0.323631
0.591214
0.956146
0.27116
0.471954
0.752495
0.691099
0.838703
0.519797
0.318921
0.535085
0.34996
0.176431
0.55497
0.048381
0.036575
0.064574
0.672611
0.406987
0.494115
0.343399
0.253636
0.358305
0.193378
0.678758
0.101735
0.516901
0.476827
0.301924
0.102289
0.703358
0.56954
0.809476
0.235524
0.791564
0.291946
0.112591
0.134916
0.221058
0.682429
0.243962
0.603871
0.256523
0.365223
0.889721
0.500362
0.600252
0.189277
0.131506
0.41318
0.855385
0.240924
0.621692
0.872096
0.93441
0.99379
0.762957
0.07501
0.871462
0.885637
0.557283
0.067432
0.476665
0.2107
0.442107
0.724126
0.667551
0.779992
0.476523
0.510792
0.935689
0.631184
0.747541
0.664517
0.640485
0.913542
0.356486
0.42769
0.37975
0.765197
0.86842
0.357502
0.142347
0.494107
0.984329
0.203682
0.452001
0.271387
0.922679
0.550917
0.578744
0.008261
0.65278
0.306352
0.513416
0.531067
0.592225
0.823539
0.298935
0.256161
0.795809
0.718719
0.225615
0.000836
0.665936
0.157178
0.956996
0.604407
0.849652
0.805622
0.557798
0.438351
0.496798
0.802989
0.640451
0.205717
0.609355
0.404667
0.061298
0.381269
0.227602
0.838585
0.104999
0.360623
0.695492
0.897392
0.335317
0.606439
0.37365
0.202881
0.325718
0.635902
0.716339
0.370606
0.152532
0.139558
0.812614
0.653274
0.728031
0.488254
0.45732
0.21115
0.16834
0.153913
0.991789
0.820892
0.62613
0.214404
0.337659
0.350786
0.477673
0.421997
0.934153
0.72081
0.081405
0.359957
0.132963
0.279355
0.958893
0.705264
0.007852
0.328861
0.438702
0.602501
0.499727
0.069773
0.515547
0.130259
0.5192
0.246069
0.144192
0.287923
0.099622
0.283984
0.866933
0.307171
0.470222
0.519808
0.178291
0.441784
0.852981
0.080527
0.92282
0.871114
0.85583
0.198543
0.484314
0.616155
0.09995
0.556846
0.840043
0.936554
0.278329
0.288739
0.270731
0.15345
0.430714
0.784469
0.712089
0.900319
0.355741
0.572219
0.766535
0.898173
0.871754
0.465518
0.906858
0.444056
0.902832
0.776971
0.221648
0.929668
0.242465
0.90842
0.615109
0.667376
0.109333
0.065741
0.968341
0.336928
0.844371
0.704475
0.604138
0.68521
0.089387
0.412395
0.607076
0.867563
0.714687
0.252807
0.984926
0.643037
0.501317
0.781379
0.6027
0.709989
0.617133
0.178838
0.543356
0.283101
0.570288
0.125504
0.231966
0.808723
0.405271
0.673785
0.497848
0.340697
0.495175
0.8137
0.281601
0.421444
0.202583
0.351189
0.88511
0.785723
0.373615
0.132395
0.41997
0.771722
0.043801
0.745341
0.67991
0.064649
0.63564
0.298656
0.177285
0.384882
0.205388
0.824556
0.742001
0.980753
0.534075
0.089206
0.367769
0.838637
0.396863
0.455675
0.411971
0.235379
0.073195
0.18056
0.363943
0.245438
0.572735
0.613906
0.570066
0.084919
0.66686
0.384579
0.878159
0.525614
0.084515
0.009218
0.702512
0.400511
0.287996
0.447179
0.072393
0.391984
0.3147
0.800189
0.174854
0.756317
0.500403
0.081888
0.969679
0.73421
0.260094
0.581753
0.899936
0.930807
0.731158
0.72767
0.277361
0.989762
0.243481
0.089406
0.97738
0.152845
0.521613
0.468243
0.848206
0.396659
0.502181
0.043738
0.207837
0.832996
0.478361
0.230932
0.368907
0.285096
0.556221
0.051446
0.22497
0.354965
0.928214
0.623278
0.504254
0.190823
0.557853
0.92901
0.566309
0.164774
0.997119
0.498858
0.319555
0.503376
0.263691
0.030373
0.889521
0.428874
0.752893
0.971255
0.632588
0.691616
0.943241
0.516554
0.3199
0.921384
0.068994
0.214608
0.341265
0.782112
0.903901
0.451787
0.286128
0.353211
0.656547
0.158007
0.547431
0.588443
0.707856
0.603898
0.096956
0.688799
0.021747
0.390309
0.417063
0.11663
0.009857
0.071162
0.4463
0.240354
0.06898
0.256405
0.528822
0.742139
0.412001
0.613149
0.596765
0.896315
0.179394
0.47643
0.63183
0.519722
0.450342
0.973459
0.942014
0.611455
0.439576
0.755382
0.512935
0.99557
0.685937
0.06816
0.401911
0.730265
0.842369
0.813369
0.977238
0.48912
0.140067
0.652243
0.070749
0.973523
0.758533
0.982148
0.377253
0.015797
0.52129
0.121183
0.679628
0.497551
0.753447
0.291069
0.829166
0.650821
0.98771
0.178557
0.051173
0.85105
0.338451
0.431246
0.925668
0.440697
0.298019
0.059495
0.442935
0.654952
0.269175
0.717779
0.478264
0.858107
0.161737
0.75708
0.932553
0.741398
0.405937
0.230456
0.098367
0.64237
0.142854
0.838304
0.960737
0.135789
0.376053
0.937272
0.470705
0.535416
0.747516
0.210533
0.979149
0.780884
0.161373
0.11107
0.934954
0.685028
0.038567
0.141987
0.047829
0.974082
0.497851
0.462148
0.955779
0.504636
0.517755
0.984097
0.111432
0.985755
0.165678
0.472911
0.337614
0.955421
0.485503
0.023015
0.221691
0.430812
0.67639
0.561903
0.849909
0.828434
0.590509
0.571315
0.278165
0.957906
0.076851
0.39703
0.660836
0.945663
0.50153
0.895919
0.1048
0.531584
0.316051
0.795697
0.444995
0.475252
0.064782
0.43801
0.080829
0.299562
0.126881
0.334481
0.227388
0.28518
0.148386
0.439608
0.497576
0.836648
0.538825
0.228758
0.735896
0.297247
0.756397
0.387164
0.513675
0.503756
0.955636
0.153665
0.938556
0.561989
0.993689
0.573138
0.656376
0.749574
0.821789
0.477564
0.678594
0.614883
0.407087
0.820798
0.192449
0.167131
0.736438
0.637485
0.31766
0.63513
0.770647
0.216966
0.581394
0.824666
0.411239
0.571737
0.078536
0.830469
0.796126
0.456254
0.119248
0.660399
0.57298
0.91948
0.279809
0.032326
0.25474
0.427907
0.155444
0.979735
0.222391
0.677861
0.454113
0.555148
0.93268
0.531554
0.305226
0.220814
0.891993
0.986725
0.251832
0.721934
0.505752
0.698583
0.964215
0.276087
0.739946
0.437947
0.652534
0.406652
0.708336
0.337502
0.488355
0.708794
0.042707
0.32809
0.546185
0.074135
0.703157
0.813287
0.163327
0.733463
0.6462
0.410878
0.164988
0.954878
0.464011
0.183643
0.718164
0.607898
0.816198
0.996097
0.044867
0.739316
0.989131
0.538232
0.715702
0.441111
0.356774
0.696458
0.988089
0.091666
0.422121
0.940619
0.112798
0.650933
0.430165
0.376892
0.20944
0.176334
0.516287
0.377437
0.491544
0.195937
0.350202
0.996418
0.368071
0.412709
0.019876
0.380826
0.763391
0.515597
0.657045
0.556552
0.105491
0.332144
0.694233
0.547939
0.674961
0.36018
0.193689
0.829814
0.376301
0.655011
0.381246
0.927254
0.991939
0.648929
0.602151
0.840827
0.516232
0.869506
0.412938
0.031897
0.92659
0.721528
0.510767
0.944894
0.886768
0.108426
0.624397
0.538104
0.776474
0.300768
0.008116
0.1854
0.210941
0.291416
0.370393
0.706555
0.074245
0.486547
0.498644
0.61587
0.310547
0.259789
0.483885
0.659608
0.044592
0.293582
0.78731
0.48419
0.951826
0.867542
0.343945
0.726271
0.274308
0.175296
0.88102
0.350249
0.203418
0.964976
0.031029
0.366899
0.038418
0.5041
0.401175
0.720669
0.954034
0.519689
0.2854
0.872176
0.60454
0.553485
0.188575
0.040592
0.461405
0.528047
0.127094
0.059397
0.21608
0.063098
0.056138
0.444166
0.810244
0.663988
0.679414
0.262437
0.011104
0.450647
0.377124
0.947235
0.07202
0.776419
0.385416
0.82962
0.494908
0.820502
0.466848
0.40186
0.963708
0.368858
0.8053
0.067033
0.062649
0.438108
0.58557
0.608533
0.036386
0.69674
0.129926
0.955345
0.333549
0.261445
0.291266
0.937353
0.482841
0.43468
0.565898
0.930762
0.30834
0.18082
0.595491
0.491675
0.061968
0.521937
0.562418
0.694151
0.995542
0.421581
0.510203
0.075002
0.831588
0.098156
0.93383
0.3485
0.337582
0.328609
0.95049
0.980108
0.97324
0.704787
0.111058
0.386362
0.289309
0.70839
0.492654
0.616501
0.008731
0.782864
0.952052
0.669373
0.851937
0.47825
0.020208
0.990469
0.058832
0.192774
0.05244
0.624958
0.583231
0.20967
0.956653
0.913486
0.27981
0.658865
0.855233
0.359798
0.253582
0.25619
0.820456
0.46307
0.715338
0.650301
0.306226
0.208077
0.125786
0.023886
0.081256
0.256247
0.7136
0.154919
0.523395
0.245132
0.51181
0.750011
0.265981
0.347899
0.723001
0.546338
0.094567
0.758154
0.277439
0.385058
0.245177
0.543357
0.707768
0.803216
0.922122
0.359217
0.932614
0.616955
0.389595
0.887294
0.57963
0.454284
0.011502
0.717508
0.077348
0.289393
0.961694
0.155213
0.311784
0.932339
0.337684
0.328675
0.647955
0.131357
0.972752
0.275023
0.785689
0.287614
0.275372
0.057513
0.119321
0.521967
0.576843
0.815844
0.060215
0.35615
0.200159
0.357878
0.354307
0.35428
0.309633
0.763978
0.689706
0.341469
0.146488
0.51828
0.918848
0.123559
0.75303
0.599379
0.58859
0.934657
0.955941
0.24384
0.808477
0.620799
0.408846
0.665621
0.955967
0.516875
0.94008
0.642887
0.482909
0.64417
0.602541
0.421697
0.56246
0.703249
0.838866
0.304331
0.014648
0.551218
0.489284
0.054199
0.632506
0.9414
0.402232
0.89436
0.813101
0.161716
0.78728
0.516706
0.918629
0.189426
0.125046
0.24128
0.059627
0.32008
0.283009
0.416215
0.462977
0.144721
0.619374
0.223567
0.121929
0.708811
0.022735
0.368366
0.144403
0.882793
0.824458
0.060527
0.550451
0.295356
0.192546
0.311539
0.815887
0.057855
0.648233
0.91337
0.448056
0.901514
0.9068
0.609596
0.455841
0.737664
0.916223
0.680035
0.209607
0.820056
0.951533
0.410275
0.69759
0.518166
0.112009
0.349842
0.16383
0.673573
0.582095
0.033534
0.061607
0.260792
0.74486
0.126836
0.204774
0.907626
0.546138
0.62085
0.455766
0.299771
0.24913
0.58922
0.470975
0.403033
0.694385
0.404154
0.03673
0.83967
0.318403
0.946402
0.879558
0.233916
0.965471
0.853561
0.985016
0.677948
0.930727
0.690093
0.855093
0.610429
0.929174
0.518087
0.736569
0.91696
0.42239
0.026402
0.113047
0.971911
0.873203
0.483417
0.960899
0.185606
0.110966
0.60144
0.38212
0.33977
0.734152
0.150013
0.778449
0.35945
0.986738
0.808746
0.646224
0.229446
0.956426
0.03291
0.22335
0.036776
0.966516
0.87145
0.952108
0.715035
0.027424
0.931502
0.420953
0.368201
0.284132
0.286798
0.800629
0.256379
0.222162
0.69802
0.287463
0.013131
0.931766
0.313564
0.764377
0.468987
0.13408
0.661928
0.23156
0.287918
0.032406
0.016403
0.513619
0.057795
0.209418
0.923807
0.082855
0.290789
0.726528
0.884325
0.046211
0.18544
0.387883
0.360994
0.288526
0.242308
0.268659
0.133426
0.163327
0.606767
0.292191
0.399685
0.411966
0.109737
0.819494
0.95636
0.263542
0.29441
0.693154
0.080588
0.907323
0.120589
0.732062
0.291515
0.323265
0.140845
0.646338
0.794994
0.950242
0.331549
0.621181
0.414993
0.557844
0.162932
0.581753
0.849082
0.863653
0.483389
0.235746
0.836679
0.999429
0.37716
0.924369
0.98346
0.395613
0.716284
0.581093
0.722194
0.154153
0.36672
0.062798
0.613216
0.926696
0.560283
0.070332
0.930377