32 1
0
6
1
15
2
27
3
27
4
6
5
13
6
31
7
26
8
20
9
17
10
26
11
24
2
12
13
26
14
29
1
15
16
25
17
25
4
18
7
19
18
20
21
31
8
22
1
23
14
24
7
25
9
26
6
27
28
31
18
29
0
30
21
31
0.16281
0.149353
0.502197
0.728709
0.751012
0.225914
0.1001
0.384461
0.918173
0.545367
0.3201
0.323638
0.132087
0.473224
0.791363
0.968559
0.501595
0.167215
0.68295
0.756791
0.0717
0.850139
0.829322
0.472541
0.560423
0.713408
0.676748
0.016536
0.122435
0.162591
0.755676
0.440084
0.545503
0.772687
0.340982
0.74889
0.442299
0.37718
0.333037
0.964945
0.771973
0.020196
0.957415
0.77544
0.149175
0.076338
0.308194
0.624182
0.616547
0.27585
0.445675
0.21189
0.050579
0.51697
0.346991
0.542882
0.946507
0.14337
0.001962
0.076878
0.462708
0.706932
0.580764
0.494895
0.353963
0.309974
0.376286
0.611635
0.167754
0.771362
0.575253
0.269156
0.501153
0.962779
0.020492
0.199523
0.44838
0.63844
0.212228
0.931404
0.642572
0.877432
0.329318
0.828954
0.378219
0.252752
0.911655
0.092218
0.942889
0.458515
0.992625
0.539595
0.757488
0.007071
0.496667
0.737453
0.782827
0.158049
0.418971
0.419072
0.103641
0.443046
0.807093
0.300181
0.432575
0.960959
0.031708
0.591522
0.743436
0.760882
0.715938
0.726451
0.059013
0.534137
0.782969
0.094065
0.01205
0.814562
0.712294
0.412206
0.940396
0.766598
0.967861
0.929315
0.481294
0.754709
0.669191
0.811445