32 1
0
31
0
1
2
19
3
30
4
6
5
29
4
6
7
24
3
8
9
10
10
18
5
11
12
19
13
26
14
28
15
17
4
16
17
29
18
28
14
19
20
27
21
24
19
22
5
23
3
24
16
25
14
26
17
27
5
28
23
29
24
30
19
31
0.849468
0.991756
0.348667
0.129356
0.144375
0.758741
0.144922
0.260422
0.204398
0.355679
0.074367
0.856742
0.860146
0.412933
0.612088
0.641952
0.749258
0.52069
0.510336
0.631304
0.703048
0.34669
0.33037
0.269718
0.548847
0.360156
0.540313
0.405985
0.836734
0.07313
0.572211
0.575624
0.383717
0.421021
0.800131
0.280674
0.871404
0.896343
0.650619
0.772858
0.612948
0.525259
0.966678
0.282655
0.154151
0.287485
0.614626
0.185183
0.908814
0.411024
0.849963
0.249237
0.313168
0.059223
0.257768
0.490314
0.946137
0.388903
0.639744
0.42771
0.046792
0.503533
0.065914
0.8837
0.753037
0.378651
0.640219
0.112028
0.702555
0.822732
0.821746
0.284278
0.263746
0.521398
0.967772
0.920523
0.359638
0.77983
0.921318
0.260926
0.830296
0.267896
0.343282
0.198821
0.50708
0.843311
0.528052
0.12344
0.251776
0.562862
0.583187
0.576906
0.077003
0.753696
0.909428
0.510519
0.718829
0.914015
0.642623
0.674326
0.721404
0.260502
0.582678
0.842175
0.296163
0.89717
0.620382
0.423175
0.623183
0.40186
0.838036
0.482319
0.901213
0.509808
0.660368
0.997744
0.146966
0.736729
0.138872
0.838866
0.596453
0.93816
0.865957
0.074872
0.137303
0.601171
0.518315
0.168565