32 1
0
19
1
6
2
15
3
19
4
22
5
20
0
6
7
14
8
19
9
14
10
18
5
11
5
12
13
31
0
14
15
29
16
29
15
17
18
26
17
19
12
20
11
21
17
22
23
27
9
24
13
25
19
26
27
28
24
28
10
29
17
30
26
31
0.35921
0.552732
0.23865
0.635362
0.853763
0.224067
0.507877
0.64869
0.564626
0.365649
0.6422
0.028246
0.369906
0.532612
0.020613
0.507649
0.654254
0.759208
0.113374
0.990565
0.606168
0.363194
0.249093
0.572897
0.881712
0.520565
0.661472
0.357696
0.388152
0.286175
0.705637
0.359188
0.190716
0.369401
0.853827
0.738252
0.334641
0.906809
0.074833
0.049754
0.12747
0.116455
0.087834
0.661343
0.600842
0.647606
0.688366
0.75688
0.207177
0.622304
0.580049
0.94366
0.232368
0.058723
0.653495
0.740173
0.283196
0.570848
0.059536
0.960045
0.109925
0.067571
0.04411
0.427272
0.09716
0.744648
0.898874
0.260219
0.628773
0.042338
0.386564
0.292942
0.228619
0.644723
0.130228
0.860711
0.664836
0.710735
0.935344
0.942373
0.551652
0.49538
0.335382
0.715572
0.538209
0.932875
0.238626
0.310253
0.31609
0.805998
0.09904
0.455649
0.427581
0.07314
0.410797
0.513378
0.065105
0.509862
0.959238
0.978914
0.53168
0.515097
0.285508
0.997115
0.274229
0.452901
0.002934
0.349232
0.07144
0.743825
0.561014
0.572172
0.286511
0.814896
0.003271
0.333601
0.659497
0.907923
0.234616
0.5411
0.537991
0.874174
0.050517
0.424476
0.182466
0.021533
0.147031
0.976471