32 1
0
2
1
8
2
30
3
9
4
28
0
5
6
13
0
7
8
9
9
29
10
27
11
19
1
12
13
22
1
14
15
30
16
22
17
23
18
27
10
19
7
20
2
21
8
22
23
25
15
24
15
25
9
26
5
27
19
28
23
29
19
30
19
31
0.667075
0.493516
0.674364
0.81627
0.685815
0.616114
0.85359
0.900589
0.388886
0.17325
0.81786
0.213753
0.928951
0.022878
0.921271
0.589183
0.774742
0.398493
0.991716
0.227551
0.264344
0.051432
0.940473
0.456029
0.674852
0.687441
0.874502
0.664925
0.562021
0.710319
0.750971
0.185928
0.109667
0.074849
0.374053
0.498
0.61565
0.958035
0.330788
0.760874
0.531358
0.22009
0.615305
0.967176
0.124308
0.50728
0.051608
0.321216
0.620603
0.841057
0.730328
0.462857
0.909223
0.302715
0.753983
0.474009
0.898636
0.797433
0.90147
0.214248
0.66815
0.738463
0.742414
0.504
0.011251
0.261431
0.323301
0.852037
0.840886
0.10468
0.949836
0.182457
0.414359
0.215157
0.860332
0.749402
0.353529
0.681879
0.184367
0.382297
0.377108
0.237937
0.876312
0.678846
0.279939
0.242121
0.017953
0.346582
0.526771
0.277711
0.700458
0.41175
0.316318
0.939058
0.262801
0.398258
0.382291
0.241198
0.217477
0.30238
0.864236
0.767083
0.681
0.457103
0.507754
0.267139
0.074316
0.331041
0.495584
0.057313
0.088233
0.263025
0.36708
0.393317
0.117886
0.225821
0.261647
0.067635
0.3261
0.072222
0.703458
0.386048
0.326752
0.126522
0.226504
0.232705
0.985204
0.835349