32 1
0
12
1
26
2
22
2
3
2
4
5
6
6
17
7
20
6
8
9
21
10
25
11
22
12
31
13
30
1
14
6
15
1
16
6
17
13
18
14
19
15
20
21
23
22
25
7
23
15
24
20
25
6
26
10
27
23
28
3
29
17
30
22
31
0.04069
0.014909
0.425066
0.590645
0.277905
0.259414
0.678334
0.601704
0.167147
0.884501
0.679976
0.362576
0.683625
0.112653
0.468256
0.168984
0.041431
0.338326
0.150735
0.633518
0.674068
0.148692
0.024613
0.792811
0.002057
0.343913
0.494583
0.818642
0.838559
0.724939
0.247198
0.720187
0.246539
0.214608
0.547128
0.678854
0.053052
0.060023
0.784171
0.859497
0.604441
0.428828
0.845316
0.728817
0.579594
0.319757
0.197995
0.418673
0.286823
0.339259
0.515631
0.169094
0.806177
0.145529
0.480994
0.745971
0.485021
0.361022
0.474891
0.848671
0.990432
0.631143
0.793444
0.014489
0.880364
0.95405
0.575169
0.753805
0.512745
0.286204
0.852248
0.596837
0.579383
0.659132
0.856003
0.731906
0.211124
0.466824
0.980298
0.554561
0.938245
0.813369
0.666023
0.349365
0.304319
0.643421
0.432561
0.798754
0.760457
0.31213
0.702729
0.49455
0.323292
0.412967
0.895352
0.359518
0.287399
0.351807
0.214618
0.544635
0.147436
0.817444
0.22558
0.598055
0.125025
0.978453
0.454575
0.822171
0.768648
0.713693
0.827365
0.100464
0.678497
0.265827
0.785872
0.956869
0.90149
0.114952
0.369552
0.364323
0.122296
0.098126
0.38489
0.992072
0.568943
0.621782
0.471019
0.662331