32 1
0
10
1
21
2
5
3
23
4
24
5
24
6
27
7
17
8
20
9
11
6
10
1
11
6
12
8
13
14
23
15
25
16
24
17
29
18
19
7
19
8
20
9
21
11
22
1
23
9
24
2
25
0
26
16
27
25
28
29
30
21
30
0
31
0.256992
0.306642
0.467096
0.927107
0.710667
0.936846
0.659971
0.007108
0.265585
0.905773
0.643446
0.981647
0.155964
0.296748
0.362368
0.326558
0.251992
0.443466
0.642298
0.311257
0.0797
0.708533
0.459017
0.556482
0.455401
0.890358
0.558745
0.923277
0.510575
0.292588
0.355443
0.522129
0.529989
0.687338
0.224495
0.658843
0.778588
0.676592
0.481828
0.991681
0.404813
0.106591
0.821504
0.212201
0.713286
0.178976
0.016877
0.159799
0.376989
0.106618
0.197679
0.764626
0.769884
0.817488
0.841155
0.420436
0.86755
0.525937
0.470597
0.718536
0.213818
0.789497
0.429466
0.127295
0.119312
0.164907
0.890573
0.990938
0.356974
0.292144
0.218771
0.823816
0.209207
0.92409
0.66735
0.897128
0.55401
0.69068
0.619458
0.831195
0.835861
0.589793
0.632508
0.921876
0.929866
0.66425
0.007754
0.104411
0.857943
0.084714
0.213519
0.230547
0.600235
0.576633
0.289418
0.207611
0.764532
0.935456
0.052806
0.13318
0.642164
0.804441
0.791189
0.719683
0.887428
0.217349
0.107291
0.615363
0.822276
0.582044
0.962997
0.795564
0.700792
0.060257
0.107742
0.784838
0.198238
0.028835
0.910761
0.890805
0.218484
0.780206
0.04798
0.285058
0.623667
0.763179
0.010399
0.326209