32 1
0
27
1
9
2
11
3
4
4
19
0
5
6
8
7
14
8
23
9
28
1
10
3
11
3
12
13
28
14
22
2
15
15
16
7
17
18
26
6
19
20
25
11
21
11
22
3
23
14
24
24
25
5
26
2
27
6
28
21
29
23
30
20
31
0.63692
0.834491
0.664949
0.425075
0.123354
0.910774
0.275958
0.224287
0.815977
0.98122
0.66016
0.62481
0.319431
0.020413
0.191798
0.58443
0.151316
0.883836
0.188145
0.522104
0.512013
0.603946
0.327434
0.873534
0.444302
0.700154
0.635911
0.117156
0.622639
0.550703
0.898604
0.880877
0.150955
0.081685
0.294592
0.986613
0.021574
0.672892
0.608514
0.646578
0.218286
0.226717
0.430642
0.095858
0.074613
0.088359
0.572979
0.397742
0.293617
0.315819
0.207283
0.411505
0.203058
0.698046
0.123933
0.948242
0.089819
0.943461
0.833295
0.680712
0.912302
0.139219
0.176315
0.252153
0.244812
0.310848
0.575631
0.028173
0.382273
0.246385
0.60663
0.985169
0.517655
0.425685
0.368244
0.784949
0.071981
0.959771
0.417918
0.313701
0.974068
0.935879
0.641934
0.018507
0.748535
0.335557
0.38828
0.158742
0.523458
0.744553
0.273011
0.938733
0.194737
0.066262
0.644364
0.849319
0.953133
0.767171
0.19965
0.977661
0.919436
0.163167
0.558786
0.555517
0.442535
0.984281
0.059622
0.627209
0.205304
0.527331
0.779741
0.246727
0.39336
0.950768
0.761481
0.572723
0.221997
0.425305
0.774061
0.820543
0.244606
0.66206
0.095003
0.023212
0.548674
0.22438
0.078912
0.729828